Temporalmotifs. build: 00:44:05, Apr 20 2018. Time: 00:44:20 [Apr 19 2018]
==========================================================================
usage: temporalmotifsmain
   -i:Input directed temporal graph file (default:'data/tp1/sx-mathoverflow-a2q-tp1.txt')
   -o:Output file in which to write counts (default:'temporal-motif-a2q-tp1.txt')
   -delta:Time window delta (default:1.32188e+09)
   -nt:Number of threads for parallelization (default:4)
1, 502042756
2, 72593903
3, 82027498
4, 5445462
7, 11592712
11, 90143609
13, 0
14, 0
16, 1031876
18, 6959386
19, 75561
21, 22015
22, 148882800
25, 37961510
27, 37059589
28, 329899
30, 225475
32, 7843748
37, 75498
40, 526063
42, 152537
44, 244637
45, 783499225
49, 217396477
50, 2
51, 598306296
54, 0
55, 0
56, 30590
60, 0
65, 550401440
66, 815366636
70, 0
71, 747488
75, 32103118
76, 427174
78, 871133455
81, 960195
83, 710037159
85, 1713588
86, 50310
88, 2067552
91, 0
92, 3174434
93, 13854661
94, 0
96, 1099802
97, 0
98, 1132257
100, 6749386
102, 8903915
107, 0
109, 18642750
110, 180121
111, 259393
118, 0
121, 859084612
126, 0
132, 393483
135, 16680222
136, 105046309
140, 0
142, 2117706
143, 215567087
146, 260373
151, 0
152, 539312
158, 1548730
164, 0
171, 0
173, 0
175, 28885677
178, 0
179, 0
180, 225480
182, 2540839
184, 150447503
200, 328457
202, 1146134
204, 0
211, 134665
213, 0
215, 0
231, 0
238, 77954007
239, 6103649
250, 12038169
256, 179599
259, 23989076
261, 415389
262, 12624773
266, 137583
269, 0
271, 9684722
272, 0
273, 215791
279, 0
284, 48646013
288, 7813816
290, -1723666534
293, 220556
296, 11701099
297, 1510655156
299, 15429199
300, 309629
302, 73950674
303, 65270561
307, 8739578
310, 61154937
312, 93088
316, 2702614
317, 475106590
318, 43494445
321, 152487483
322, 934486
323, 0
324, 4
326, 97284
327, 0
332, 19278264
333, 7161107
336, 1414404
337, 220168
339, 2
340, 6023119
342, 4309568
343, 56920506
344, 328135239
345, 6696868
346, 31715150
347, 202007
348, 103148124
349, 35400585
350, 192596504
351, 29304073
353, 51967099
354, 0
356, 600029
358, 473061
359, 23443448
360, 320854405
361, 13141003
362, 155191442
363, 366596
367, 111937
370, 60920057
371, 0
373, 2753901
375, 1354510
376, 0
377, 4282262
378, 0
379, 16439167
380, 37063163
381, 69665729
382, 419565080
385, 19018486
386, 4877679
389, 3352862
391, 273418018
392, 262268
393, 0
394, 710397234
396, 26380132
397, 8730107
398, 19080131
399, 131763
400, 0
401, 1586131
402, 53497730
404, 91701041
405, 8528250
406, 104867446
408, 2989125
410, 141066
412, 5215415
416, 155849114
417, 0
421, 0
422, 4434066
423, 310401
424, 2140171
425, 47847644
426, 3021678
428, 2580485
429, 202284353
430, 40835751
431, 426538727
434, 5525385
435, 1329945
436, 1241513
437, 144335254
438, 2585766
439, 10498515
440, 136547460
441, 39543478
445, 759600
446, 231039
447, 22905169
448, 0
450, 440012689
451, 184666057
454, 701371414
455, 0
456, 0
458, 224769
459, 0
460, 35248174
461, 48095201
462, 43173839
463, 0
466, 0
467, 2307641
468, 6941744
469, 36935851
470, 0
473, 20029793
475, 0
476, 0
477, 1192856
478, 1177085
480, 0
482, 160733
484, 9709209
488, 161587
490, 1131417
491, 1548162
492, 7718700
493, 11091546
494, 8384504
498, 28641494
507, 5041741
509, 2527016
511, 0
513, 1631736
515, 0
519, 85489743
522, 0
532, 59099554
538, 0
539, 1190556
540, 329742
550, 989193
556, 1742778
562, 0
565, 0
570, 166310
571, 204609
572, 168537
577, 49484377
580, 200700
582, 132284490
584, 0
586, 107635301
587, 173163
590, 0
597, 259389
598, 0
602, 942546
603, 0
605, 103628356
607, 709628
613, 327554984
614, 0
617, 0
618, 735097
619, 16951959
621, 180547
622, 638821193
625, 1628641
630, 27886171
634, 952887
641, 0
642, 0
643, 0
644, 2448550
648, 0
650, 565136
657, 0
658, 18806081
659, 0
660, 3664007
661, 474988
663, 2
667, 200694
668, 754686
669, 0
673, 2079820
674, 0
675, 91156798
676, 0
678, 0
679, 0
683, 36156931
685, 0
686, 0
687, 193705
689, 22352973
692, 1587082
695, 9475791
696, 0
697, 0
699, 34869559
702, 0
703, 21033291
704, 0
705, 0
707, 7215281
709, 58374871
712, 1495754
714, 0
717, 105568228
722, 0
728, 4804076
730, 0
732, 3374040
733, 228871347
734, 0
737, 200126
738, 0
744, 449533
745, 6918910
749, 408790
750, 208462145
751, 0
752, 0
756, 3409083
757, 3514378
761, 0
763, 173731694
765, 272393
766, 327155271
767, 3422151
768, 0
771, 258509
772, 0
773, 207150
774, 7919610
775, 0
778, 7565072
779, 0
781, 414831
782, 0
783, 0
784, 0
785, 1160166
788, 92070085
790, 0
791, 420922
792, 4255735
795, 0
797, 15222849
798, 46857291
799, 5725985
800, 17278813
801, 258508
802, 79828248
804, 0
805, 0
806, 64107101
807, 5633577
808, 453691
809, 0
810, 0
812, 307658096
813, 25187437
814, 444496
817, 0
818, 0
819, 214532
820, 0
823, 438491
824, 38082079
825, 3512326
826, 0
828, 479579455
835, 0
836, 1096190
837, 0
838, 1809461
839, 0
840, 4642663
845, 569656
846, 0
848, 3938634
851, 0
852, 0
855, 10119002
858, 267849
860, 0
861, 0
863, 0
865, 1206360
866, 0
868, 0
873, 0
874, 2859197
876, 0
877, 0
878, 0
880, 224765
881, 292425
885, 0
887, 674327
888, 224782
889, 231031
891, 0
892, 238367
893, 0
894, 1140591
896, 2884915
900, 231038
903, 0
908, 1816832
909, 230597
910, 907069
911, 225478
913, 141284508
914, 8440116
915, 254088
916, 11804305
917, 0
918, 226778
919, 7650380
922, 227099
923, 0
924, 0
926, 2617427
927, 1497633
928, 0
930, 53043971
931, 0
932, 24551269
934, 57141216
935, 181492080
936, 5198846
938, 0
939, 0
940, 1287901
942, 180647815
943, 334221093
944, 251901
946, 329021
947, 15408883
949, 1639366
950, 0
951, 0
955, 39733025
956, 14728109
957, 0
960, 39063185
961, 6470120
962, 462053
965, 5432957
966, 231032
968, 0
970, 1443980
972, 84477736
973, 0
975, 1674757
977, 0
979, 3832234
981, 0
983, 0
984, 3
985, 0
986, 6589204
987, 5784093
988, 462797
989, 0
992, 239941
996, 1191855
997, 6458967
1000, 1783369
1004, 33394841
1005, 0
1007, 0
1008, 0
1012, 0
1013, 240107
1015, 5013219
1017, 24689531
1018, 18008903
1019, 5189443
1020, 1548289
1021, 28977979
1023, 964340
1027, 241282
1028, 7638330
1031, 0
1034, 241343
1035, 1448235
1037, 1007591
1038, 0
1040, 38635578
1041, 0
1042, 75311144
1043, 0
1044, 102949037
1046, 1221442
1047, 292040314
1048, 21990274
1049, 24111696
1050, 84602580
1052, 0
1053, 0
1054, 253108
1055, 0
1056, 19742652
1057, 510699
1058, 0
1059, 43110681
1060, 15060864
1061, 40070625
1065, 0
1068, 1239914
1071, 0
1073, 34305039
1074, 2701309
1075, 993693
1076, 249210
1079, 66677301
1082, 0
1083, 0
1084, 10200013
1086, 996876
1090, 249227
1093, 3
1094, 1600926
1095, 40230083
1096, 6287649
1098, 153604321
1100, 412664
1101, 0
1102, 2404606
1104, 1928668
1105, 3
1106, 240365105
1107, 80891433
1109, 0
1114, 80014067
1116, 755948
1119, 61162129
1120, 286695
1121, 23441433
1123, 1089592
1124, 0
1125, 5371190
1131, 280034548
1132, 1564157
1134, 0
1137, 0
1139, 0
1142, 257649
1143, 3091572
1144, 0
1146, 972291
1148, 52254978
1149, 1525426413
1150, 1637943
1151, 0
1152, 0
1158, 258503
1159, 517026
1161, 19332492
1162, 9825742
1163, 0
1164, 0
1165, 1034503
1166, 0
1167, 0
1168, 15282665
1169, 0
1170, 258687
1171, 47337181
1172, 28914647
1173, 1069470
1175, 0
1176, 124258714
1177, 2076247
1178, 12
1179, 778161
1180, 0
1182, 2333437
1183, 0
1184, 286722
1185, 259395
1186, 18302118
1188, 0
1189, 5967672
1191, 0
1192, 0
1193, 5249918
1195, 291836
1197, 3638551
1198, 1144910
1199, 0
1200, 0
1202, 27772814
1207, 0
1214, 292418
1216, 0
1220, 3415343
1221, 0
1222, 860966
1223, 27270518
1224, 305153
1227, 4280633
1228, 12028256
1229, 44191760
1231, 7137956
1233, 108958841
1234, 148282256
1238, 17619746
1243, 2109052
1245, 81239164
1246, 21446847
1249, 794739
1250, 0
1253, 8312057
1256, 8187406
1257, 0
1258, 0
1261, 20833302
1262, 0
1265, 535789
1266, 8189083
1268, 0
1272, 1342126
1273, 0
1274, 268435
1275, 0
1276, 0
1281, 3
1291, 17511104
1292, 0
1296, 0
1299, 272391
1301, 544789
1302, 10157413
1304, 0
1305, 819656
1306, 59113556
1307, 0
1308, 0
1309, 0
1310, 77358201
1313, 546473
1319, 273292
1320, 43647726
1321, 273320
1322, 1366510
1326, 273691
1327, 733216
1328, 547387
1329, 0
1330, 273695
1335, 102142290
1337, 273696
1338, 0
1340, 14021961
1343, 0
1345, 338355377
1347, 0
1351, 0
1353, 928012267
1354, 14321214
1355, 217442652
1358, 311891705
1360, 0
1363, 1143748
1364, 0
1365, 0
1366, 285900
1369, 2017982
1374, 571862
1377, 465442
1378, 450634
1384, 535887696
1386, 857891
1387, 0
1388, 0
1389, 3145434
1392, 23706764
1393, 0
1394, 0
1400, 5174199
1401, 0
1403, 286679
1404, 573385
1406, 2648361
1407, 30957609
1409, 1363260011
1411, 534456
1421, 0
1423, 0
1429, 0
1430, 0
1436, 0
1437, 11507670
1441, 455967250
1442, 1148314
1443, 0
1445, 1435423
1446, 36354143
1447, 2892971
1448, 0
1450, 905970871
1453, 0
1455, 3758374
1456, 0
1459, 1635648693
1460, 291837
1462, 4340085
1463, 140311065
1464, 426091213
1465, 459078253
1467, 944369
1468, 6811650
1469, 873860
1470, 0
1471, 0
1472, 0
1473, 0
1474, 4055503
1475, 0
1476, 0
1477, 0
1478, 6750037
1480, 0
1481, 10434987
1483, 54776748
1488, 583735
1492, 28039382
1494, 0
1496, 0
1501, 292231
1507, 0
1508, 32411963
1509, 0
1513, 0
1516, 1396320
1518, 0
1519, 0
1521, 20775266
1524, 0
1525, 292423
1526, 0
1528, 27888312
1529, 0
1530, 0
1531, 0
1532, 915989344
1533, 0
1535, 0
1536, 11866301
1537, 1364663
1538, 296709
1539, 5847729
1540, 46251885
1541, 1186850
1544, 296710
1546, 5009564
1547, 93320414
1551, 0
1552, 890165
1553, 0
1555, 297051
1556, 1713101
1557, 21794848
1558, 298849
1559, 0
1564, 1816713
1566, 0
1568, 4827204
1570, 897404
1573, 147824494
1574, 2937747
1577, 0
1579, 299158
1580, 299348
1583, 0
1585, 299349
1587, 925782746
1589, 12838773
1590, 42452902
1591, 0
1592, 2678242
1593, 58463086
1594, 5358726
1595, 901736
1599, 0
1606, 0
1607, 0
1610, 117598424
1612, 6858548
1618, 34383590
1619, 12346947
1621, 0
1622, 37870366
1623, 1512615
1626, 302527
1627, 309637
1629, 0
1631, 31013878
1634, 0
1636, 42564768
1640, 0
1641, 302791
1643, 6835488
1644, 303762
1645, 14392295
1646, 3203438
1647, 1519030
1648, 73827176
1649, 1828818
1650, 109885111
1651, 21711459
1653, 610336
1654, 0
1655, 0
1656, 0
1657, 121420183
1661, 0
1662, 8631642
1663, 610325
1664, 3
1666, 0
1667, 1
1668, 0
1669, 1199610
1671, 0
1672, 17814425
1673, 0
1674, 32519688
1676, 2529316
1681, 1808118
1682, 0
1684, 0
1686, 0
1688, 7145410
1690, 0
1691, 0
1692, 0
1697, 0
1698, 26036275
1700, 0
1701, 0
1702, 0
1703, 38697839
1704, 1858061
1706, 0
1708, 35183848
1709, 4026126
1710, 4588254
1711, 0
1713, 309715
1714, 0
1715, 2339901
1716, 619444
1717, 0
1720, 0
1722, 309739
1724, 9898180
1729, 929445
1730, 309819
1731, 0
1733, 0
1734, 0
1735, 0
1737, 14801924
1740, 929463
1743, 0
1745, 940569
1747, 1550881
1748, 0
1756, 311845
1761, 0
1762, 0
1763, 5638335
1765, 0
1767, 311927
1768, 311926
1770, 625943
1772, 938166
1776, 0
1777, 606265
1778, 1196209
1779, 0
1780, 0
1781, 0
1782, 0
1783, 593145
1784, 93970653
1785, 0
1786, 0
1790, 698226
1791, 0
1792, 313101
1793, 0
1794, 0
1796, 0
1797, 28994281
1799, 5435426
1800, 323420
1805, 0
1809, 0
1810, 0
1811, 4
1816, 0
1821, 0
1822, 4075356
1823, 0
1825, 627035
1826, 116720945
1827, 0
1828, 1057342
1831, 0
1832, 41646945
1835, 876049
1837, 3452689
1840, 23358939
1841, 27062937
1842, 943378
1844, 0
1846, 0
1847, 572427641
1849, 64919430
1851, 207681894
1852, 0
1855, 2227131
1856, 0
1857, 0
1858, 0
1859, 1
1862, 318486
1864, 318650
1865, 0
1866, 17623207
1867, 10840122
1870, 318994
1871, 0
1874, 5179822
1875, 0
1876, 1408603
1877, 11286880
1878, 41912770
1879, 0
1881, 0
1884, 639349
1886, 1598401
1887, 30895410
1888, 5974052
1889, 0
1890, 0
1894, 523935
1898, 19334955
1899, 0
1901, 320972
1902, 12486125
1907, 0
1909, 0
1911, 0
1915, 323111
1916, 261090925
1919, 0
1921, 6540178
1924, 341124
1927, 3197520
1928, 646295
1930, 8755463
1933, 794778
1937, 2908598
1938, 0
1939, 3716536
1944, 323187
1946, 1394782702
1947, 12842950
1948, 0
1949, 0
1950, 0
1953, 655769
1954, 0
1956, 1009014
1958, 0
1960, 0
1961, 2
1962, 0
1963, 324206
1964, 0
1966, 324207
1967, 324222
1969, 1296866
1970, 0
1972, 0
1974, 0
1976, 0
1977, 22744911
1979, 324224
1980, 0
1981, 0
1982, 13655739
1983, 0
1984, 0
1985, 83702507
1987, 0
1988, 650001
1990, 0
1992, 4174253
1993, 26596016
1997, 2427116
1998, 0
2000, 423775215
2003, 10100535
2004, 983832
2008, 13732368
2011, 50765303
2013, 2346371
2014, 0
2015, 0
2019, 0
2023, 0
2024, 101544460
2026, 0
2028, 0
2029, 7030231
2031, 14526798
2033, 0
2034, 0
2035, 8243586
2036, 11612876
2039, 22704606
2040, 12766906
2042, 17838463
2043, 54327935
2044, 329001
2045, 2303083
2046, 8882182
2047, 5583644
2048, 2
2051, 436288784
2052, 3137324
2055, 12
2056, 0
2058, 1006117
2060, 57684544
2063, 0
2065, 0
2074, 0
2078, 0
2080, 0
2081, 5293324
2082, 25865107
2083, 505414030
2085, 0
2089, 16403856
2093, 338913
2095, 15966941
2096, 336726
2097, 46641822
2099, 1012968
2100, 0
2102, 0
2104, 0
2106, 96109558
2109, 0
2110, 677801
2111, 0
2112, 0
2113, 0
2114, 0
2117, 0
2119, 0
2120, 2033462
2121, 0
2122, 1017504
2123, 13913047
2124, 0
2128, 0
2129, 0
2130, 0
2132, 0
2133, 0
2134, 0
2140, 0
2143, 2061610
2146, 21544318
2147, 7545420
2148, 349110
2149, 114714198
2156, 0
2158, 6526586
2160, 6481258
2162, 21415435
2164, 7822734
2165, 5225271
2166, 343588
2170, 0
2171, 0
2172, 0
2176, 1374750
2177, 1814151
2181, 348320
2182, 0
2183, 565732
2185, 972826
2186, 348322
2189, 13801185
2191, 131623115
2192, 45046315
2196, 16849085
2197, 0
2200, 0
2201, 0
2204, 0
2205, 1396403
2206, 3612869
2208, 0
2209, 0
2215, 7682104
2216, 0
2217, 0
2218, 0
2220, 0
2223, 349249
2224, 0
2225, 582733
2226, 0
2229, 349239
2231, 1084097
2232, 0
2233, 512801297
2234, 15582834
2235, 698489
2238, 0
2240, 0
2242, 1103348
2245, 0
2246, 1211691
2258, 2459430
2259, 352453
2260, 27917883
2264, 136561599
2265, 0
2266, 58217250
2267, 699733
2269, 0
2273, 44465341
2274, 1399454
2275, 9691069
2282, 1052890
2284, 50827396
2285, 0
2286, 0
2287, 0
2289, 0
2290, 277542029
2292, 0
2293, 0
2294, 121179894
2300, 2531496
2305, 1052896
2308, 1446439
2309, 0
2310, 5242139
2311, 0
2312, 7
2317, 0
2318, 15234459
2320, 0
2322, 0
2326, 0
2327, 837952
2328, 0
2329, 0
2330, 91017405
2331, 0
2333, 0
2335, 0
2340, 0
2341, 0
2344, 26407611
2345, 0
2347, 352451
2348, 50144992
2349, 481281200
2355, 0
2356, 121811701
2357, 0
2360, 2005007
2361, 76462169
2362, 14339825
2363, 40615737
2364, 0
2368, 6344650
2370, 0
2376, 0
2377, 3596971
2380, 1069482
2381, 3565175
2382, 0
2383, 19272693
2384, 812953635
2386, 72024513
2387, 0
2389, 214761185
2391, 35602401
2392, 0
2394, 1804241
2396, 359186
2402, 0
2404, 1387967
2409, 0
2410, 361020
2415, 0
2416, 0
2418, 0
2421, 361008
2436, 13147404
2446, 0
2447, 361265
2451, 0
2454, 361267
2455, 0
2458, 0
2460, 0
2464, 1014729
2467, 24577057
2468, 0
2473, 1806525
2474, 0
2476, 0
2480, 6230432
2481, 47561846
2482, 3613183
2486, 0
2489, 1084034
2490, 1806784
2493, 361362
2496, 0
2497, 34186835
2498, 4336543
2500, 0
2501, 0
2502, 1731869
2503, 5878682
2508, 36704287
2509, 0
2510, 71533175
2512, 0
2513, 0
2514, 0
2515, 723224
2523, 0
2525, 3832716
2530, 413804269
2532, 5027061
2533, 7472849
2536, 3341339
2541, 0
2544, 0
2546, 0
2547, 0
2549, 0
2551, 366606
2552, 447866
2554, 177266772
2555, 9737630
2557, 366971
2559, 0
2560, 0
2562, 27278158
2565, 4822649
2566, 366978
2567, 0
2568, 0
2569, 735425
2570, 0
2575, 29450506
2576, 895181
2578, 6206747
2579, 367160
2582, 0
2586, 734325
2588, 368073
2589, 367164
2592, 2254417
2594, 6744252
2596, 0
2597, 6985438
2599, 13263576
2600, 0
2602, 543077
2604, 5459149
2605, 0
2610, 0
2611, 735582
2612, 34392288
2613, 0
2614, 368072
2615, 3963732
2616, 1847980
2618, 21100191
2619, 0
2620, 71584648
2621, 4314192
2622, 23505433
2623, 71259266
2625, 97143558
2626, 0
2627, 17032389
2628, 6678204
2629, 0
2630, 0
2631, 60128292
2633, 0
2634, 0
2636, 0
2637, 0
2638, 0
2639, 0
2640, 0
2641, 475545
2642, 22301923
2644, 4577207
2647, 0
2648, 742273
2649, 371139
2653, 21118634
2655, 0
2657, 0
2659, 0
2660, 0
2663, 0
2664, 4351849
2665, 20576932
2666, 21000192
2669, 30005222
2671, 0
2672, 467223943
2673, 0
2674, 0
2675, 0
2676, 0
2677, 455333
2678, 137522639
2682, 0
2683, 0
2684, 0
2688, 0
2689, 10850946
2691, 0
2693, 797577
2695, 0
2698, 2997342
2699, 1185450
2701, 59205282
2702, 784645
2705, 1240715
2707, 0
2711, 0
2714, 6985429
2720, 34446513
2730, 392329
2731, 1176985
2733, 3559841
2734, 41837389
2735, 0
2737, 786675
2738, 392927
2739, 0
2741, 786543
2743, 0
2747, 0
2750, 393273
2755, 393331
2756, 0
2757, 175821861
2758, 0
2760, 1180002
2763, 3519232
2764, 0
2766, 0
2770, 0
2771, 0
2779, 0
2781, 1102107
2783, 0
2784, 238029644
2785, 2765979
2788, 2674400
2791, 0
2795, 1975779
2796, 0
2797, 8700180
2802, 0
2803, 0
2804, 0
2805, 2768486
2807, 428719291
2811, 27830947
2813, 0
2814, 8312624
2816, 0
2817, 0
2818, 0
2819, 8431934
2821, 166418104
2822, 0
2823, 43019393
2826, 0
2828, 0
2833, 7232495
2836, 4386808
2837, 253451658
2839, 0
2841, 1092343551
2855, 0
2856, 0
2857, 7682343
2858, 0
2862, 0
2865, 3671722
2866, 443201
2868, 2021769
2869, 0
2870, 0
2871, 404756
2872, 0
2873, 406483
2874, 591678081
2876, 1257371
2877, 0
2878, 1625949
2879, 0
2881, 0
2883, 3294517
2884, 2033466
2888, 15049139
2891, 813537
2893, 2163837
2898, 0
2899, 439368
2900, 13717441
2901, 0
2902, 1270804
2903, 8554393
2906, 62520026
2907, 7310298
2908, 0
2910, 0
2912, 14077195
2913, 0
2915, 1629732
2917, 0
2918, 0
2923, 0
2926, 377531958
2929, 2447184
2930, 0
2932, 0
2933, 407980
2935, 0
2938, 478020639
2943, 0
2944, 2933614
2945, 0
2947, 1676384
2951, 0
2953, 0
2954, 166152869
2955, 419100
2968, 19483550
2971, 0
2972, 878777
2973, 511682
2974, 419240
2976, 0
2978, 0
2982, 0
2985, 1931615
2987, 0
2988, 0
2989, 844813
2991, 419242
3000, 864954
3003, 0
3005, 69234052
3007, 0
3010, 0
3011, 839819
3012, 0
3014, 0
3017, 419269
3018, 0
3023, 839836
3024, 0
3026, 0
3027, 1676131
3028, 5929263
3029, 1931642
3031, 456920
3032, 34259693
3035, 420231
3038, 0
3040, 248059592
3041, 24120942
3045, 0
3046, 2954610
3049, 21004006
3051, 0
3052, 422307
3054, 0
3056, 1266903
3058, 0
3061, 0
3062, 422303
3063, 12957827
3065, 8396421
3067, 0
3071, 0
3072, 0
3074, 0
3075, 0
3077, 9522234
3078, 423604
3084, 0
3091, 0
3092, 847215
3094, 0
3096, 3075033
3097, 0
3102, 0
3103, 0
3106, 916272968
3108, 47736465
3109, 857274
3114, 0
3116, 0
3118, 11329391
3121, 34384030
3122, 0
3124, 44779153
3132, 26339528
3138, 0
3139, 1294417
3142, 6042702
3143, 14445544
3147, 1726304
3149, 10411056
3154, 47834935
3156, 9409711
3157, 0
3160, 880458
3161, 432154
3168, 6165161
3170, 0
3172, 0
3180, 0
3183, 5356189
3186, 10641642
3190, 0
3193, 1102861
3195, 864959
3199, 27233688
3200, 865821
3202, 1298874
3204, 432956
3205, 0
3206, 19055857
3208, 3
3210, 0
3213, 0
3214, 0
3231, 0
3233, 10931588
3237, 1351239
3238, 82435296
3240, 0
3244, 0
3246, 867641
3247, 437872
3248, 18148925
3253, 0
3261, 12152848
3264, 1301486
3267, 0
3268, 0
3272, 337963902
3275, 0
3280, 32345983
3281, 0
3282, 13119712
3283, 0
3285, 6
3286, 0
3287, 0
3288, 0
3289, 437600
3290, 437595
3291, 0
3292, 0
3293, 1313274
3298, 0
3299, 0
3301, 2188727
3303, 0
3304, 35052926
3308, 970723
3310, 0
3313, 875521
3314, 2626737
3315, 4377752
3316, 875527
3317, 437766
3318, 2322388
3319, 437767
3323, 0
3324, 288827976
3326, 0
3327, 875736
3329, 21316323
3330, 0
3331, 0
3332, 0
3333, 0
3338, 6523126
3341, 437944
3343, 0
3345, 0
3346, 4043472
3349, 599811
3350, 5
3355, 0
3356, 4083296
3357, 605963
3358, 0
3361, 438026
3365, 3504313
3366, 0
3369, 876095
3370, 438756
3372, 1755048
3373, 0
3375, 14495130
3376, 878574
3377, 5661687
3380, 70604582
3382, 0
3384, 19701257
3387, 0
3394, 3038901
3396, 3953834
3397, 0
3398, 439328
3400, 12821370
3401, 43957478
3402, 142576718
3405, 0
3407, 0
3409, 5284340
3410, 1757489
3413, 439388
3414, 0
3416, 0
3417, 0
3421, 0
3424, 0
3425, 0
3427, 0
3428, 0
3431, 0
3432, 0
3438, 0
3441, 4916562
3444, 0
3446, 1319152
3447, 0
3448, 11221911
3449, 0
3453, 0
3454, 0
3457, 0
3458, 0
3460, 0
3461, 439722
3462, 2925112
3465, 7330424
3467, 439812
3468, 0
3470, 1
3472, 4398211
3473, 39458380
3474, 0
3475, 3961885
3477, 880431
3478, 445227
3479, 0
3484, 0
3485, 44579810
3489, 0
3491, 0
3492, 0
3493, 4569955
3494, 0
3496, 0
3497, 0
3498, 0
3499, 880859
3500, 0
3502, 63836630
3503, 447393798
3508, 0
3509, 88773673
3510, 0
3512, 0
3513, 17530697
3514, 886622
3517, 443495
3518, 443313
3519, 0
3521, 130758429
3525, 1776750
3528, 17293268
3529, 0
3532, 15968172
3533, 0
3534, 0
3536, 0
3537, 88639005
3538, 0
3539, 0
3543, 0
3544, 23109885
3545, 112234965
3546, 204551303
3547, 445213
3548, 0
3550, 0
3551, 3116521
3552, 0
3553, 0
3554, 7638947
3556, 2826892
3557, 30270231
3560, 459189
3562, 445563
3564, 0
3565, 0
3566, 1331057
3568, 8099256
3569, 0
3572, 0
3574, 0
3575, 0
3577, 0
3578, 797493
3579, 448101
3580, 445727
3582, 445738
3585, 0
3587, 0
3588, 0
3589, 9472592
3590, 0
3592, 0
3593, 582794
3596, 0
3597, 0
3598, 0
3602, 5361974
3603, 2674631
3605, 0
3609, 30917389
3610, 0
3611, 1337365
3613, 2228911
3615, 4012171
3619, 0
3620, 0
3621, 101630551
3623, 71201986
3625, 0
3627, 0
3628, 446850
3629, 1342761
3632, 0
3634, 113212436
3635, 58472995
3637, 6266535
3639, 10745825
3640, 0
3641, 1798673
3642, 1202763
3645, 0
3646, 1792702
3647, 0
3648, 0
3649, 448817
3650, 1344537
3651, 899127
3655, 0
3657, 0
3659, 21904012
3664, 5684049
3669, 0
3671, 0
3675, 0
3676, 16635219
3680, 21519040
3681, 0
3682, 1344602
3683, 448196
3684, 645264779
3685, 448792
3687, 0
3690, 0
3692, 1348684
3696, 31293510
3697, 0
3698, 4235999
3700, 0
3701, 42981704
3703, 0
3705, 0
3708, 2247751
3709, 45434811
3710, 84841200
3711, 60989567
3713, 0
3716, 0
3721, 449562
3723, 20136206
3725, 1348670
3734, 0
3736, 10863944
3737, 3676284
3738, 0
3753, 19888072
3754, 0
3755, 86194913
3756, 0
3757, 59087580
3759, 10976871
3760, 0
3762, 0
3763, 0
3766, 0
3770, 0
3775, 0
3776, 0
3777, 6757707
3779, 2703360
3782, 0
3785, 0
3786, 0
3787, 900831
3788, 0
3790, 0
3792, 0
3794, 3
3795, 0
3796, 0
3801, 0
3803, 13377989
3804, 450624
3806, 1802520
3808, 0
3810, 0
3811, 229063578
3812, 0
3816, 9331562
3818, 111120667
3819, 0
3822, 5351218
3824, 0
3825, 0
3826, 906891
3827, 0
3828, 0
3829, 0
3831, 565735
3832, 454804
3833, 0
3836, 0
3837, 3282103
3838, 907006
3839, 0
3840, 6
3842, 0
3843, 0
3844, 907169
3845, 0
3846, 455848
3847, 14414666
3848, 2672263
3849, 2564556
3851, 0
3854, 0
3855, 453585
3856, 0
3857, 0
3859, 68840818
3860, 1364432
3863, 0
3866, 0
3867, 0
3871, 0
3872, 1819460
3873, 0
3874, 15928085
3875, 0
3876, 1364642
3879, 0
3882, 454897
3885, 454895
3886, 0
3887, 2747339
3888, 3187184
3889, 0
3891, 57291636
3895, 455320
3896, 3371230
3897, 455322
3898, 1366903
3899, 1365983
3900, 0
3901, 93997917
3902, 32128834
3903, 911277
3905, 0
3907, 0
3909, 12308457
3912, 3442287
3913, 0
3916, 2284180
3917, 0
3918, 0
3919, 1805706
3920, 471262
3922, 18694795
3923, 912133
3926, 4523620
3927, 98252821
3928, 496064
3929, 462653
3931, 17466315
3935, 0
3936, 0
3937, 4266720
3939, 456919
3940, 0
3944, 0
3945, 26364544
3948, 212125163
3949, 0
3950, 456921
3951, 0
3952, 2746291
3955, 457720
3956, 0
3958, 69164830
3959, 19693841
3960, 3204089
3965, 0
3967, 0
3969, 176361746
3970, 0
3974, 0
3975, 464472
3976, 465439
3977, 918355
3981, 1113797
3983, 94631306
3985, 0
3987, 1378568
3988, 8816102
3990, 459525
3992, 209839419
3993, 266390609
3995, 12271270
3996, 172447222
4000, 462661
4002, 43748513
4003, 0
4005, 472456
4007, 0
4008, 335808114
4011, 18576647
4013, 0
4015, 0
4016, 928937
4017, 492276
4019, 0
4020, 3439250
4023, 464479
4024, 0
4027, 488198
4031, 929263
4033, 0
4034, 0
4035, 7048925
4036, 0
4037, 1610159
4040, 143142967
4041, 0
4042, 206087976
4043, 1866400
4045, 466603
4046, 16698389
4047, 1137617
4048, 4178955
4049, 0
4053, 34351262
4054, 30956954
4055, 4201400
4056, 0
4057, 0
4058, 0
4059, 0
4061, 4148045
4063, 0
4064, 0
4067, 0
4069, 939788
4070, 0
4073, 0
4074, 469948
4076, 3799955
4078, 25256508
4079, 0
4080, 0
4084, 469949
4085, 10939600
4086, 41973709
4087, 45988710
4089, 0
4091, 0
4092, 2824925
4093, 0
4094, 0
4095, 0
4096, 13654765
4097, 941653
4099, 0
4100, 6608077
4101, 0
4102, 0
4103, 0
4105, 941809
4106, 5159040
4108, 470907
4110, 470908
4111, 17043011
4112, 0
4114, 471205
4115, 0
4117, 601631
4118, 5364340
4119, 0
4120, 471241
4126, 4241104
4128, 0
4129, 1194017
4130, 0
4133, 11801813
4135, 1413810
4137, 1178964
4138, 0
4139, 0
4140, 1413820
4144, 164643331
4145, 0
4149, 31427313
4153, 0
4155, 7560461
4158, 2887316
4160, 472141
4162, 475475
4164, 1109689
4165, 594552
4167, 1622624
4170, 3305038
4171, 2922560
4173, 0
4175, 0
4176, 944364
4177, 368166201
4178, 0
4180, 10564974
4181, 1417386
4182, 0
4183, 95119679
4186, 0
4188, 0
4189, 0
4192, 2
4194, 11052971
4197, 6616251
4198, 35463777
4199, 0
4200, 472626
4201, 0
4204, 1419035
4205, 0
4213, 266547863
4217, 0
4218, 0
4220, 0
4221, 1572417
4222, 0
4226, 0
4231, 489452524
4232, 0
4233, 0
4234, 0
4235, 5266945
4239, 2370234
4241, 2844361
4243, 0
4245, 2370265
4246, 30170644
4247, 0
4248, 21611167
4249, 0
4250, 6265104
4252, 948373
4257, 0
4261, 2
4262, 46844526
4265, 0
4266, 0
4267, 2841791
4268, 0
4269, 0
4272, 0
4274, 0
4275, 5696857
4276, 0
4277, 0
4279, 7122199
4280, 0
4281, 92175704
4282, 0
4286, 0
4287, 0
4288, 0
4290, 546861
4291, 6174538
4298, 40789574
4300, 0
4302, 475474
4304, 40207932
4311, 0
4312, 317049265
4313, 482819
4315, 0
4317, 513904
4320, 1159363
4321, 0
4322, 0
4324, 0
4325, 7608471
4327, 1426650
4330, 0
4331, 0
4333, 118994954
4335, 0
4336, 41655230
4338, 954419
4340, 477296
4342, 0
4344, 40188839
4345, 6422862
4346, 0
4347, 0
4348, 477398
4350, 0
4351, 11847614
4354, 283435806
4355, 479113
4356, 0
4357, 0
4358, 0
4361, 58021274
4362, 473980204
4363, 0
4364, 0
4366, 16870190
4367, 37480557
4371, 0
4373, 0
4377, 963841
4379, 481922
4380, 0
4384, 6265440
4389, 481938
4391, 0
4392, 0
4394, 0
4397, 0
4398, 1447285
4399, 3582561
4400, 46665591
4401, 488257
4402, 3709078
4404, 0
4405, 1929119
4407, 0
4408, 482284
4409, 482282
4412, 0
4415, 2411443
4416, 14148630
4417, 0
4419, 965341
4420, 964845
4421, 482428
4423, 65926352
4424, 0
4426, 0
4428, 78251908
4430, 3
4433, 2872010
4436, 0
4437, 13280168
4438, 482863
4445, 0
4446, 0
4453, 0
4454, 0
4461, 0
4463, 10884767
4466, 7243221
4475, 0
4476, 0
4477, 6809452
4479, 0
4481, 482913
4486, 0
4488, 3380446
4489, 0
4490, 3
4491, 0
4494, 0
4499, 0
4500, 10573740
4503, 3380627
4507, 0
4513, 0
4514, 0
4515, 0
4517, 2485232
4520, 7081930
4524, 966665
4526, 1640537
4527, 483331
4528, 220593046
4534, 0
4535, 0
4536, 0
4537, 0
4538, 1456130
4540, 0
4541, 0
4542, 2912316
4543, 0
4544, 970821
4545, 1456200
4547, 0
4548, 0
4549, 0
4553, 970817
4554, 0
4555, 0
4556, 253427879
4557, 0
4558, 93763521
4561, 1
4563, 534465
4566, 0
4568, 1949940
4569, 0
4571, 0
4572, 21047924
4575, 0
4576, 0
4580, 23315970
4581, 0
4582, 0
4586, 972287
4588, 0
4591, 0
4594, 972711
4598, 0
4600, 32714994
4606, 10167730
4607, 0
4608, 0
4614, 5350818
4615, 0
4619, 8587470
4620, 0
4621, 972843
4622, 38412263
4624, 0
4625, 7297246
4626, 5
4635, 0
4636, 973359
4637, 1460057
4638, 486845
4639, 40440052
4640, 0
4641, 0
4642, 35309451
4643, 2925191
4644, 0
4645, 0
4648, 0
4649, 1947390
4650, 0
4653, 19654967
4654, 0
4655, 0
4658, 17238344
4659, 7793154
4660, 1076597
4661, 25298082
4664, 0
4668, 0
4669, 5
4671, 4872782
4672, 21443774
4673, 1462551
4675, 0
4676, 7434437
4677, 3412391
4678, 3121419
4681, 0
4682, 487446
4683, 0
4685, 4130854
4692, 269236189
4693, 0
4694, 0
4696, 2765894
4697, 0
4698, 4387878
4700, 0
4701, 2110667
4706, 56553534
4707, 73592379
4709, 1508074
4710, 0
4714, 0
4716, 992463
4717, 0
4718, 0
4720, 11780405
4721, 737422017
4725, 0
4728, 0
4730, 488247
4731, 0
4732, 0
4733, 976503
4734, 0
4737, 0
4738, 0
4740, 0
4741, 488252
4742, 0
4745, 24435832
4746, 0
4747, 2953681
4750, 0
4751, 0
4753, 27496239
4755, 0
4756, 0
4757, 985455
4758, 1478193
4759, 2956425
4760, 8220766
4761, 0
4762, 0
4763, 492742
4766, 0
4767, 2043147
4770, 2956513
4773, 0
4778, 1526769
4782, 44819527
4783, 6901654
4786, 0
4790, 249786144
4793, 0
4794, 3472411
4796, 0
4797, 0
4799, 496063
4800, 31122073
4801, 0
4803, 0
4804, 0
4805, 496230
4806, 2
4807, 1488727
4811, 0
4812, 1488706
4814, 1207620
4817, 0
4820, 0
4821, 22442318
4822, 0
4823, 0
4826, 497055
4827, 0
4828, 0
4831, 0
4832, 132281839
4833, 2
4837, 497663
4842, 12660990
4853, 0
4854, 4483599
4856, 0
4863, 4483418
4872, 47571675
4875, 497664
4877, 0
4890, 27761500
4891, 7967993
4893, 5479568
4894, 516621
4896, 0
4903, 7501961
4904, 0
4907, 0
4910, 48413404
4912, 0
4915, 6025267
4922, 0
4923, 82765617
4924, 0
4925, 12287907
4927, 0
4928, 39899029
4933, 0
4934, 0
4947, 0
4948, 997612
4949, 2
4953, 395793405
4954, 0
4959, 5044444
4960, 0
4961, 160380367
4963, 0
4964, 502059
4965, 0
4968, 1004121
4971, 17623472
4972, 502062
4974, 3514633
4975, 1506198
4976, 0
4977, 2510390
4985, 0
4987, 6381686
4989, 1004379
4990, 0
4991, 68336908
4992, 0
4994, 10569049
4996, 0
5000, 4198585
5001, 6618836
5002, 1081280
5005, 3518758
5010, 29355096
5012, 0
5015, 10674326
5016, 0
5017, 3595556
5018, 1013225
5023, 0
5029, 551414
5031, 4223565
5033, 0
5034, 38507516
5036, 1004375
5040, 0
5043, 0
5044, 0
5045, 2515407
5048, 596606
5052, 0
5059, 503304
5062, 0
5066, 0
5068, 6039849
5069, 1526765
5070, 0
5072, 22811805
5080, 15580053
5081, 7068986
5082, 6114028
5086, 0
5087, 0
5089, 0
5090, 0
5091, 10216686
5092, 0
5093, 2522770
5094, 306917778
5096, 0
5097, 0
5098, 0
5100, 6586138
5101, 30710932
5106, 0
5107, 0
5108, 506614
5110, 0
5112, 1519848
5113, 0
5115, 0
5116, 0
5121, 0
5122, 0
5124, 5074826
5126, 0
5135, 0
5136, 6320020
5138, 0
5142, 0
5144, 506926
5147, 7373632
5148, 0
5150, 0
5152, 0
5153, 506927
5154, 0
5165, 506957
5170, 0
5174, 0
5175, 34624976
5177, 1818417
5178, 0
5179, 0
5180, 0
5181, 0
5184, 0
5187, 507473
5196, 2029983
5197, 3559197
5199, 5663522
5200, 7651761
5202, 0
5210, 11205639
5212, 507555
5213, 0
5214, 0
5217, 5075627
5218, 0
5219, 0
5220, 0
5223, 507668
5227, 507570
5228, 0
5229, 76678471
5230, 0
5231, 0
5232, 1015210
5239, 1622668
5244, 0
5246, 0
5250, 507667
5251, 2030819
5253, 0
5254, 1015341
5258, 0
5259, 72220758
5260, 2541301
5261, 0
5263, 1
5265, 0
5267, 8653782
5268, 509096
5273, 2545609
5274, 7170213
5275, 0
5279, 3054610
5281, 2036550
5282, 1018254
5284, 0
5285, 509109
5286, 8226925
5287, 4095100
5288, 0
5292, 86895618
5295, 1721435
5296, 1018268
5297, 0
5301, 147573615
5304, 8749549
5305, 0
5309, 170169916
5310, 1814976
5312, 11246400
5313, 0
5314, 0
5315, 0
5316, 2555177
5319, 0
5323, 25330802
5328, 588574
5329, 1022329
5334, 0
5337, 142743910
5338, 511687
5339, 0
5340, 9216177
5342, 511689
5344, 512115
5357, 2
5360, 2638295
5363, 5
5365, 8700109
5371, 281105474
5372, 21518388
5373, 6142482
5375, 585053
5377, 0
5378, 8786751
5380, 0
5381, 0
5383, 0
5387, 26061159
5392, 0
5393, 0
5394, 512114
5395, 7417836
5398, 0
5399, 2084484
5403, 0
5405, 0
5407, 0
5412, 0
5413, 606974
5414, 0
5415, 512168
5417, 0
5419, 0
5420, 41495928
5428, 535305
5429, 0
5431, 19488653
5432, 0
5433, 0
5434, 0
5440, 0
5441, 0
5442, 97093717
5443, 1025934
5448, 0
5450, 3975048
5453, 514682
5461, 0
5462, 0
5463, 0
5464, 1542516
5466, 0
5469, 0
5473, 2570982
5477, 0
5480, 18519936
5482, 3642467
5483, 514202
5484, 12117680
5486, 0
5487, 0
5490, 0
5493, 0
5495, 0
5496, 0
5498, 14924390
5499, 5661421
5506, 42030471
5513, 44214178
5516, 1603382
5519, 515027
5523, 0
5524, 0
5526, 0
5531, 0
5534, 7193677
5535, 0
5536, 0
5537, 0
5538, 1630577
5539, 1550686
5542, 2060316
5543, 0
5544, 0
5545, 0
5546, 0
5547, 0
5548, 0
5550, 5378574
5551, 0
5553, 522839
5555, 515094
5557, 0
5562, 515095
5563, 0
5564, 0
5566, 6696666
5567, 1030539
5572, 15107781
5575, 21785133
5577, 0
5579, 0
5580, 0
5583, 17111780
5584, 0
5585, 14536583
5587, 1783515
5593, 0
5597, 516881
5598, 0
5601, 1033630
5604, 0
5605, 0
5607, 0
5609, 6717406
5610, 0
5611, 1033392
5613, 0
5619, 0
5621, 4651273
5622, 516740
5626, 1033475
5627, 224170180
5628, 13236490
5631, 0
5632, 0
5633, 516813
5637, 0
5639, 0
5640, 2067552
5641, 0
5643, 0
5644, 0
5646, 0
5650, 0
5651, 516817
5652, 0
5653, 0
5654, 0
5656, 6687217
5659, 2067300
5660, 1033649
5661, 0
5667, 0
5672, 0
5674, 0
5675, 0
5678, 516892
5679, 0
5681, 0
5682, 0
5683, 0
5684, 0
5688, 0
5689, 0
5690, 353157530
5692, 0
5696, 0
5698, 0
5700, 2068016
5701, 28156893
5702, 0
5705, 522685
5706, 3703218
5708, 6546414
5709, 42
5710, 0
5712, 18897551
5714, 4841721
5715, 0
5716, 0
5718, 0
5720, 0
5723, 1066521
5724, 0
5725, 0
5728, 0
5730, 8073774
5731, 0
5732, 16929314
5733, 0
5734, 2247071
5735, 2605630
5736, 529048
5737, 0
5738, 596823
5739, 0
5740, 298565749
5743, 5376188
5744, 23550272
5750, 1190090
5751, 11636928
5753, 31905450
5756, 181343225
5758, 0
5761, 1602819
5762, 0
5764, 3143857
5766, 0
5768, 1047975
5771, 247974
5773, 529010
5775, 12895685
5780, 0
5783, 0
5784, 9481726
5785, 0
5787, 1419180
5789, 1612079
5790, 548210
5792, 0
5793, 0
5794, 1048430
5795, 1627979
5800, 1048488
5801, 14115679
5802, 3145398
5807, 0
5809, 0
5810, 276203209
5815, 0
5821, 0
5822, 0
5823, 526536
5825, 0
5827, 0
5830, 1579940
5831, 597047
5837, 0
5838, 0
5839, 0
5840, 0
5841, 1147360
5842, 0
5844, 0
5845, 0
5846, 0
5849, 16724284
5850, 0
5851, 0
5852, 0
5857, 0
5860, 12640185
5869, 61504427
5873, 1758453
5875, 0
5880, 0
5883, 547183
5884, 0
5887, 0
5890, 0
5891, 0
5893, 0
5896, 586894
5897, 0
5899, 0
5900, 606458
5901, 1054543
5903, 59278989
5906, 0
5907, 0
5908, 534495
5912, 0
5914, 0
5917, 38338043
5922, 0
5923, 0
5924, 0
5925, 0
5926, 0
5931, 0
5934, 0
5935, 0
5937, 0
5938, 0
5943, 0
5944, 528033
5945, 0
5948, 0
5950, 0
5952, 62548845
5954, 0
5958, 0
5960, 0
5963, 40080736
5965, 0
5969, 0
5970, 116676290
5971, 0
5973, 0
5974, 0
5975, 0
5976, 0
5977, 1617546
5980, 0
5984, 0
5985, 529014
5986, 0
5988, 0
5993, 0
5994, 0
5998, 1058094
5999, 0
6005, 3521574
6012, 0
6013, 7648427
6014, 0
6015, 25001553
6016, 0
6018, 0
6021, 0
6023, 1058189
6027, 0
6030, 1124252
6031, 167507169
6032, 1664899
6034, 0
6035, 17607665
6036, 0
6040, 531294
6041, 0
6043, 81893730
6046, 3719126
6049, 0
6051, 0
6052, 0
6055, 0
6057, 0
6060, 0
6062, 0
6066, 0
6067, 0
6074, 531321
6076, 0
6079, 0
6081, 0
6082, 2125283
6084, 0
6085, 277755119
6086, 0
6089, 1077306
6091, 547387
6093, 531325
6094, 995102103
6096, 12789375
6099, 1594878
6100, 531623
6101, 449347865
6102, 0
6103, 0
6104, 1597458
6107, 9644718
6108, 0
6111, 1066533
6113, 0
6114, 0
6116, 533506
6117, 0
6121, 596650
6123, 0
6125, 0
6126, 0
6127, 0
6129, 208748993
6131, 48893932
6133, 0
6135, 0
6137, 1102835
6140, 0
6141, 0
6142, 0
6147, 534458
6149, 0
6151, 534463
6153, 271115263
6154, 0
6156, 534468
6159, 4810263
6162, 0
6165, 0
6166, 0
6167, 0
6172, 1068969
6179, 0
6180, 534854
6182, 0
6183, 3741528
6187, 2672581
6189, 534521
6190, 0
6191, 534522
6194, 1603577
6198, 0
6200, 0
6205, 69126851
6206, 14874874
6207, 0
6209, 11240837
6210, 543503
6214, 29571160
6215, 0
6216, 0
6217, 1605925
6223, 0
6226, 0
6227, 0
6233, 535354
6235, 0
6238, 0
6240, 0
6243, 0
6244, 0
6245, 0
6248, 535355
6249, 7495122
6254, 19810281
6255, 536722
6256, 0
6258, 2677233
6259, 0
6262, 165162497
6263, 0
6264, 536698
6266, 536700
6268, 0
6269, 230781642
6270, 5903779
6275, 0
6277, 1610148
6278, 1696506
6279, 0
6280, 0
6288, 0
6290, 0
6293, 0
6295, 0
6296, 0
6299, 0
6300, 0
6301, 599784
6302, 0
6303, 0
6307, 69763911
6309, 543496
6310, 0
6311, 0
6312, 0
6314, 0
6316, 430786564
6318, 0
6320, 0
6321, 557613
6322, 0
6324, 539180
6325, 0
6326, 0
6327, 0
6328, 0
6330, 0
6332, 539184
6333, 0
6334, 0
6337, 0
6339, 1617562
6342, 0
6343, 0
6344, 0
6345, 1078381
6347, 0
6348, 30127520
6349, 539311
6351, 0
6353, 0
6355, 14531532
6357, 5647804
6358, 0
6359, 0
6360, 1682323
6361, 1617951
6362, 0
6363, 1
6366, 0
6367, 0
6369, 0
6380, 0
6381, 0
6382, 1629250
6386, 0
6388, 0
6389, 539365
6398, 0
6400, 14588446
6401, 0
6407, 0
6408, 2696855
6414, 5393842
6415, 39396680
6418, 0
6419, 540881
6421, 0
6425, 0
6427, 0
6429, 7205497
6430, 14137051
6433, 539547
6435, 0
6437, 540880
6438, 0
6439, 0
6441, 0
6442, 0
6444, 0
6451, 55159536
6455, 0
6459, 0
6460, 8158250
6461, 0
6462, 0
6463, 0
6466, 49220672
6473, 0
6474, 542099
6475, 0
6476, 0
6477, 1
6480, 0
6481, 7047060
6483, 0
6484, 542096
6485, 1084195
6486, 0
6494, 2403060
6495, 8131691
6496, 0
6497, 0
6499, 0
6500, 2170611
6502, 0
6503, 15164365
6506, 36531173
6514, 6600817
6515, 28770756
6517, 1073433
6518, 5711162
6521, 26584399
6522, 20127565
6524, 0
6526, 0
6527, 0
6531, 12356212
6534, 0
6542, 0
6544, 543030
6545, 72625216
6547, 0
6549, 0
6550, 0
6552, 0
6555, 1086095
6556, 0
6557, 1
6561, 0
6563, 0
6565, 0
6566, 4344463
6567, 543067
6569, 4344574
6570, 1155521
6571, 543082
6572, 0
6573, 0
6574, 0
6576, 0
6577, 543084
6579, 64544562
6588, 1754537
6590, 7059243
6594, 2174116
6609, 0
6610, 543085
6612, 0
6617, 0
6618, 0
6619, 543495
6623, 0
6625, 0
6626, 1086998
6627, 5435128
6634, 0
6637, 15484129
6638, 2174218
6639, 0
6640, 0
6641, 0
6643, 0
6644, 0
6645, 0
6646, 25496786
6647, 73273480
6649, 3289035
6650, 0
6651, 32503745
6655, 0
6658, 32384308
6666, 313048408
6668, 2183882
6670, 1103563
6673, 1091950
6674, 0
6679, 0
6691, 0
6694, 4
6696, 0
6698, 601590
6699, 9
6700, 1091967
6701, 0
6702, 2230428
6710, 0
6713, 0
6714, 0
6715, 2228449
6716, 75076897
6719, 0
6722, 546276
6726, 546291
6727, 0
6742, 4374623
6748, 0
6749, 2258356
6750, 0
6751, 3848150
6752, 0
6753, 7387161
6756, 16344596
6757, 1
6758, 0
6759, 0
6761, 4179277
6766, 45352712
6768, 547602
6769, 10429438
6770, 21544444
6771, 558708
6772, 8199429
6773, 10790391
6774, 1094273
6776, 1941492
6778, 0
6779, 10365603
6781, 1509896
6783, 0
6784, 581414
6787, 21583914
6788, 0
6789, 0
6791, 0
6792, 0
6793, 2944854
6794, 370880913
6800, 0
6801, 0
6803, 0
6804, 0
6806, 0
6807, 0
6810, 0
6812, 0
6813, 0
6816, 0
6817, 0
6818, 40412087
6821, 0
6822, 4190718
6824, 0
6826, 2189558
6827, 12044386
6828, 0
6831, 0
6834, 0
6835, 1
6836, 29514577
6837, 0
6842, 0
6846, 0
6847, 1095427
6853, 0
6854, 1096371
6855, 0
6856, 201919821
6858, 1644615
6860, 0
6861, 0
6862, 7199925
6863, 0
6866, 0
6871, 48508522
6872, 547858
6876, 0
6881, 0
6882, 548096
6883, 548109
6886, 9318373
6890, 0
6892, 551106
6898, 563584
6899, 0
6902, 1096304
6903, 1644335
6904, 1644354
6905, 0
6906, 0
6908, 548154
6913, 0
6915, 0
6916, 548155
6921, 1620301
6922, 0
6923, 2718384
6926, 0
6933, 0
6935, 0
6936, 242281995
6940, 0
6941, 3
6942, 548209
6948, 548212
6949, 1113849
6950, 180794129
6953, 24202352
6958, 0
6960, 12
6961, 0
6966, 0
6973, 0
6975, 0
6976, 372694215
6979, 2205920
6982, 0
6983, 0
6985, 551003
6986, 15895165
6988, 0
6989, 0
6992, 0
6994, 565469
6996, 0
6997, 0
6998, 1102057
7001, 9
7002, 4959838
7004, 0
7005, 8265699
7011, 0
7012, 0
7015, 2755826
7016, 551624
7021, 1122508
7023, 0
7025, 0
7028, 1102935
7031, 82157123
7033, 6616855
7034, 0
7035, 552154
7036, 0
7037, 0
7041, 3859969
7043, 0
7047, 0
7048, 3860246
7049, 0
7050, 0
7053, 1102947
7055, 0
7056, 0
7057, 0
7058, 0
7060, 1179189
7068, 0
7071, 0
7072, 0
7076, 9536205
7077, 0
7079, 30236500
7081, 9
7082, 1102971
7083, 0
7086, 4963497
7089, 12685435
7092, 1103015
7093, 14893041
7094, 551724
7095, 0
7101, 0
7103, 0
7105, 0
7106, 0
7107, 573081
7108, 570289
7110, 14903864
7112, 0
7113, 551676
7117, 0
7120, 2758316
7126, 0
7129, 0
7132, 0
7133, 551677
7134, 0
7137, 0
7138, 551695
7139, 0
7142, 0
7144, 50811712
7145, 0
7146, 0
7148, 0
7150, 1109735
7152, 0
7153, 0
7154, 15548191
7157, 0
7158, 0
7160, 0
7161, 551780
7164, 0
7165, 1656118
7168, 3761614
7170, 3
7171, 0
7174, 0
7175, 0
7176, 0
7177, 1104061
7181, 552028
7188, 0
7192, 1104085
7193, 32301432
7194, 0
7200, 552128
7203, 0
7205, 0
7206, 144522843
7207, 0
7209, 552138
7211, 0
7214, 0
7218, 0
7219, 0
7222, 3865003
7223, 552150
7224, 0
7227, 0
7228, 552151
7229, 0
7231, 0
7234, 552155
7238, 1
7239, 0
7246, 0
7247, 0
7248, 0
7252, 5403317
7254, 0
7256, 0
7257, 3874930
7258, 0
7260, 0
7261, 0
7262, 0
7263, 0
7266, 0
7269, 8856249
7276, 0
7279, 2
7281, 6689651
7283, 0
7285, 0
7288, 1107705
7289, 0
7294, 100553345
7300, 0
7302, 0
7303, 596240
7305, 0
7307, 12926798
7311, 245841158
7313, 9435995
7314, 0
7316, 0
7317, 1664441
7320, 1115968
7325, 2219346
7326, 0
7327, 0
7328, 0
7330, 6683254
7332, 554844
7335, 1129227
7341, 6459878
7343, 0
7344, 554869
7346, 3884215
7348, 1664631
7350, 0
7352, 602874
7355, 0
7357, 0
7359, 0
7360, 555032
7361, 0
7364, 1109973
7365, 0
7367, 0
7368, 0
7369, 0
7373, 0
7375, 0
7377, 0
7378, 0
7381, 0
7383, 0
7386, 13920568
7387, 1113593
7391, 0
7392, 143990647
7393, 0
7397, 0
7399, 2784030
7401, 0
7402, 0
7408, 3500618
7409, 19034936
7410, 14927946
7411, 557116
7412, 580951
7416, 0
7418, 1113793
7419, 0
7421, 0
7422, 0
7424, 526536
7428, 0
7434, 3341610
7436, 603835
7437, 39436311
7438, 0
7440, 0
7441, 0
7442, 1117185
7443, 0
7444, 0
7445, 558702
7448, 0
7456, 0
7458, 33429291
7460, 264331892
7461, 1114435
7463, 0
7466, 3345451
7467, 0
7475, 0
7477, 0
7482, 0
7486, 25723143
7489, 0
7492, 558599
7494, 1173761
7496, 0
7499, 558594
7502, 0
7503, 0
7504, 2927207
7505, 0
7507, 53815180
7508, 0
7510, 1
7512, 1
7514, 1117386
7515, 0
7516, 0
7518, 0
7520, 0
7521, 86954310
7523, 0
7526, 0
7527, 0
7531, 1117419
7533, 0
7534, 3352286
7537, 0
7538, 10057384
7540, 1165559
7551, 0
7554, 0
7561, 0
7562, 0
7573, 0
7575, 0
7576, 1754553
7582, 0
7589, 0
7590, 0
7591, 2803846
7595, 2816028
7599, 0
7600, 0
7607, 33404357
7608, 2
7611, 0
7614, 561258
7618, 0
7619, 0
7621, 561150
7625, 561151
7626, 1695132
7630, 0
7631, 6142355
7632, 561153
7637, 0
7641, 2245157
7644, 0
7646, 1
7647, 2806271
7651, 0
7653, 561298
7655, 17663497
7660, 561297
7663, 561299
7664, 0
7666, 51064542
7667, 2808552
7670, 0
7671, 2808487
7672, 0
7673, 0
7674, 563610
7681, 0
7682, 0
7683, 0
7685, 0
7686, 0
7687, 561795
7690, 596831
7691, 0
7692, 6199518
7694, 1685152
7695, 6
7699, 3387473
7702, 0
7705, 0
7709, 0
7710, 16888328
7713, 0
7718, 0
7721, 15148625
7725, 0
7726, 20232968
7727, 0
7728, 0
7729, 0
7732, 6710652
7735, 562090
7736, 0
7738, 3943725
7739, 6745209
7740, 0
7742, 0
7743, 300479657
7746, 0
7747, 0
7748, 0
7751, 0
7753, 0
7754, 1689804
7755, 0
7756, 1685155
7758, 563226
7759, 563228
7760, 0
7762, 5632496
7763, 565653
7764, 0
7765, 0
7767, 1694643
7769, 0
7772, 1126547
7773, 0
7775, 0
7776, 9559205
7777, 0
7778, 0
7779, 0
7780, 2816392
7781, 0
7783, 0
7787, 0
7790, 0
7792, 0
7799, 0
7801, 0
7803, 0
7804, 563614
7813, 0
7814, 563615
7817, 0
7818, 0
7819, 0
7820, 2254478
7821, 0
7827, 0
7828, 563622
7829, 0
7830, 563623
7832, 0
7834, 0
7837, 0
7839, 0
7842, 3387620
7844, 1129168
7845, 16850360
7851, 1022923
7858, 0
7861, 0
7867, 37701813
7868, 8024634
7869, 17528107
7870, 0
7872, 565656
7874, 564608
7875, 1693836
7877, 0
7878, 1694322
7886, 5091333
7890, 0
7891, 0
7894, 600025
7895, 0
7899, 0
7900, 0
7903, 7
7908, 0
7909, 564636
7911, 564637
7914, 0
7915, 0
7916, 0
7917, 0
7919, 0
7923, 0
7929, 0
7931, 1129278
7932, 5111452
7934, 54807120
7935, 0
7936, 8722182
7939, 0
7944, 0
7949, 6
7950, 586860
7952, 36073638
7956, 1130062
7961, 0
7966, 0
7967, 4520277
7972, 0
7979, 10433316
7981, 0
7982, 792546
7983, 0
7986, 0
7987, 0
7990, 0
7991, 0
7993, 0
7995, 0
7998, 0
8003, 0
8004, 565265
8008, 271275369
8009, 0
8012, 0
8013, 0
8014, 0
8015, 565261
8018, 0
8019, 0
8021, 4
8027, 0
8028, 0
8030, 0
8032, 73699434
8037, 3392633
8039, 0
8040, 0
8041, 0
8044, 0
8047, 6878526
8048, 0
8049, 0
8050, 5974326
8051, 565468
8054, 0
8055, 0
8056, 0
8061, 0
8062, 0
8064, 1130943
8065, 0
8066, 566058
8068, 5089388
8069, 0
8070, 0
8074, 0
8075, 6220042
8084, 0
8085, 0
8089, 0
8090, 0
8092, 1131309
8094, 565658
8096, 0
8103, 129132843
8105, 4525789
8106, 0
8111, 0
8112, 0
8119, 565734
8120, 0
8121, 0
8122, 0
8123, 0
8124, 0
8125, 0
8128, 0
8130, 565737
8131, 24014376
8132, 3960249
8133, 37452405
8134, 26004802
8135, 565977
8140, 3
8141, 3962333
8143, 0
8144, 0
8146, 7258346
8152, 2830060
8153, 1134139
8154, 0
8157, 4528254
8158, 0
8160, 0
8161, 0
8162, 0
8165, 0
8168, 566060
8170, 0
8173, 0
8176, 310274794
8178, 0
8180, 567023
8182, 0
8183, 3981013
8184, 0
8186, 0
8187, 0
8188, 3969202
8192, 0
8193, 0
8196, 0
8197, 0
8199, 567056
8201, 2839272
8202, 0
8203, 2835318
8208, 0
8212, 225403037
8214, 0
8215, 0
8216, 1703493
8217, 0
8222, 0
8224, 2876501
8225, 0
8228, 0
8230, 0
8232, 0
8234, 3407290
8235, 0
8237, 567858
8239, 1703667
8244, 0
8245, 567899
8246, 6814930
8248, 3423521
8250, 0
8252, 1808526
8253, 0
8254, 0
8257, 568834
8264, 0
8265, 0
8268, 0
8272, 3411228
8274, 1
8275, 565261
8276, 0
8278, 0
8286, 567953
8288, 0
8289, 0
8294, 0
8307, 0
8308, 0
8309, 0
8320, 47568348
8321, 0
8322, 0
8324, 9655560
8333, 0
8334, 0
8338, 6850273
8341, 0
8343, 0
8345, 3992322
8347, 0
8353, 1137102
8354, 1147422
8358, 0
8361, 0
8363, 581407
8366, 570993
8368, 0
8373, 0
8375, 601327
8379, 0
8380, 0
8381, 2841325
8382, 2420439
8390, 568309
8391, 0
8393, 0
8394, 1137636
8395, 0
8399, 0
8403, 0
8407, 0
8410, 2273256
8415, 0
8417, 568319
8418, 568323
8419, 3292865
8424, 0
8426, 605243
8430, 487510594
8431, 0
8432, 568431
8434, 5683753
8435, 0
8436, 0
8437, 0
8441, 7192946
8444, 0
8445, 0
8446, 0
8447, 0
8448, 0
8449, 0
8450, 0
8452, 13522256
8457, 2274190
8460, 568319
8461, 0
8462, 0
8469, 0
8472, 2898430
8475, 0
8478, 0
8479, 6824231
8480, 1137655
8482, 1706154
8483, 0
8487, 0
8488, 0
8494, 10854768
8496, 0
8500, 0
8504, 4550490
8508, 2382987
8509, 0
8515, 0
8519, 0
8520, 568821
8523, 0
8524, 0
8526, 0
8528, 7968749
8531, 0
8532, 574396
8533, 0
8536, 0
8538, 0
8541, 0
8543, 0
8544, 0
8546, 0
8547, 12543483
8549, 0
8550, 0
8552, 5730581
8556, 2276349
8560, 0
8565, 0
8567, 0
8574, 585041
8576, 587078
8579, 0
8582, 0
8584, 1707332
8585, 0
8588, 8154621
8589, 0
8590, 1738669
8592, 0
8594, 579875
8596, 0
8597, 569113
8598, 0
8599, 0
8601, 0
8602, 0
8604, 569638
8606, 0
8610, 0
8613, 0
8614, 0
8616, 0
8617, 0
8618, 0
8621, 10348567
8623, 0
8624, 1141161
8626, 0
8628, 569655
8629, 579873
8631, 0
8636, 0
8638, 0
8642, 0
8644, 0
8646, 6843665
8648, 595832
8649, 0
8650, 0
8652, 0
8653, 0
8658, 1719933
8661, 0
8662, 0
8665, 569658
8667, 569657
8670, 1732193
8671, 0
8672, 0
8673, 576703
8674, 2281918
8675, 0
8676, 49960356
8679, 570253
8680, 18791547
8682, 0
8684, 0
8688, 0
8694, 0
8697, 0
8698, 0
8699, 21108075
8701, 0
8702, 570582
8704, 0
8705, 0
8707, 0
8712, 0
8714, 0
8718, 0
8719, 4454365
8720, 570490
8721, 7447514
8723, 0
8725, 2853005
8726, 23759684
8733, 13705597
8734, 0
8735, 0
8736, 7450563
8737, 0
8739, 0
8744, 0
8745, 0
8747, 0
8749, 0
8750, 0
8751, 0
8752, 0
8755, 57192165
8761, 0
8762, 0
8764, 570992
8766, 0
8769, 606299
8770, 0
8776, 14443367
8778, 571030
8779, 2294594
8782, 0
8784, 3531284
8786, 2292300
8788, 0
8789, 0
8794, 3442371
8797, 0
8798, 3437387
8799, 810974366
8801, 0
8802, 0
8806, 0
8808, 0
8811, 32055409
8812, 573046
8813, 0
8814, 1719150
8817, 0
8818, 0
8820, 0
8822, 0
8824, 1146107
8826, 4011421
8828, 0
8834, 0
8838, 0
8842, 0
8843, 64480618
8847, 1146161
8850, 573682
8855, 0
8857, 0
8858, 1146165
8860, 0
8864, 573086
8866, 0
8867, 4011652
8868, 573102
8870, 0
8871, 36512819
8872, 573106
8875, 573293
8882, 1719891
8883, 573301
8885, 0
8886, 2866523
8887, 2358352
8888, 0
8890, 573315
8891, 1804887
8894, 0
8899, 6306780
8900, 0
8901, 0
8905, 0
8906, 573637
8907, 0
8908, 0
8912, 0
8913, 2868327
8914, 0
8915, 0
8916, 0
8920, 0
8921, 0
8923, 573814
8925, 0
8927, 573686
8931, 573691
8932, 7750304
8933, 1147376
8938, 3442212
8940, 0
8941, 0
8945, 0
8952, 0
8955, 6884919
8962, 0
8965, 0
8966, 0
8967, 0
8969, 0
8974, 1766663
8975, 0
8977, 573834
8978, 0
8981, 574271
8982, 573836
8984, 0
8987, 0
8991, 11570131
8994, 573837
8995, 0
8996, 13209982
8998, 0
9000, 0
9002, 573838
9003, 1767246
9005, 0
9006, 0
9008, 0
9012, 0
9014, 574272
9015, 0
9017, 0
9019, 8040091
9021, 0
9022, 3364227
9024, 1752015
9025, 31719001
9026, 0
9028, 0
9031, 0
9032, 0
9034, 0
9035, 62732636
9039, 574397
9040, 0
9041, 0
9044, 0
9046, 1723182
9048, 0
9052, 0
9054, 0
9057, 587199
9059, 0
9061, 0
9062, 248285816
9066, 0
9067, 579874
9068, 6353789
9069, 0
9072, 46979295
9074, 0
9075, 2306802
9076, 0
9077, 596905
9078, 0
9080, 0
9081, 0
9086, 0
9093, 6911770
9094, 0
9095, 0
9096, 1153413
9097, 0
9099, 0
9101, 0
9102, 4037135
9107, 576725
9109, 579598
9110, 1153489
9114, 1738702
9118, 0
9120, 0
9123, 0
9124, 4614552
9126, 0
9133, 0
9136, 0
9137, 582788
9139, 576827
9141, 0
9143, 0
9148, 0
9149, 0
9151, 0
9152, 584077
9154, 1160149
9155, 0
9156, 0
9158, 0
9160, 0
9161, 9817750
9162, 0
9163, 28405630
9166, 0
9172, 0
9187, 3464097
9189, 3477615
9191, 0
9197, 4618917
9199, 4057130
9201, 0
9202, 0
9203, 0
9205, 1155417
9211, 579683
9212, 0
9220, 0
9221, 0
9222, 0
9223, 0
9232, 0
9237, 0
9238, 0
9242, 0
9245, 0
9246, 9854223
9247, 0
9248, 1159351
9251, 0
9252, 579680
9253, 0
9254, 0
9256, 0
9257, 0
9258, 0
9260, 0
9263, 0
9265, 3478164
9266, 0
9268, 0
9269, 24582990
9277, 0
9280, 0
9284, 0
9286, 0
9292, 579875
9293, 0
9299, 0
9300, 17352557
9301, 0
9302, 0
9303, 0
9304, 0
9305, 11599269
9306, 0
9307, 580070
9310, 8700351
9313, 2320941
9316, 0
9317, 40723024
9320, 0
9322, 580977
9327, 0
9332, 0
9335, 3287381
9338, 0
9342, 581592
9347, 0
9352, 3480537
9354, 580083
9355, 2320394
9361, 0
9369, 0
9372, 0
9375, 0
9379, 2320423
9380, 0
9382, 0
9386, 580167
9390, 580101
9391, 580102
9394, 0
9395, 1160229
9397, 0
9401, 22784116
9402, 0
9403, 0
9404, 5221095
9406, 0
9407, 0
9411, 0
9417, 84258299
9418, 0
9419, 0
9420, 1741590
9421, 0
9422, 2902687
9427, 1161089
9429, 580543
9431, 0
9433, 0
9439, 580550
9440, 0
9442, 0
9444, 0
9449, 177572255
9451, 2903563
9453, 0
9455, 0
9456, 0
9458, 1757941
9459, 0
9462, 0
9463, 0
9468, 3484323
9470, 580726
9471, 582786
9472, 0
9475, 0
9478, 0
9481, 0
9486, 1161585
9489, 0
9490, 0
9491, 1161589
9492, 4646462
9493, 0
9497, 0
9498, 0
9501, 23585728
9502, 2776076
9503, 0
9504, 11022519
9506, 0
9509, 1742859
9514, 5004235
9516, 0
9518, 0
9522, 0
9523, 0
9525, 0
9526, 0
9527, 0
9533, 0
9534, 63323310
9535, 0
9538, 0
9539, 0
9542, 0
9543, 0
9544, 0
9545, 5852755
9546, 0
9547, 3511882
9550, 1162799
9552, 1162803
9554, 0
9556, 0
9557, 581403
9558, 9048299
9559, 0
9560, 0
9561, 0
9562, 0
9563, 1162809
9564, 42568530
9565, 2925230
9566, 0
9569, 581412
9573, 0
9581, 1782652
9582, 0
9584, 1744263
9586, 1162829
9588, 581854
9599, 0
9600, 0
9601, 0
9609, 0
9610, 0
9612, 0
9615, 0
9617, 9667683
9618, 0
9621, 581582
9624, 582021
9625, 0
9626, 0
9638, 0
9645, 9887258
9646, 0
9652, 24430838
9653, 1163503
9658, 6795112
9661, 0
9666, 0
9667, 0
9668, 1745320
9669, 0
9671, 0
9672, 17060089
9679, 581848
9680, 0
9684, 2327404
9689, 0
9690, 0
9694, 0
9699, 0
9704, 0
9710, 0
9711, 0
9712, 1168967
9713, 0
9714, 581855
9716, 32462499
9717, 0
9720, 0
9721, 0
9724, 0
9727, 0
9728, 1165450
9729, 0
9730, 0
9732, 0
9733, 0
9734, 0
9736, 0
9737, 0
9740, 0
9754, 0
9755, 0
9762, 1165463
9766, 0
9767, 0
9769, 8158595
9776, 0
9777, 0
9778, 0
9779, 0
9785, 0
9787, 0
9791, 0
9792, 0
9793, 588973
9798, 0
9800, 582781
9804, 0
9805, 0
9807, 0
9808, 0
9809, 0
9810, 0
9818, 582782
9819, 0
9821, 0
9823, 0
9825, 582784
9826, 0
9829, 0
9831, 0
9833, 3608552
9834, 582794
9835, 0
9836, 0
9838, 0
9839, 0
9840, 582789
9842, 605661
9844, 582792
9848, 0
9849, 605090
9850, 0
9852, 0
9853, 0
9855, 0
9857, 0
9858, 2908403
9867, 2331198
9868, 584163
9869, 0
9871, 29950997
9872, 0
9878, 582802
9880, 0
9881, 0
9883, 0
9885, 2331221
9889, 0
9890, 6056221
9891, 0
9896, 149420396
9898, 0
9899, 584007
9900, 0
9904, 4672704
9909, 0
9913, 0
9915, 1793932
9919, 17524047
9920, 0
9923, 0
9924, 60466754
9926, 0
9927, 1753433
9928, 147981228
9932, 0
9933, 0
9934, 0
9935, 0
9937, 0
9939, 0
9941, 0
9942, 1168977
9944, 1753478
9946, 0
9947, 17418584
9949, 0
9950, 1170057
9951, 0
9952, 0
9960, 4678616
9961, 0
9962, 4680283
9963, 0
9968, 0
9977, 0
9981, 0
9991, 605849
9992, 0
10000, 0
10001, 1190095
10003, 0
10004, 0
10007, 13314908
10009, 0
10011, 0
10019, 584921
10030, 0
10031, 585030
10032, 0
10033, 0
10034, 0
10035, 7615969
10041, 0
10043, 0
10045, 0
10046, 1176591
10047, 0
10048, 0
10049, 0
10050, 0
10052, 0
10053, 0
10054, 0
10059, 41873379
10061, 0
10062, 0
10063, 0
10071, 0
10072, 1177137
10073, 586937
10074, 0
10075, 0
10076, 281466809
10079, 0
10080, 0
10082, 0
10083, 0
10084, 0
10086, 1170103
10091, 0
10095, 116899845
10096, 0
10097, 0
10103, 585636
10104, 0
10105, 585637
10106, 11127660
10109, 0
10110, 605963
10111, 0
10112, 0
10118, 0
10119, 0
10121, 1757967
10122, 0
10123, 0
10124, 0
10125, 0
10128, 0
10130, 586408
10132, 0
10134, 4145611
10135, 0
10137, 0
10139, 0
10143, 0
10144, 0
10147, 0
10148, 0
10150, 1759191
10155, 0
10156, 586409
10159, 0
10164, 0
10171, 1173149
10174, 0
10175, 0
10176, 0
10177, 0
10178, 0
10179, 0
10181, 0
10183, 0
10184, 0
10186, 0
10189, 0
10191, 0
10192, 0
10193, 0
10194, 51520779
10202, 0
10203, 0
10204, 8805619
10205, 600023
10206, 18800702
10211, 2347050
10213, 586759
10215, 0
10217, 31093148
10218, 0
10219, 0
10220, 0
10221, 586877
10223, 0
10225, 0
10227, 6386955
10231, 0
10234, 586879
10238, 586904
10239, 0
10241, 0
10246, 586905
10247, 0
10251, 16560299
10253, 0
10255, 0
10256, 0
10258, 0
10264, 1760763
10265, 11867118
10266, 25676369
10267, 0
10269, 1760739
10271, 0
10272, 0
10273, 0
10275, 0
10276, 0
10277, 0
10280, 587020
10281, 0
10283, 0
10284, 2347742
10286, 1173881
10290, 4695653
10292, 0
10294, 0
10299, 10566040
10300, 0
10301, 0
10302, 0
10303, 0
10304, 0
10306, 0
10309, 0
10312, 0
10313, 587059
10316, 600384
10317, 0
10322, 4109472
10323, 587080
10324, 0
10326, 587079
10327, 1174152
10328, 0
10330, 30554607
10331, 0
10332, 0
10333, 4161439
10335, 0
10339, 0
10341, 0
10343, 0
10346, 0
10350, 1761167
10351, 0
10354, 0
10356, 0
10363, 0
10365, 4697683
10366, 88304294
10367, 0
10368, 24611036
10376, 587200
10378, 587201
10380, 0
10381, 0
10386, 587202
10390, 0
10392, 0
10393, 0
10397, 0
10398, 0
10400, 95729986
10401, 0
10402, 0
10405, 0
10406, 0
10408, 2350154
10410, 0
10416, 1175084
10422, 0
10424, 0
10426, 0
10427, 592140
10429, 1175091
10431, 0
10435, 0
10436, 0
10443, 1203233
10444, 0
10446, 17694364
10452, 0
10453, 0
10454, 587555
10457, 0
10458, 7638428
10461, 11740188
10462, 0
10466, 0
10468, 0
10469, 2350532
10473, 0
10475, 12831485
10476, 1762943
10477, 0
10478, 0
10481, 587640
10482, 3603484
10483, 0
10487, 587693
10491, 0
10494, 1764873
10495, 0
10497, 0
10500, 0
10503, 125393968
10509, 0
10511, 0
10516, 0
10517, 0
10524, 0
10527, 0
10533, 0
10535, 0
10537, 1765675
10538, 0
10539, 0
10541, 0
10547, 592220
10549, 588566
10550, 0
10551, 0
10552, 0
10553, 0
10554, 0
10555, 0
10557, 0
10562, 0
10563, 0
10567, 0
10570, 0
10576, 0
10577, 0
10578, 0
10579, 0
10580, 1776335
10583, 3532699
10585, 0
10590, 605416
10594, 0
10596, 2354316
10602, 7705444
10605, 0
10608, 0
10609, 1177171
10610, 6481445
10611, 0
10613, 588583
10614, 1177169
10617, 0
10620, 0
10621, 1766370
10622, 0
10626, 0
10627, 0
10629, 1766392
10632, 588795
10639, 0
10640, 0
10646, 605659
10648, 0
10650, 0
10657, 0
10659, 0
10661, 0
10663, 0
10670, 597948
10671, 0
10673, 0
10675, 7491513
10676, 0
10679, 0
10680, 0
10684, 0
10687, 0
10696, 39541530
10698, 1766925
10700, 0
10701, 599249
10703, 0
10705, 1189183
10706, 0
10707, 0
10708, 12369498
10709, 0
10711, 0
10712, 1186437
10714, 596913
10718, 3534563
10727, 0
10728, 0
10729, 0
10734, 0
10735, 0
10738, 0
10740, 1178212
10744, 4719722
10745, 0
10746, 0
10748, 0
10749, 0
10752, 0
10753, 0
10756, 0
10757, 0
10758, 5302285
10761, 0
10763, 589171
10766, 0
10767, 0
10768, 0
10769, 0
10773, 9430510
10774, 10602376
10775, 20629683
10777, 0
10779, 6500092
10780, 0
10785, 589417
10791, 0
10792, 0
10799, 0
10800, 0
10801, 0
10803, 0
10809, 0
10811, 0
10812, 0
10814, 2357877
10819, 20022781
10820, 2064820
10821, 0
10827, 0
10828, 10788337
10833, 0
10837, 0
10839, 4837911
10840, 0
10841, 0
10844, 0
10846, 0
10849, 2358539
10850, 0
10853, 0
10854, 0
10857, 0
10858, 589640
10859, 0
10860, 0
10861, 0
10862, 23107044
10867, 592671
10868, 0
10870, 0
10871, 0
10872, 0
10875, 0
10876, 0
10881, 0
10883, 604994
10887, 0
10893, 1193757
10898, 96422680
10899, 0
10900, 0
10901, 0
10903, 592860
10909, 396059246
10910, 0
10912, 0
10914, 0
10916, 0
10917, 0
10918, 5920962
10920, 593221
10921, 0
10925, 0
10926, 2376888
10927, 0
10928, 1776351
10930, 2406324
10931, 2960648
10933, 0
10934, 1184276
10937, 0
10941, 0
10942, 0
10943, 0
10944, 0
10945, 0
10946, 14804491
10947, 0
10948, 0
10950, 0
10951, 0
10952, 0
10954, 0
10957, 0
10962, 0
10972, 0
10977, 0
10980, 606861
10984, 592221
10986, 0
10987, 0
10988, 0
10993, 0
10995, 0
10997, 0
11002, 592223
11005, 0
11007, 592236
11009, 1777734
11011, 592257
11012, 0
11014, 0
11015, 0
11016, 54341353
11018, 0
11019, 0
11021, 0
11025, 604119
11028, 6429207
11030, 1185293
11031, 0
11033, 1185273
11034, 1185282
11035, 0
11036, 0
11038, 0
11039, 0
11040, 0
11042, 0
11043, 0
11044, 0
11045, 0
11046, 0
11048, 592944
11049, 0
11051, 0
11052, 0
11053, 1778007
11054, 57099802
11056, 592709
11057, 0
11058, 0
11059, 4186888
11060, 1210054
11061, 0
11062, 0
11069, 0
11071, 1185421
11072, 17243019
11074, 0
11081, 31478817
11082, 0
11083, 0
11085, 592859
11089, 0
11092, 1778558
11094, 592857
11097, 0
11098, 0
11099, 0
11100, 0
11102, 0
11108, 21243933
11112, 0
11113, 0
11115, 4745082
11116, 0
11123, 0
11124, 594233
11127, 0
11131, 0
11134, 596483
11141, 0
11142, 861548517
11143, 0
11145, 2413867
11146, 0
11147, 0
11151, 0
11153, 0
11156, 0
11157, 0
11163, 0
11167, 0
11168, 0
11172, 0
11173, 0
11176, 3529966
11177, 0
11178, 11268039
11180, 0
11186, 0
11190, 593084
11191, 0
11192, 0
11206, 0
11207, 0
11211, 0
11214, 0
11215, 0
11216, 0
11218, 0
11220, 0
11221, 0
11225, 0
11228, 599620
11230, 0
11239, 0
11241, 0
11244, 0
11247, 0
11248, 0
11249, 0
11251, 0
11255, 0
11258, 0
11259, 604353
11260, 17983696
11262, 0
11264, 2969552
11266, 2373093
11268, 0
11269, 0
11272, 0
11277, 0
11280, 0
11281, 1810003
11284, 0
11286, 22858408
11291, 0
11297, 0
11299, 0
11300, 3567836
11301, 0
11303, 1187797
11306, 1781705
11307, 0
11312, 0
11317, 1782142
11318, 65431170
11319, 0
11321, 0
11322, 0
11324, 0
11325, 0
11329, 1188457
11332, 568550
11334, 0
11335, 0
11344, 0
11346, 0
11349, 0
11359, 0
11360, 0
11361, 594237
11362, 0
11363, 0
11366, 0
11368, 0
11376, 0
11378, 0
11380, 0
11383, 0
11384, 0
11387, 1188478
11390, 0
11392, 0
11394, 30267429
11395, 27887430
11397, 0
11398, 604481
11399, 0
11402, 0
11405, 0
11407, 594497
11409, 0
11411, 0
11413, 0
11414, 0
11416, 0
11417, 595020
11418, 594498
11423, 0
11426, 1210261
11433, 4161580
11435, 0
11436, 0
11438, 0
11439, 8323450
11443, 0
11445, 0
11447, 0
11449, 594551
11454, 0
11458, 0
11464, 0
11482, 0
11483, 0
11484, 0
11491, 0
11493, 0
11498, 1189109
11499, 0
11500, 0
11501, 0
11502, 0
11503, 0
11504, 26199472
11506, 0
11512, 0
11521, 7134944
11522, 0
11523, 0
11528, 0
11530, 0
11535, 594565
11536, 0
11537, 0
11538, 0
11540, 91969128
11541, 0
11542, 2979966
11552, 2383011
11554, 0
11555, 0
11556, 0
11557, 2973021
11561, 0
11562, 594785
11563, 0
11568, 1784349
11570, 4163408
11571, 0
11575, 594886
11576, 594887
11581, 0
11583, 0
11586, 0
11588, 594893
11595, 0
11596, 0
11598, 594896
11601, 0
11604, 0
11608, 0
11609, 2974519
11618, 9549847
11620, 0
11621, 0
11629, 3569815
11630, 0
11632, 1197363
11639, 0
11640, 4760260
11645, 0
11649, 0
11651, 0
11657, 0
11661, 1200041
11662, 0
11663, 0
11670, 595046
11675, 0
11682, 2983800
11688, 0
11697, 0
11703, 0
11705, 5263950
11714, 0
11715, 0
11716, 595320
11721, 0
11722, 0
11725, 0
11726, 0
11727, 13689050
11730, 595315
11731, 0
11733, 0
11736, 0
11738, 0
11743, 0
11745, 0
11750, 0
11751, 0
11757, 606649
11761, 0
11762, 1785952
11763, 0
11764, 0
11765, 85928851
11768, 4170328
11771, 0
11773, 0
11774, 0
11778, 0
11780, 0
11785, 0
11786, 79865239
11796, 0
11797, 0
11798, 0
11800, 0
11804, 595779
11806, 0
11818, 0
11819, 0
11821, 0
11824, 0
11825, 0
11827, 0
11828, 1191562
11830, 0
11832, 0
11837, 0
11838, 0
11839, 0
11842, 595785
11843, 0
11846, 2978979
11847, 4766539
11850, 1787482
11853, 595831
11854, 0
11855, 0
11859, 0
11860, 0
11863, 0
11868, 0
11870, 0
11877, 596828
11878, 0
11885, 24759368
11895, 0
11897, 0
11898, 597873
11900, 0
11901, 0
11906, 0
11907, 595907
11909, 0
11910, 0
11915, 0
11918, 0
11919, 55196826
11920, 0
11921, 0
11923, 0
11926, 45364416
11928, 4768836
11930, 0
11932, 0
11934, 596122
11936, 0
11938, 0
11945, 0
11946, 0
11947, 0
11953, 0
11959, 0
11964, 2980660
11966, 1788413
11970, 0
11973, 599544
11974, 0
11976, 0
11978, 0
11980, 2384570
11984, 596156
11985, 0
11990, 0
11996, 0
11998, 596161
12000, 0
12004, 0
12010, 0
12013, 0
12014, 0
12017, 596194
12018, 0
12019, 606674
12021, 0
12025, 0
12027, 5426567
12028, 2384872
12029, 0
12031, 0
12032, 596197
12036, 0
12037, 0
12039, 1199285
12041, 0
12042, 0
12044, 0
12047, 0
12050, 0
12052, 0
12054, 0
12057, 0
12059, 0
12063, 1788681
12064, 596876
12065, 0
12067, 0
12069, 0
12075, 0
12078, 0
12082, 2384943
12083, 0
12086, 0
12087, 2981417
12088, 581855
12090, 0
12099, 0
12103, 0
12104, 0
12105, 0
12106, 2385322
12107, 20818829
12109, 0
12111, 0
12114, 0
12117, 1192941
12120, 34917274
12125, 0
12126, 0
12128, 0
12129, 0
12132, 0
12135, 0
12136, 0
12137, 0
12138, 0
12142, 0
12145, 1789433
12146, 0
12147, 0
12148, 0
12156, 0
12160, 1192963
12163, 599979
12166, 29626793
12170, 0
12176, 58082810
12178, 1789812
12183, 0
12184, 0
12185, 0
12187, 0
12189, 0
12192, 5316053
12193, 0
12194, 0
12198, 0
12199, 0
12201, 0
12202, 0
12203, 0
12204, 596678
12205, 17403255
12208, 596679
12210, 0
12212, 0
12213, 1790045
12223, 0
12226, 596826
12227, 0
12229, 0
12230, 0
12232, 0
12233, 0
12234, 0
12235, 596829
12242, 0
12245, 0
12249, 2984457
12252, 0
12253, 0
12255, 0
12259, 0
12260, 1193797
12261, 0
12262, 0
12263, 599887
12264, 0
12265, 0
12266, 0
12269, 0
12272, 596902
12274, 596900
12277, 0
12280, 0
12281, 1193807
12282, 596901
12285, 0
12289, 596907
12290, 0
12292, 0
12295, 0
12296, 0
12301, 62625570
12305, 0
12306, 1193821
12308, 0
12309, 0
12310, 11258969
12312, 8355990
12314, 0
12319, 0
12320, 0
12325, 598817
12329, 0
12330, 1193947
12333, 0
12334, 0
12336, 596984
12337, 22086932
12338, 0
12341, 2387958
12347, 0
12351, 0
12352, 0
12357, 2984980
12360, 1194000
12361, 0
12362, 1194009
12363, 0
12365, 0
12366, 597048
12370, 0
12374, 0
12376, 0
12377, 0
12379, 0
12380, 0
12383, 3599709
12384, 0
12386, 0
12389, 0
12390, 0
12394, 2985273
12395, 0
12396, 0
12397, 0
12400, 0
12402, 10126554
12403, 0
12404, 0
12406, 0
12408, 0
12409, 0
12410, 0
12412, 0
12413, 0
12416, 0
12418, 36080273
12419, 0
12420, 598838
12424, 0
12425, 0
12427, 0
12431, 0
12434, 0
12435, 0
12436, 0
12438, 0
12444, 0
12445, 597941
12450, 0
12452, 0
12455, 0
12457, 0
12460, 0
12462, 0
12463, 1194929
12465, 0
12466, 14937636
12468, 0
12473, 0
12474, 0
12477, 0
12478, 0
12481, 17976314
12482, 82723269
12484, 10706347
12485, 0
12486, 597471
12487, 0
12489, 0
12491, 0
12494, 0
12496, 0
12498, 1195862
12500, 0
12501, 0
12503, 0
12506, 0
12509, 0
12512, 0
12516, 0
12517, 1793919
12518, 7614825
12519, 0
12520, 0
12522, 0
12525, 0
12531, 0
12532, 0
12534, 0
12535, 0
12536, 0
12543, 0
12547, 2991817
12550, 0
12554, 0
12558, 0
12563, 0
12566, 0
12567, 0
12570, 598367
12572, 0
12573, 5256093
12575, 0
12578, 0
12580, 598368
12581, 0
12590, 0
12591, 0
12595, 598370
12596, 0
12597, 6582254
12598, 0
12601, 0
12605, 1193279
12606, 0
12610, 11972245
12617, 55419483
12622, 0
12629, 0
12631, 0
12634, 0
12635, 0
12637, 605812
12640, 0
12643, 2394714
12644, 0
12646, 0
12647, 0
12650, 0
12652, 0
12653, 2998767
12659, 0
12660, 4189542
12662, 0
12664, 19482324
12666, 0
12668, 2420126
12669, 1198447
12674, 1203190
12676, 0
12678, 0
12679, 0
12681, 0
12683, 0
12685, 0
12690, 0
12692, 0
12693, 0
12694, 606567
12695, 0
12699, 0
12700, 0
12701, 0
12703, 0
12705, 100504764
12706, 0
12709, 0
12710, 0
12711, 0
12712, 0
12713, 1198473
12714, 0
12721, 0
12722, 3603241
12723, 1198533
12725, 0
12726, 0
12727, 0
12728, 1198477
12730, 599240
12734, 2396977
12735, 0
12737, 0
12738, 0
12747, 0
12750, 0
12751, 0
12753, 0
12755, 0
12757, 599448
12758, 0
12759, 0
12761, 599250
12763, 0
12764, 606977
12767, 0
12768, 0
12769, 0
12772, 0
12774, 0
12776, 0
12778, 0
12781, 0
12782, 0
12785, 0
12786, 0
12791, 0
12793, 0
12799, 0
12800, 599277
12801, 0
12803, 0
12804, 0
12806, 4795658
12807, 599280
12812, 0
12814, 0
12815, 0
12817, 0
12822, 0
12823, 1198557
12824, 599293
12826, 0
12828, 0
12830, 0
12832, 7794943
12835, 0
12838, 0
12839, 0
12840, 0
12841, 0
12843, 0
12844, 4196095
12847, 1198589
12848, 0
12856, 0
12857, 0
12858, 11915765
12859, 0
12860, 1798155
12866, 0
12868, 0
12870, 0
12875, 1798177
12877, 0
12878, 0
12879, 0
12884, 1798195
12886, 0
12888, 0
12890, 599401
12896, 0
12897, 0
12898, 4183567
12900, 0
12901, 0
12902, 0
12904, 0
12905, 0
12906, 0
12907, 0
12909, 0
12910, 0
12914, 602972
12916, 0
12921, 0
12922, 3596601
12927, 599539
12928, 0
12929, 0
12930, 0
12931, 0
12932, 0
12937, 0
12938, 0
12939, 0
12940, 0
12947, 0
12948, 599464
12952, 599808
12953, 0
12956, 0
12961, 600587
12962, 0
12965, 0
12966, 0
12969, 0
12976, 7201521
12978, 2992866
12980, 0
12981, 2997429
12983, 0
12986, 0
12987, 0
12988, 0
12989, 0
12992, 1798596
12993, 599539
12995, 0
12996, 1199234
12998, 0
13000, 0
13001, 0
13006, 0
13007, 0
13008, 0
13009, 0
13012, 599964
13014, 1199091
13015, 0
13019, 0
13022, 0
13024, 3588307
13025, 0
13027, 0
13030, 0
13033, 0
13034, 0
13035, 0
13036, 0
13038, 0
13047, 0
13050, 0
13052, 0
13053, 0
13054, 2997795
13055, 0
13056, 0
13058, 0
13059, 1799247
13061, 0
13062, 0
13064, 0
13067, 0
13069, 0
13070, 8387209
13072, 3597647
13073, 0
13074, 0
13075, 0
13078, 0
13082, 0
13085, 0
13086, 0
13087, 0
13089, 0
13091, 0
13093, 12582571
13097, 0
13099, 0
13102, 599623
13107, 0
13108, 599644
13109, 0
13112, 0
13113, 1801109
13119, 4141531
13121, 5398151
13127, 599671
13129, 0
13132, 19867069
13133, 0
13135, 0
13136, 0
13139, 6000572
13142, 1199553
13144, 5397907
13145, 0
13147, 0
13150, 0
13151, 0
13153, 0
13154, 0
13156, 0
13158, 1199574
13160, 0
13168, 2400723
13173, 0
13175, 0
13176, 0
13177, 0
13184, 0
13185, 0
13188, 0
13189, 0
13191, 0
13193, 0
13196, 599801
13197, 0
13199, 0
13206, 599809
13208, 0
13211, 2399293
13213, 599810
13215, 0
13218, 1199667
13220, 7198331
13223, 599888
13228, 0
13230, 0
13235, 0
13238, 13709049
13242, 0
13244, 0
13245, 599896
13247, 0
13249, 599894
13250, 0
13251, 0
13255, 0
13256, 0
13263, 0
13265, 3720099
13268, 1814073
13269, 599958
13270, 0
13276, 0
13277, 599959
13278, 0
13279, 599960
13280, 599961
13282, 0
13283, 0
13284, 0
13286, 0
13288, 0
13289, 0
13290, 0
13292, 0
13297, 0
13302, 3603139
13307, 0
13308, 0
13311, 0
13316, 0
13321, 599965
13322, 0
13325, 0
13326, 0
13328, 0
13331, 0
13336, 0
13338, 3599836
13341, 0
13343, 0
13344, 0
13351, 4204239
13353, 0
13354, 0
13356, 5400031
13357, 0
13358, 1199969
13359, 0
13363, 3610212
13366, 0
13368, 600024
13369, 0
13371, 0
13373, 0
13377, 1203119
13378, 0
13379, 0
13381, 600073
13382, 0
13383, 0
13384, 0
13385, 0
13386, 0
13387, 0
13388, 0
13390, 0
13391, 0
13393, 0
13394, 0
13396, 0
13397, 0
13400, 1801656
13402, 0
13403, 600070
13405, 0
13409, 0
13410, 0
13411, 0
13413, 0
13414, 600072
13416, 0
13417, 0
13418, 0
13420, 0
13422, 0
13424, 0
13426, 0
13431, 2401897
13434, 0
13436, 0
13437, 0
13438, 0
13439, 0
13441, 78318722
13444, 604117
13447, 0
13451, 0
13452, 0
13453, 7204722
13456, 0
13462, 0
13464, 0
13466, 600402
13467, 0
13469, 0
13472, 0
13473, 4803282
13475, 2401692
13479, 0
13480, 1801286
13481, 0
13482, 2401758
13486, 0
13488, 0
13489, 0
13490, 0
13491, 0
13494, 0
13500, 0
13502, 0
13503, 0
13506, 0
13508, 0
13518, 0
13519, 600471
13520, 0
13524, 0
13526, 0
13528, 0
13530, 0
13533, 0
13536, 0
13539, 0
13541, 600478
13543, 0
13546, 0
13547, 0
13550, 0
13552, 3002412
13554, 0
13556, 600495
13559, 7806556
13562, 0
13566, 1801475
13568, 0
13569, 0
13576, 600514
13577, 0
13579, 0
13581, 0
13582, 0
13584, 0
13594, 0
13598, 0
13600, 0
13602, 0
13607, 0
13608, 0
13611, 0
13615, 600559
13616, 0
13618, 0
13623, 0
13624, 0
13625, 5991935
13627, 0
13628, 7818164
13629, 0
13634, 600573
13636, 0
13639, 0
13641, 0
13643, 600585
13650, 11312325
13654, 600696
13661, 0
13662, 0
13663, 0
13669, 0
13670, 0
13673, 0
13678, 0
13679, 0
13684, 0
13688, 0
13691, 0
13692, 0
13693, 11260946
13694, 604207
13699, 0
13700, 12009988
13703, 0
13704, 0
13707, 2411744
13714, 0
13715, 1201397
13716, 0
13717, 600700
13718, 600704
13721, 0
13723, 0
13726, 0
13730, 0
13731, 0
13732, 0
13733, 600706
13735, 0
13736, 0
13737, 0
13738, 0
13741, 2402842
13742, 600708
13743, 0
13745, 0
13746, 0
13747, 0
13750, 0
13751, 0
13753, 6617588
13754, 0
13755, 0
13756, 0
13761, 0
13763, 0
13765, 0
13766, 6608007
13773, 0
13774, 1205935
13776, 600746
13778, 0
13782, 0
13785, 0
13787, 0
13788, 0
13790, 0
13794, 0
13796, 0
13799, 0
13803, 0
13807, 0
13809, 90562126
13814, 0
13816, 0
13818, 0
13820, 0
13822, 1803435
13824, 0
13825, 26926809
13826, 0
13827, 601132
13831, 0
13832, 0
13834, 0
13835, 3006808
13838, 1803403
13840, 0
13841, 601140
13842, 601142
13843, 0
13848, 0
13855, 0
13856, 0
13858, 1202648
13859, 601436
13863, 0
13867, 0
13870, 0
13874, 0
13875, 0
13877, 0
13878, 10167765
13879, 0
13880, 0
13881, 0
13883, 0
13884, 0
13885, 0
13886, 0
13888, 0
13890, 0
13893, 0
13898, 601349
13899, 0
13900, 0
13903, 0
13904, 601350
13905, 0
13906, 0
13911, 0
13913, 601352
13915, 0
13916, 0
13920, 0
13921, 0
13922, 0
13925, 0
13927, 601353
13930, 0
13932, 601354
13934, 0
13935, 0
13938, 2405491
13941, 0
13942, 0
13944, 0
13947, 1819916
13948, 0
13951, 0
13953, 0
13958, 601578
13959, 601431
13960, 0
13962, 1804300
13963, 0
13964, 0
13965, 0
13967, 0
13969, 0
13970, 0
13972, 20660042
13975, 604487
13978, 0
13981, 2406256
13982, 0
13983, 0
13984, 0
13992, 601571
13994, 0
13997, 0
14002, 1804722
14008, 2416730
14009, 0
14013, 0
14019, 0
14022, 0
14024, 0
14027, 0
14029, 0
14030, 0
14031, 0
14035, 0
14037, 605194
14039, 0
14046, 0
14047, 0
14049, 0
14053, 0
14054, 0
14056, 0
14058, 1203488
14059, 0
14063, 0
14066, 0
14067, 0
14068, 0
14074, 0
14078, 0
14079, 0
14080, 0
14081, 0
14082, 0
14083, 0
14085, 0
14091, 0
14092, 601626
14094, 1203223
14097, 0
14098, 0
14101, 0
14102, 4814131
14105, 601613
14106, 0
14107, 0
14113, 0
14114, 602875
14118, 0
14119, 1203237
14120, 0
14121, 0
14123, 2406494
14124, 0
14125, 0
14127, 0
14129, 0
14132, 0
14139, 0
14143, 1203368
14147, 0
14148, 0
14149, 0
14150, 0
14154, 0
14155, 2406834
14156, 0
14157, 4813528
14159, 0
14161, 0
14163, 0
14165, 0
14167, 6618926
14169, 0
14170, 0
14171, 0
14175, 603840
14177, 0
14178, 601830
14179, 0
14180, 0
14181, 1203681
14183, 601831
14187, 0
14191, 0
14192, 0
14196, 0
14199, 1206924
14200, 1203666
14204, 601836
14205, 0
14211, 601838
14213, 0
14214, 0
14216, 601842
14219, 0
14220, 602823
14226, 602848
14230, 3594497
14233, 4822858
14234, 602874
14235, 0
14241, 0
14243, 0
14245, 0
14246, 0
14250, 0
14251, 604572
14252, 1206915
14253, 0
14254, 0
14255, 0
14259, 0
14260, 0
14261, 0
14262, 0
14266, 0
14277, 0
14278, 0
14279, 0
14282, 0
14286, 1205757
14288, 0
14289, 3018206
14294, 0
14301, 0
14302, 4826913
14303, 0
14304, 0
14305, 0
14308, 0
14310, 0
14311, 0
14312, 3619708
14314, 0
14317, 0
14319, 605943
14321, 0
14322, 602891
14324, 5426246
14325, 0
14328, 3014479
14334, 0
14335, 0
14337, 3617569
14339, 602941
14340, 0
14341, 0
14342, 0
14350, 0
14351, 0
14354, 6038487
14357, 0
14359, 1205885
14360, 0
14361, 0
14362, 0
14363, 0
14365, 1205922
14367, 602970
14371, 5426896
14378, 0
14379, 40477869
14385, 1206537
14389, 0
14395, 1809829
14397, 0
14401, 0
14405, 0
14417, 0
14419, 3016631
14422, 0
14423, 0
14424, 603339
14425, 603340
14433, 0
14436, 1206683
14437, 0
14438, 0
14439, 0
14441, 1208379
14442, 603343
14444, 0
14447, 22570801
14449, 603465
14450, 37764797
14454, 0
14456, 0
14458, 0
14459, 0
14462, 1810323
14464, 3017252
14465, 0
14466, 0
14468, 0
14473, 0
14476, 0
14479, 0
14481, 0
14484, 0
14485, 0
14490, 0
14492, 0
14493, 20521040
14494, 0
14497, 86649856
14498, 0
14499, 0
14506, 0
14509, 0
14510, 11471456
14512, 0
14514, 1811400
14515, 0
14517, 3622763
14526, 0
14527, 0
14528, 0
14533, 0
14534, 0
14535, 0
14539, 0
14540, 3020040
14541, 603806
14546, 0
14548, 0
14551, 7844661
14552, 1207651
14553, 0
14556, 0
14557, 0
14558, 0
14559, 0
14561, 0
14564, 603827
14566, 1207660
14570, 0
14572, 0
14574, 604567
14576, 603833
14579, 4833032
14585, 0
14587, 0
14588, 603834
14591, 0
14593, 0
14595, 1811514
14597, 0
14601, 0
14602, 0
14603, 0
14613, 603856
14615, 0
14616, 0
14621, 0
14623, 0
14624, 0
14626, 0
14627, 0
14628, 0
14632, 0
14633, 0
14639, 8455625
14642, 0
14644, 0
14647, 603992
14652, 0
14653, 4831990
14654, 0
14660, 0
14661, 0
14662, 0
14663, 0
14664, 0
14667, 0
14672, 5395781
14673, 0
14674, 0
14675, 0
14678, 0
14681, 0
14688, 0
14689, 10829702
14690, 0
14694, 604118
14695, 0
14700, 0
14701, 0
14702, 0
14705, 0
14706, 0
14708, 0
14710, 0
14711, 0
14712, 0
14713, 0
14716, 0
14717, 604120
14719, 0
14720, 0
14721, 0
14725, 604137
14726, 23794304
14727, 604138
14730, 0
14731, 0
14732, 0
14733, 0
14735, 0
14740, 12537230
14742, 0
14743, 0
14744, 1211334
14746, 0
14748, 0
14753, 0
14756, 0
14757, 0
14761, 0
14763, 0
14768, 0
14771, 0
14777, 0
14783, 0
14788, 0
14793, 0
14794, 604187
14797, 0
14800, 604188
14802, 0
14805, 0
14806, 6646158
14807, 0
14809, 604205
14812, 2416838
14813, 0
14816, 604214
14819, 0
14827, 0
14828, 0
14830, 54345619
14832, 0
14840, 0
14845, 0
14848, 0
14849, 0
14850, 604355
14854, 1208701
14857, 0
14858, 0
14860, 604483
14862, 604354
14864, 0
14865, 0
14869, 0
14870, 0
14878, 0
14881, 0
14885, 0
14889, 0
14891, 0
14894, 0
14895, 0
14896, 0
14899, 0
14901, 0
14904, 0
14905, 0
14910, 0
14912, 0
14913, 1813475
14915, 16682376
14916, 0
14917, 0
14918, 0
14922, 0
14924, 0
14926, 0
14931, 0
14934, 0
14939, 0
14940, 1813693
14941, 0
14943, 0
14944, 0
14945, 1813708
14948, 0
14955, 0
14958, 0
14961, 0
14963, 0
14969, 33546623
14971, 0
14973, 0
14974, 0
14975, 0
14976, 0
14982, 604685
14993, 604686
15000, 0
15002, 0
15012, 0
15013, 0
15014, 0
15017, 0
15018, 0
15020, 0
15021, 0
15022, 0
15024, 0
15027, 0
15028, 3023483
15031, 0
15032, 0
15033, 0
15034, 0
15036, 0
15037, 0
15038, 0
15040, 0
15041, 0
15042, 0
15044, 0
15046, 0
15050, 0
15054, 1814128
15056, 0
15058, 604706
15059, 0
15060, 0
15061, 0
15068, 0
15069, 0
15071, 0
15072, 0
15073, 0
15090, 0
15099, 0
15102, 0
15103, 0
15105, 1209441
15108, 0
15110, 0
15111, 0
15112, 0
15118, 0
15120, 0
15122, 0
15125, 1814178
15126, 604730
15128, 0
15129, 3628997
15132, 0
15133, 0
15134, 0
15137, 0
15139, 1814302
15143, 0
15144, 0
15147, 0
15152, 0
15155, 1157018
15159, 0
15161, 0
15166, 0
15168, 0
15169, 0
15175, 0
15176, 0
15181, 0
15191, 0
15192, 0
15193, 0
15194, 1814275
15195, 0
15197, 604775
15198, 0
15200, 0
15204, 0
15205, 0
15212, 1209938
15213, 0
15214, 605782
15215, 0
15218, 0
15219, 1814936
15221, 1209966
15224, 0
15226, 0
15227, 0
15228, 0
15230, 0
15234, 0
15238, 0
15239, 0
15242, 0
15245, 0
15246, 0
15247, 0
15251, 0
15253, 0
15254, 0
15255, 0
15260, 0
15265, 0
15268, 0
15270, 0
15274, 0
15280, 0
15283, 0
15287, 0
15289, 1211682
15292, 0
15293, 6655104
15295, 0
15304, 0
15306, 0
15308, 0
15311, 604995
15314, 0
15322, 605277
15323, 0
15324, 0
15325, 0
15326, 0
15331, 605064
15334, 606537
15336, 0
15338, 0
15347, 0
15349, 0
15351, 0
15358, 0
15365, 0
15366, 0
15370, 0
15372, 0
15373, 0
15379, 1815152
15381, 0
15383, 0
15385, 0
15387, 0
15388, 1776137
15392, 0
15393, 0
15394, 0
15396, 0
15404, 605045
15405, 0
15406, 0
15409, 0
15411, 0
15415, 605068
15417, 605065
15422, 0
15423, 0
15424, 0
15427, 605069
15428, 0
15429, 0
15432, 605070
15433, 0
15435, 0
15438, 0
15440, 0
15441, 0
15443, 0
15445, 0
15449, 0
15454, 0
15455, 605135
15457, 0
15462, 0
15463, 0
15464, 0
15465, 0
15470, 0
15474, 0
15476, 0
15477, 0
15478, 4236787
15479, 0
15482, 0
15484, 605089
15486, 605074
15487, 0
15488, 1815216
15493, 4235676
15494, 0
15497, 0
15498, 1815228
15499, 0
15503, 0
15504, 0
15512, 0
15514, 0
15516, 8490884
15517, 1210244
15519, 0
15520, 0
15525, 0
15534, 0
15539, 0
15541, 605132
15542, 0
15544, 0
15545, 0
15554, 0
15555, 0
15565, 0
15568, 0
15570, 0
15571, 0
15573, 0
15575, 0
15576, 0
15577, 0
15578, 0
15581, 0
15582, 605133
15587, 0
15589, 0
15595, 0
15597, 605141
15600, 1210277
15603, 0
15604, 0
15606, 9077336
15612, 0
15613, 0
15615, 0
15616, 0
15617, 0
15618, 0
15620, 4841432
15625, 0
15626, 1211355
15629, 21393684
15630, 14527926
15632, 3026344
15635, 0
15638, 0
15640, 0
15641, 0
15642, 605139
15644, 0
15650, 1210391
15654, 1816242
15655, 0
15657, 0
15659, 0
15661, 0
15666, 4236508
15667, 0
15671, 0
15672, 0
15673, 1815710
15679, 0
15682, 0
15684, 0
15688, 0
15689, 0
15692, 0
15693, 0
15696, 0
15697, 0
15700, 1815744
15702, 0
15706, 0
15708, 0
15711, 0
15713, 605260
15715, 0
15719, 0
15720, 0
15721, 0
15723, 0
15724, 0
15727, 0
15728, 605261
15729, 0
15734, 0
15735, 1815824
15737, 0
15740, 0
15743, 0
15744, 0
15746, 0
15749, 0
15750, 0
15752, 0
15754, 0
15756, 1210559
15762, 0
15764, 0
15765, 605288
15767, 0
15769, 0
15770, 0
15771, 0
15775, 0
15776, 0
15777, 605296
15779, 0
15780, 605291
15781, 0
15782, 0
15783, 3633926
15785, 0
15792, 0
15794, 0
15797, 606722
15798, 0
15802, 0
15805, 605294
15808, 0
15809, 0
15811, 0
15813, 0
15814, 0
15815, 0
15816, 0
15819, 0
15820, 0
15822, 0
15825, 0
15826, 0
15828, 0
15830, 0
15832, 0
15833, 605360
15835, 0
15837, 3025945
15839, 0
15840, 0
15841, 0
15843, 0
15850, 0
15852, 0
15856, 6051442
15863, 0
15865, 0
15869, 0
15870, 0
15871, 0
15872, 0
15873, 0
15874, 0
15877, 0
15880, 0
15882, 3632198
15884, 0
15886, 605373
15887, 1212327
15889, 0
15890, 605374
15891, 0
15897, 0
15900, 0
15901, 0
15904, 0
15910, 0
15912, 0
15914, 0
15918, 0
15921, 0
15928, 0
15931, 0
15933, 0
15934, 90083893
15940, 0
15948, 0
15951, 0
15955, 0
15956, 0
15962, 0
15967, 0
15969, 0
15970, 0
15975, 0
15977, 0
15978, 0
15980, 0
15983, 0
15988, 0
15991, 0
15993, 0
15994, 0
16002, 0
16005, 0
16006, 0
16007, 6654487
16008, 1817237
16009, 0
16012, 2422728
16013, 0
16019, 2423034
16023, 0
16024, 0
16025, 0
16028, 0
16031, 0
16033, 605711
16034, 0
16036, 0
16040, 0
16041, 0
16044, 1817219
16046, 1817151
16048, 3634387
16049, 0
16050, 0
16054, 0
16058, 0
16060, 0
16062, 0
16064, 0
16066, 0
16074, 0
16077, 0
16078, 0
16080, 0
16082, 0
16086, 0
16087, 1211503
16089, 0
16091, 0
16100, 0
16101, 0
16103, 0
16107, 0
16109, 0
16113, 0
16114, 0
16116, 0
16117, 0
16120, 0
16121, 605754
16122, 0
16123, 0
16124, 0
16127, 0
16129, 0
16131, 0
16132, 605755
16140, 0
16142, 0
16143, 1817290
16144, 606000
16147, 0
16151, 605766
16155, 0
16158, 0
16160, 0
16166, 0
16175, 0
16178, 1817362
16183, 605771
16185, 0
16193, 0
16196, 0
16200, 0
16203, 605769
16215, 0
16242, 0
16243, 0
16246, 0
16259, 0
16260, 0
16267, 0
16274, 0
16275, 0
16280, 1817330
16282, 0
16286, 0
16287, 0
16289, 605781
16290, 0
16294, 0
16297, 0
16298, 0
16315, 0
16317, 0
16320, 0
16321, 606869
16323, 605790
16325, 0
16326, 0
16329, 0
16333, 0
16336, 0
16343, 1211586
16344, 0
16345, 0
16348, 0
16352, 0
16356, 0
16360, 0
16361, 0
16362, 0
16364, 0
16367, 0
16370, 605797
16373, 0
16383, 1817398
16385, 605803
16386, 0
16387, 0
16389, 0
16391, 605806
16393, 0
16394, 605807
16395, 0
16399, 0
16404, 0
16409, 2424486
16414, 0
16415, 0
16416, 0
16417, 605813
16423, 0
16424, 0
16425, 605814
16426, 0
16428, 0
16429, 605817
16430, 0
16433, 0
16436, 0
16438, 0
16447, 606460
16450, 0
16452, 605833
16453, 0
16456, 0
16466, 0
16468, 605835
16474, 0
16477, 0
16478, 0
16479, 0
16480, 0
16483, 0
16486, 0
16487, 0
16492, 0
16494, 0
16497, 605847
16498, 0
16504, 0
16505, 0
16510, 0
16511, 0
16513, 0
16515, 0
16516, 0
16518, 0
16522, 0
16523, 0
16524, 0
16526, 0
16527, 0
16529, 0
16530, 0
16535, 0
16536, 0
16537, 0
16543, 0
16545, 0
16546, 0
16548, 0
16549, 0
16554, 0
16555, 0
16556, 3635193
16557, 6058905
16559, 0
16561, 0
16571, 0
16575, 0
16578, 3635545
16582, 0
16590, 0
16595, 0
16600, 0
16609, 0
16610, 605935
16620, 0
16622, 0
16625, 0
16626, 0
16627, 0
16628, 0
16629, 0
16635, 605937
16637, 0
16639, 0
16641, 0
16643, 0
16645, 605942
16646, 0
16653, 0
16654, 0
16659, 0
16661, 0
16665, 0
16667, 0
16669, 0
16671, 0
16673, 605945
16675, 0
16679, 0
16683, 0
16684, 605946
16686, 0
16689, 0
16698, 0
16702, 3032907
16703, 0
16704, 0
16705, 0
16707, 0
16709, 0
16711, 3635747
16717, 0
16722, 0
16723, 0
16726, 0
16727, 0
16728, 0
16729, 0
16737, 0
16738, 0
16739, 0
16741, 0
16746, 0
16750, 3031522
16751, 0
16753, 605964
16756, 0
16757, 0
16758, 0
16761, 1817985
16766, 0
16767, 6665744
16769, 0
16774, 0
16784, 0
16790, 0
16791, 0
16793, 1211997
16797, 0
16800, 0
16801, 0
16805, 0
16806, 0
16809, 606002
16811, 0
16813, 0
16817, 0
16819, 0
16823, 0
16826, 0
16831, 0
16832, 1212009
16834, 0
16835, 0
16839, 606007
16842, 0
16845, 0
16846, 0
16855, 0
16857, 4173106
16858, 6060141
16859, 0
16862, 3636155
16864, 0
16870, 0
16871, 0
16872, 0
16876, 13933854
16877, 606091
16881, 0
16882, 0
16883, 0
16886, 0
16887, 6060991
16888, 0
16894, 0
16900, 0
16904, 0
16906, 0
16910, 0
16914, 0
16917, 0
16920, 0
16923, 1212211
16924, 0
16925, 0
16927, 0
16930, 0
16931, 0
16934, 606109
16937, 606164
16939, 4243698
16940, 0
16944, 1212215
16947, 0
16948, 0
16951, 0
16952, 0
16953, 0
16957, 0
16959, 2424461
16960, 0
16963, 0
16965, 606111
16969, 0
16972, 606124
16981, 1212252
16983, 0
16985, 606128
16986, 0
16988, 606130
16989, 0
16994, 0
16995, 0
16996, 0
17000, 0
17007, 0
17008, 0
17009, 1212290
17010, 0
17013, 0
17015, 0
17016, 0
17017, 1212547
17022, 0
17029, 0
17033, 0
17035, 0
17036, 0
17039, 0
17042, 0
17045, 0
17047, 606147
17049, 0
17050, 0
17051, 0
17052, 0
17053, 5430907
17054, 0
17057, 0
17060, 0
17062, 0
17064, 0
17069, 0
17071, 0
17072, 0
17073, 606226
17074, 0
17077, 0
17079, 0
17081, 0
17082, 0
17085, 0
17087, 0
17089, 0
17092, 0
17094, 0
17098, 0
17099, 0
17100, 0
17104, 0
17106, 606223
17110, 0
17111, 0
17112, 0
17113, 0
17114, 0
17115, 0
17117, 0
17118, 0
17121, 0
17125, 0
17128, 0
17132, 606253
17137, 0
17157, 1212513
17160, 0
17161, 606254
17164, 3031301
17177, 0
17181, 0
17184, 0
17187, 0
17191, 606264
17192, 0
17193, 1213308
17198, 0
17200, 0
17202, 0
17203, 0
17204, 0
17211, 0
17212, 0
17214, 0
17217, 0
17218, 1212536
17219, 0
17220, 1212543
17227, 0
17228, 0
17229, 0
17233, 0
17235, 0
17238, 0
17244, 0
17246, 0
17249, 0
17252, 0
17253, 0
17255, 606291
17256, 0
17260, 0
17261, 4850256
17263, 606448
17265, 0
17267, 606287
17271, 0
17273, 0
17276, 0
17277, 0
17280, 0
17283, 0
17294, 0
17298, 0
17300, 0
17301, 0
17304, 0
17306, 0
17308, 1213028
17309, 0
17314, 0
17323, 0
17324, 0
17325, 0
17326, 606288
17327, 0
17332, 0
17333, 0
17336, 606292
17337, 0
17338, 0
17340, 0
17345, 0
17349, 0
17350, 0
17353, 0
17356, 606294
17358, 0
17360, 606297
17361, 0
17362, 0
17363, 0
17366, 0
17367, 0
17370, 0
17371, 0
17377, 0
17378, 606298
17384, 0
17385, 0
17388, 0
17391, 0
17394, 606299
17396, 0
17398, 0
17399, 0
17400, 0
17403, 0
17404, 0
17406, 0
17410, 0
17414, 0
17417, 0
17420, 0
17422, 606309
17423, 0
17424, 0
17426, 0
17435, 0
17438, 0
17441, 0
17443, 606310
17445, 0
17446, 0
17448, 0
17452, 0
17453, 0
17456, 606311
17457, 30093012
17459, 0
17462, 1212796
17463, 0
17464, 0
17465, 0
17467, 0
17470, 0
17472, 0
17473, 0
17476, 606403
17477, 0
17479, 0
17481, 0
17482, 0
17489, 606429
17490, 0
17492, 606405
17495, 0
17497, 0
17500, 606462
17502, 0
17510, 0
17512, 0
17513, 606435
17515, 0
17519, 0
17522, 0
17525, 0
17526, 0
17529, 0
17531, 0
17532, 0
17535, 0
17536, 0
17539, 0
17545, 0
17547, 0
17550, 0
17551, 0
17553, 0
17559, 0
17565, 1212893
17577, 0
17579, 0
17580, 0
17581, 0
17588, 0
17591, 0
17596, 0
17598, 0
17600, 0
17602, 0
17604, 2425811
17607, 0
17608, 0
17610, 0
17614, 0
17616, 0
17617, 0
17619, 0
17624, 0
17626, 0
17637, 1212927
17638, 0
17640, 0
17644, 0
17648, 0
17649, 0
17653, 606466
17656, 0
17657, 0
17660, 0
17661, 0
17662, 0
17666, 0
17668, 0
17671, 2426046
17675, 0
17685, 0
17687, 0
17693, 0
17695, 0
17696, 0
17701, 0
17705, 0
17707, 0
17708, 0
17710, 0
17714, 0
17719, 0
17720, 0
17721, 0
17725, 0
17731, 2426066
17732, 606520
17734, 0
17735, 0
17736, 0
17745, 0
17747, 0
17755, 606522
17760, 0
17761, 0
17763, 0
17764, 0
17765, 606524
17767, 0
17768, 0
17769, 0
17770, 0
17773, 565261
17779, 0
17780, 0
17781, 0
17787, 1213052
17789, 0
17791, 0
17798, 4244253
17800, 0
17802, 0
17803, 0
17804, 606544
17806, 1206394
17807, 0
17812, 0
17813, 0
17828, 0
17829, 0
17830, 0
17834, 0
17836, 1213094
17842, 606549
17845, 606560
17846, 0
17847, 0
17854, 0
17855, 0
17857, 0
17858, 0
17860, 1819672
17861, 0
17864, 0
17872, 0
17878, 0
17879, 0
17880, 0
17882, 0
17883, 606561
17887, 0
17888, 0
17894, 0
17901, 0
17902, 0
17903, 0
17905, 0
17907, 0
17913, 1819689
17923, 0
17926, 0
17927, 0
17931, 0
17935, 0
17945, 0
17950, 0
17951, 0
17955, 0
17956, 0
17961, 0
17963, 0
17965, 0
17969, 0
17970, 0
17977, 0
17980, 2426281
17982, 0
17984, 606575
17986, 0
17987, 0
17988, 1583012
17991, 0
17992, 0
17993, 0
17994, 0
17995, 0
17997, 0
17998, 0
18000, 0
18004, 0
18005, 0
18006, 0
18009, 606578
18012, 0
18013, 0
18014, 0
18017, 606594
18019, 606590
18023, 0
18025, 0
18027, 0
18028, 0
18030, 0
18031, 0
18032, 606593
18033, 0
18035, 1213193
18036, 606755
18039, 0
18041, 606721
18045, 0
18047, 0
18048, 0
18049, 0
18050, 0
18051, 0
18052, 0
18054, 0
18057, 0
18060, 12132562
18063, 0
18064, 0
18069, 606645
18072, 0
18073, 0
18074, 0
18075, 0
18077, 0
18078, 0
18079, 0
18080, 0
18086, 0
18088, 0
18089, 0
18091, 606647
18093, 0
18097, 0
18098, 0
18103, 0
18105, 0
18107, 0
18108, 1213319
18111, 0
18115, 0
18116, 0
18119, 0
18122, 0
18126, 0
18127, 0
18128, 3581529
18129, 0
18134, 0
18136, 0
18138, 0
18141, 5460273
18142, 0
18143, 0
18145, 1213439
18148, 0
18153, 0
18154, 0
18157, 0
18158, 0
18161, 0
18163, 0
18168, 0
18171, 0
18173, 0
18178, 606723
18181, 0
18183, 4709323
18184, 0
18187, 0
18191, 606751
18198, 0
18204, 606750
18205, 606740
18207, 0
18211, 0
18212, 0
18216, 0
18217, 0
18219, 0
18229, 0
18231, 0
18236, 0
18237, 0
18238, 0
18241, 0
18245, 0
18250, 0
18253, 0
18255, 0
18256, 0
18260, 0
18263, 0
18265, 0
18271, 0
18275, 0
18279, 0
18282, 0
18283, 0
18284, 0
18286, 0
18291, 0
18301, 4854109
18305, 0
18306, 0
18310, 0
18313, 0
18316, 0
18317, 0
18323, 0
18327, 0
18334, 0
18340, 0
18342, 606770
18345, 0
18349, 0
18353, 0
18354, 0
18355, 0
18356, 0
18358, 0
18359, 0
18372, 0
18373, 0
18376, 0
18377, 0
18380, 0
18381, 0
18382, 0
18384, 1820730
18393, 606772
18394, 0
18405, 0
18406, 0
18410, 0
18418, 0
18419, 0
18420, 1213573
18422, 0
18425, 0
18431, 0
18433, 0
18440, 0
18441, 0
18443, 0
18446, 0
18449, 0
18450, 0
18451, 0
18452, 0
18459, 0
18464, 0
18465, 6068315
18474, 0
18478, 0
18482, 0
18483, 0
18485, 0
18486, 0
18492, 0
18494, 1213713
18496, 0
18497, 1213692
18500, 0
18502, 0
18503, 606849
18505, 606853
18508, 0
18512, 0
18516, 0
18524, 0
18526, 0
18529, 0
18534, 0
18535, 0
18538, 0
18539, 0
18540, 0
18542, 0
18543, 606852
18546, 0
18550, 0
18554, 0
18571, 0
18573, 0
18578, 0
18579, 0
18580, 0
18583, 0
18586, 0
18587, 606859
18590, 0
18593, 0
18595, 0
18596, 0
18598, 0
18602, 0
18606, 0
18614, 0
18618, 0
18624, 0
18626, 0
18628, 0
18629, 0
18630, 0
18632, 606863
18635, 0
18638, 0
18639, 0
18642, 606865
18643, 0
18645, 0
18651, 0
18654, 0
18657, 606866
18658, 0
18659, 0
18660, 0
18662, 0
18665, 0
18666, 0
18671, 0
18678, 0
18682, 0
18684, 0
18686, 0
18692, 1213742
18693, 0
18699, 606873
18702, 606875
18708, 0
18717, 0
18719, 0
18722, 0
18725, 0
18728, 0
18729, 0
18730, 0
18731, 0
18732, 0
18736, 0
18741, 0
18742, 0
18744, 0
18748, 0
18749, 0
18750, 0
18755, 0
18756, 0
18757, 0
18760, 1820655
18762, 0
18765, 0
18766, 0
18768, 606891
18772, 0
18777, 0
18783, 0
18794, 0
18800, 0
18801, 0
18805, 1213803
18807, 0
18810, 0
18814, 606904
18815, 0
18816, 0
18818, 0
18822, 0
18823, 0
18827, 0
18830, 0
18834, 0
18836, 0
18837, 0
18839, 0
18848, 0
18849, 0
18854, 0
18855, 0
18857, 606905
18858, 0
18861, 0
18863, 0
18865, 0
18866, 0
18867, 606906
18875, 0
18879, 0
18881, 0
18884, 0
18889, 0
18894, 0
18903, 0
18905, 0
18908, 0
18910, 0
18913, 0
18915, 0
18925, 0
18931, 0
18934, 606912
18935, 0
18939, 0
18943, 606914
18944, 0
18946, 0
18949, 0
18951, 0
18953, 0
18954, 0
18957, 606915
18960, 0
18961, 0
18964, 606921
18965, 0
18968, 0
18969, 0
18981, 0
18989, 0
18995, 0
18996, 0
18998, 0
18999, 0
19000, 0
19001, 0
19003, 0
19004, 0
19006, 0
19007, 0
19012, 0
19018, 0
19022, 0
19024, 0
19025, 0
19027, 0
19029, 0
19033, 0
19034, 0
19044, 0
19045, 0
19047, 606933
19048, 1820792
19049, 0
19050, 0
19051, 0
19053, 0
19054, 0
19059, 0
19063, 1820815
19068, 0
19071, 0
19072, 0
19074, 0
19075, 1213855
19077, 0
19083, 0
19084, 0
19085, 0
19088, 0
19090, 0
19091, 0
19092, 606972
19097, 0
19106, 0
19108, 606945
19109, 0
19111, 0
19115, 0
19116, 0
19123, 0
19129, 0
19130, 0
19131, 0
19132, 0
19133, 0
19134, 0
19137, 0
19138, 0
19142, 606946
19145, 0
19146, 0
19149, 0
19150, 0
19152, 0
19154, 0
19156, 0
19157, 0
19159, 0
19162, 0
19166, 606950
19172, 0
19173, 0
19175, 0
19182, 0
19184, 0
19185, 0
19189, 3641745
19191, 0
19193, 0
19199, 0
19201, 0
19203, 0
19206, 0
19209, 0
19216, 1213935
19224, 0
19225, 0
19229, 0
19237, 0
19240, 0
19243, 0
19246, 0
19247, 0
19254, 0
19256, 0
19263, 0
19265, 0
19267, 0
19276, 0
19278, 0
19282, 0
19287, 0
19290, 0
19293, 0
19296, 0
19300, 0
19303, 0
19307, 0
19318, 0
19324, 606973
19327, 0
19330, 0
19333, 0
19334, 0
19335, 0
19337, 0
19338, 0
19350, 0
19356, 0
19359, 0
19360, 0
19363, 0
19365, 0
19368, 0
19369, 0
19373, 0
19378, 606976
19390, 0
19391, 0
19393, 0
19394, 0
19399, 0
19404, 0
19407, 0
19410, 0
19414, 0
19415, 0
19444, 0
19475, 283111221
19943, 0
19949, 26676056
20038, 7558005
20584, 260697
21108, 0
21125, 0
21684, 0
21743, 0
22846, 0
23571, 24276225
23873, 588576
24134, 0
25726, 1697221
26801, 33608286
27140, 605136
27783, 0
30395, 8762804
32332, 0
32916, 0
33663, 0
33841, 8088166
35336, 7852532
35353, 47092406
35357, 60418730
35416, 126542599
35428, 4875210
35482, 0
35575, 76663964
35833, 55246613
35840, 15294976
36067, 2331103
36108, 75194142
36285, 18794605
36466, 565733
36687, 0
36720, 5940363
36814, 20895983
37021, 4676146
37691, 13901357
39082, 1153455
39146, 0
39663, 1815165
39719, 9758301
39723, 0
39742, 0
39843, 0
40544, 0
40578, 0
40739, 512963
43085, 9661075
44243, 4227400
44739, 2322190
44797, 0
47274, 5587607
47710, 0
49924, 0
50854, 0
57583, 0
62165, 0
62253, 0
62607, 0
66825, 0
76792, 0
81883, 251836

run time: 1.45s (00:44:22)
