Temporalmotifs. build: 00:45:02, Apr 20 2018. Time: 00:45:16 [Apr 19 2018]
==========================================================================
usage: temporalmotifsmain
   -i:Input directed temporal graph file (default:'data/tp1/sx-mathoverflow-c2q-tp1.txt')
   -o:Output file in which to write counts (default:'temporal-motif-c2q-tp1.txt')
   -delta:Time window delta (default:1.32188e+09)
   -nt:Number of threads for parallelization (default:4)
1, 889544806
2, 31724394
3, 786320196
4, 1178700
7, 41860448
11, 43285556
16, 27907
18, 29221954
22, 485702119
25, 59766784
27, 802829
28, 65356
30, 1652186
32, 2414969
40, 249442
42, 0
44, 0
45, 1594541747
49, 390756448
51, 497606476
55, 0
56, 0
65, 267986849
66, -2123637940
71, 3171351
75, 2394919
78, 403435243
81, 1127201
83, 1379610837
85, 448730
88, 873744
92, 27296478
93, 2241020
96, 7241741
98, 5400982
100, 1070921
102, 9680538
107, 1016803
109, 13177776
110, 0
111, 8164514
121, -631355744
126, 0
132, 1127373
135, 76864787
136, 1633420
140, 1747744
142, 997932
143, 341089586
146, 1
152, 0
158, 4581826
171, 0
175, 31572357
179, 18829172
180, 0
182, 0
184, 166263531
200, 0
202, 0
211, 3241150
231, 0
238, 177899572
239, 15877087
250, 95162040
259, 30080057
261, 0
262, 22390305
266, 124711
269, 0
271, 9433561
284, 32185552
288, 12573095
290, -395425895
296, 2693654
297, -1761750243
299, 43898925
300, 3318049
302, 53213066
303, 157212668
307, 3384184
310, 8330565
317, 1054214836
318, 45627104
321, 57968974
324, 0
327, 0
332, 8451033
333, 0
336, 130909
337, 1
339, 0
342, 1379061
343, 53444890
344, 466417208
345, 3778700
346, 2550032
347, 0
348, 515794535
349, 4464580
350, 237194011
351, 3957017
353, 817710935
358, 3619925
359, 1065823
360, 589279464
361, 4105710
362, 33905010
363, 10113008
367, 777875
370, 351163416
371, 0
373, 4907565
377, 2059723
379, 10887536
380, 15545323
381, 29106637
382, 183458438
385, 62976197
386, 4662573
389, 0
391, 732322899
394, 2146355523
396, 7159580
397, 10138515
398, 61731502
401, 8777972
402, 116500432
404, 18874851
405, 3888718
406, 314172726
408, 14052965
412, 12091997
416, 47147848
417, 0
421, 12826235
422, 4593008
424, 1716054
425, 69073406
426, 725538
428, 1167691
429, 30517723
430, 124438218
431, 433766516
434, 18315760
435, 3243133
436, 724877
437, 203880140
438, 3729214
439, 0
440, 62454081
441, 9356780
445, 0
447, 31830694
448, 1622441
450, 791715463
451, 187952053
454, 1289466684
456, 0
458, 0
460, 36242196
461, 148610103
462, 1032497
467, 0
468, 6008039
469, 18723049
473, 5407434
477, 0
478, 4607548
482, 0
484, 1448206
490, 559579
491, 435784
492, 4633009
493, 2915886
494, 7659653
498, 0
507, 12975238
509, 3804863
519, 212780422
532, 21763614
538, 0
539, 724875
540, 220934
550, 0
556, 3240482
558, 0
565, 220955
577, 83299222
580, 0
582, 51399100
586, 489330156
602, 1165180
605, 14156607
607, 2
613, 976433150
618, 224369
619, 14561245
621, 0
622, 607042969
625, 22
630, 3721230
634, 12972322
644, 35425657
658, 2781438
660, 0
667, 0
668, 0
669, 853671
673, 0
674, 0
675, 2176333
683, 19530773
685, 0
686, 0
689, 23328555
692, 1519834
695, 9394734
703, 56519103
707, 4765982
709, 4369594
717, 114796678
728, 0
730, 0
732, 1783576
733, 52375427
737, 4174403
745, 64639307
750, 209571727
756, 97357814
757, 11883066
761, 0
763, -331782443
766, 60497015
767, 15855761
768, 229671
773, 1378204
774, 510923
778, 1144595
781, 0
785, 1719800
788, 14595839
792, 4001981
797, 5019687
798, 44010306
799, 11083416
800, 19406080
801, 2199929
802, 409845082
806, 38928054
807, 7864248
808, 700160
812, 27403025
813, 19186142
814, 1123735
818, 0
823, 0
824, 34870636
825, 747612
828, 761190458
836, 0
840, 34526229
848, 21600283
855, 264336
865, 0
866, 7081097
868, 0
873, 0
874, 0
877, 0
887, 0
894, 1579162
896, 0
908, 4350433
910, 0
911, 0
913, 11335036
914, 17984058
915, 0
916, 41955603
917, 0
918, 0
919, 4793826
924, 0
926, 1708887
927, 11494299
928, 0
930, 16277725
932, 21769199
934, 147883528
935, 410719170
936, 5228341
940, 1
942, 162419690
943, 451503642
947, 6902467
955, 101479863
956, 11665744
960, 29113711
961, 1070797
962, 1
966, 515659
970, 7185059
972, 125735236
973, 7246846
979, 11351134
984, 3136780
986, 5126890
987, 2001637
996, 2729049
997, 1041187
1000, 9
1004, 222287044
1013, 0
1015, 5103413
1017, 17964172
1018, 14028242
1019, 12925655
1020, 0
1021, 53894410
1028, 9762074
1035, 7200513
1037, 657298
1038, 0
1040, 34233591
1042, 8784250
1044, 285643432
1046, 3136856
1047, 172145955
1048, 14724851
1049, 19071932
1050, 207509234
1053, 0
1055, 0
1056, 42747446
1058, 7720097
1059, 0
1060, 8000068
1061, 60999242
1068, 338974
1071, 0
1073, 44059642
1074, 7617692
1079, 46283230
1084, 3689949
1086, 0
1090, 2
1093, 0
1094, 14537866
1095, 94855185
1096, 3770705
1098, 3443367
1102, 3378082
1104, 0
1106, 559215054
1107, 338990165
1109, 9
1114, 263516984
1116, 0
1119, 433384146
1121, 71808920
1123, 6668126
1124, 0
1125, 777835
1131, 586270938
1137, 283101
1142, 1810555
1143, 1131843
1148, 55022952
1149, 876604590
1150, 0
1161, 1752189
1162, 836465
1164, 1456596
1168, 8458878
1169, 419518
1170, 4326000
1171, 35496598
1172, 13402967
1173, 3624680
1176, 222538732
1177, 0
1178, 583532
1179, 0
1182, 0
1184, 0
1185, 1738589
1186, 32603440
1189, 4191300
1191, 0
1192, 0
1193, 300442
1197, 6
1198, 7098459
1202, 16322514
1220, 1750664
1222, 2
1223, 46415874
1224, 0
1227, 925357
1228, 9727227
1229, 26337721
1231, 2582268
1233, 66844389
1234, 12510930
1238, 70693098
1243, 8
1245, 37759721
1246, 12334852
1253, 20625260
1256, 1296505
1261, 11912181
1265, 0
1266, 7765310
1272, 0
1273, 0
1281, 5
1291, 129467640
1299, 676755
1302, 29970281
1304, 0
1305, 6177039
1306, 36571110
1307, 0
1310, 145373204
1313, 0
1319, 1016871
1320, 112954693
1328, 4690012
1330, 0
1335, 65795020
1338, 0
1340, 2069947
1343, 0
1345, 409018117
1353, 143103487
1354, 1822600
1355, 442805328
1358, 587149850
1363, 0
1364, 0
1366, 354401
1369, 354402
1378, 0
1384, -1124671287
1386, 0
1387, 0
1392, 1295681
1400, 14920535
1404, 1228007
1406, 397880
1407, 40842259
1409, 1145204984
1422, 367028
1434, 0
1436, 0
1437, 7174832
1441, 796469879
1442, 0
1445, 3414117
1446, 308488320
1447, 2191200
1450, 824822824
1459, 1169605187
1460, 0
1462, 3500777
1463, 450522998
1464, 847561221
1465, -1537069092
1467, 5551860
1468, 16357927
1469, 0
1474, 1411447
1475, 1
1478, 11011235
1481, 27997898
1483, 143057345
1488, 0
1492, 85494493
1508, 22293828
1516, 0
1518, 0
1519, 0
1521, 2324957
1528, 46692647
1532, 1283332066
1535, 0
1536, 10401619
1537, 0
1538, 0
1539, 15270785
1540, 39978093
1541, 0
1544, 0
1546, 8390185
1547, 33786468
1551, 837355
1552, 0
1555, 0
1556, 1836490
1557, 14023608
1559, 4311234
1568, 0
1570, 0
1573, 538959952
1574, 5194090
1579, 1787896
1580, 5839058
1585, 0
1587, 321789293
1589, 1617533
1590, 45944673
1591, 1745837
1592, 1280191
1593, 150322875
1594, 30683260
1595, 429201
1606, 3354956
1607, 2101945
1610, 47946020
1612, 6440134
1618, 1650455
1619, 11188613
1622, 52080443
1626, 3015347
1627, 0
1631, 42767037
1634, 2146337
1636, 15519538
1641, 1288249
1643, 4994061
1644, 430254
1645, 0
1646, 9695304
1648, 78454483
1650, 141972202
1651, 8175893
1653, 0
1654, 430424
1656, 0
1657, 217872607
1662, 2682952
1664, 1292377
1669, 0
1672, 15249854
1674, 56004661
1676, 0
1681, 9052558
1682, 0
1684, 0
1688, 49
1691, 0
1698, 440566
1703, 49341334
1704, 0
1708, 6665237
1709, 3495512
1710, 575278
1715, 3499946
1720, 0
1724, 14081108
1729, 16635380
1733, 0
1735, 8330095
1737, 32633025
1745, 516104
1747, 0
1761, 440940
1763, 0
1768, 441499
1770, 2207707
1776, 0
1777, 0
1778, 9015090
1779, 0
1783, 6
1784, 126583879
1785, 0
1790, 4456912
1791, 2056216
1792, 1661419
1796, 0
1797, 22529361
1799, 12852540
1800, 0
1816, 3296433
1822, 0
1823, 0
1825, 0
1826, 543956581
1832, 152441189
1835, 0
1837, 11872177
1840, 18513642
1841, 21021831
1844, 0
1847, -2021100016
1849, 87169515
1851, 327377847
1855, 0
1856, 0
1857, 0
1866, 4627470
1867, 54374989
1870, 0
1871, 1510496
1874, 10292694
1876, 1265241
1877, 20797601
1878, 31679706
1881, 0
1884, 0
1886, 0
1887, 2263072
1888, 132
1890, 541646
1894, 1603000
1898, 227336579
1899, 544477
1901, 3265623
1902, 8329557
1907, 1632240
1915, 0
1916, 555729191
1921, 17475692
1927, 8101994
1930, 37766427
1933, 4500606
1937, 1860182
1938, 0
1939, 6901078
1944, 0
1946, 1956237572
1947, 23761669
1948, 0
1953, 1090096
1954, 0
1956, 2304932
1960, 0
1962, 0
1964, 23
1967, 1283973
1969, 1661400
1970, 0
1976, 0
1977, 73790230
1979, 1133865
1982, 16159147
1983, 0
1985, 143095315
1986, 5595618
1992, 3619296
1993, 70726367
1997, 20478905
2000, 1320984383
2003, 5860804
2004, 12
2008, 12458086
2011, 208530822
2013, 1017203
2014, 0
2015, 1677535
2023, 0
2024, 681738690
2028, 0
2029, 16910551
2031, 52622847
2035, 51285975
2036, 56115883
2039, 135078528
2040, 22
2042, 10954607
2043, 41576938
2045, 30657617
2046, 0
2047, 14809856
2051, 863081158
2052, 5459840
2055, 0
2056, 0
2060, 15882267
2063, 1
2064, 2876314
2081, 32098322
2082, 60299493
2083, 854754419
2085, 0
2089, 2304855
2093, 0
2095, 65158572
2097, 19597018
2099, 0
2106, 75249730
2110, 0
2111, 0
2120, 1365943
2123, 10413581
2124, 599079
2127, 2
2133, 0
2141, 0
2143, 1236331
2146, 33749184
2147, 159531165
2149, 43027384
2158, 0
2160, 618158
2162, 24490659
2164, 1788639
2165, 3071706
2171, 3
2175, 1861902
2177, 0
2183, 6605178
2185, 12949989
2189, 27400435
2191, 326630526
2192, 59831770
2196, 4453316
2197, 636163
2201, 0
2206, 32765441
2215, 15802426
2218, 1850376
2220, 0
2223, 1427780
2224, 0
2225, 1715798
2229, 2605528
2231, 718230
2233, 611401044
2234, 81185945
2235, 651398
2242, 8092760
2246, 8
2258, 5581340
2259, 0
2260, 27898313
2264, 89873411
2266, 64418810
2267, 0
2273, 260596883
2274, 13700439
2282, 657305
2284, 63161770
2286, 0
2290, 753666634
2292, 0
2294, 437422646
2300, 8912428
2305, 0
2308, 10228658
2310, 6040848
2312, 0
2317, 0
2318, 3
2320, 5462406
2329, 0
2330, 92301556
2333, 682975
2335, 1367365
2344, 21888853
2348, 22084690
2349, 1203216701
2355, 0
2356, 171896566
2357, 0
2360, 11187003
2361, 77959755
2362, 57641936
2363, 34887571
2368, 2245553
2377, 65383027
2380, 0
2381, 0
2383, 26486077
2384, 1414949356
2386, 71441310
2389, 350319342
2391, 138692342
2402, 0
2404, 0
2409, 3
2410, 698355
2416, 6395911
2418, 10476339
2421, 3
2436, 6031735
2446, 7239890
2454, 2840211
2455, 3501450
2464, 0
2467, 76169707
2474, 716209
2476, 0
2480, 70220995
2481, 266387095
2482, 6446703
2489, 5027277
2490, 26195266
2497, 39831409
2498, 8298770
2502, 0
2503, 24572091
2508, 123983294
2510, 47108732
2515, 2889124
2525, 8011504
2530, -1373575633
2532, 2781576
2533, 21292058
2536, 14239739
2544, 3687311
2547, 8014699
2551, 724252
2552, 1649349
2554, 352592745
2555, 7828188
2557, 0
2559, 4231401
2562, 33787333
2565, 1827685
2569, 1450004
2570, 0
2575, 40697717
2576, 0
2578, 1081001
2579, 3678414
2582, 725544
2586, 0
2588, 0
2592, 0
2594, 0
2597, 29115667
2599, 8880945
2604, 1149353
2610, 0
2611, 2220296
2612, 103366239
2614, 0
2615, 15660302
2616, 1113705
2618, 14491794
2620, 92476734
2621, 0
2622, 3236082
2623, 107138315
2625, 98072419
2627, 24263194
2628, 13036358
2631, 130763074
2633, 0
2641, 6177097
2642, 27549539
2644, 4452171
2647, 0
2649, 1495209
2653, 61591487
2655, 2
2664, 15158620
2665, 47922111
2666, 36382874
2669, 101168890
2672, 966662779
2677, 0
2678, 334125298
2684, 0
2689, 16221489
2693, 2700445
2698, 1821447
2699, 0
2701, 171338650
2702, 6851495
2705, 10254243
2714, 4272795
2720, 30596226
2731, 2569497
2733, 6
2734, 119148693
2735, 0
2737, 3551952
2738, 11742094
2741, 0
2750, 8788096
2756, 0
2757, 135840812
2760, 0
2763, 25514650
2764, 8880118
2766, 0
2771, 894274
2781, 17
2784, 238323127
2785, 4454778
2788, 0
2795, 925354
2797, 6277699
2802, 0
2805, 17887938
2807, 445225484
2811, 151958504
2814, 5384999
2819, 14777742
2821, 587648998
2823, 124589461
2828, 900169
2833, 12300942
2836, 11703719
2837, 261177886
2839, 0
2841, -75300865
2857, 40192266
2865, 58763140
2866, 16951592
2867, 4627140
2868, 2996874
2869, 8329122
2872, 2776448
2873, 0
2874, 1550363179
2876, 1426804
2878, 1
2879, 0
2881, 925500
2883, 8133161
2884, 0
2888, 18009473
2891, 3736794
2893, 108055701
2899, 7404587
2900, 11604328
2902, 3052022
2903, 9264614
2906, 13745446
2907, 7457700
2910, 11104153
2912, 26318568
2913, 0
2923, 1540060
2926, 1372190104
2929, 1879634
2936, 947392
2938, 813965963
2944, 3
2951, 1041394
2954, 432215227
2955, 2996560
2968, 0
2971, 0
2972, 12696686
2974, 0
2985, 1154333
2987, 0
2989, 4069206
3000, 3804810
3003, 5319902
3005, 228066487
3014, 0
3017, 6992201
3023, 2162867
3024, 0
3027, 5009997
3028, 5085314
3029, 0
3031, 5640937
3032, 50615257
3035, 72
3040, 436055435
3041, 51832920
3046, 1013415
3049, 1070474
3051, 0
3052, 0
3056, 1017017
3058, 30
3061, 0
3063, 17289445
3065, 1128089
3071, 4068300
3072, 3724848
3075, 3477246
3077, 102301094
3084, 0
3092, 0
3096, 1114111
3097, 13002022
3102, 0
3103, 1
3106, 1076667257
3108, 98815185
3114, 0
3118, 10363816
3121, 180771950
3124, 71315697
3132, 213579087
3142, 4159422
3143, 12525354
3147, 1039876
3149, 52404364
3154, 49874871
3156, 75214200
3157, 3119666
3160, 1569562
3168, 2160163
3183, 3123632
3186, 14656224
3195, 4867978
3199, 54933591
3200, 0
3202, 0
3206, 579116962
3208, 1041377
3214, 0
3233, 29654471
3237, 20
3238, 27228509
3244, 1048340
3246, 0
3247, 0
3248, 60893101
3261, 8734074
3264, 5245149
3268, 0
3272, 1941739944
3275, 0
3280, 11558662
3282, 3152676
3288, 0
3289, 0
3290, 1050889
3291, 1457002
3292, 0
3293, 4319105
3298, 11560129
3299, 0
3304, 1672625
3310, 0
3313, 1050975
3314, 3153131
3315, 4630096
3316, 0
3318, 29434085
3323, 1
3324, 1471437469
3326, 11561296
3327, 0
3329, 26983845
3332, 0
3333, 39404278
3338, 49509559
3341, 18969719
3346, 7377823
3350, 16041638
3356, 31548517
3357, 5270289
3365, 2780136
3369, 3162499
3370, 1
3372, 0
3375, 72917761
3376, 1
3380, 115185491
3382, 2114376
3384, 69494150
3385, 0
3394, 0
3395, 9
3396, 2162014
3398, 8458695
3400, 35948308
3401, 36203770
3402, 1059067291
3409, 9485447
3410, 3700778
3413, 0
3414, 1057819
3416, 0
3417, 1
3421, 3173636
3424, 0
3425, 5289888
3427, 0
3432, 0
3438, 4257170
3441, 6478185
3446, 0
3448, 28524647
3452, 8828571
3453, 0
3454, 12957046
3461, 2
3462, 10
3465, 4323944
3467, 1079852
3469, 0
3470, 0
3472, 18358500
3473, 76688820
3475, 15119882
3477, 0
3484, 0
3485, 60878604
3489, 0
3491, 0
3493, 88389200
3494, 3240456
3502, 48939921
3503, 992535129
3508, 1080174
3509, 143596411
3512, 1080205
3513, 29943718
3514, 1080962
3517, 2161947
3518, 3242931
3519, 1
3521, 262432446
3525, 33303788
3528, 19108342
3532, 7130600
3533, 0
3535, 1861399
3536, 1706373
3537, 219473705
3538, 2162981
3543, 1081006
3544, 35892763
3545, 310648415
3546, 637722110
3548, 17297519
3550, 1526166
3551, 5405928
3552, 0
3553, 0
3554, 15138828
3556, 0
3557, 1133854
3560, 6
3565, 2162881
3568, 1716446
3569, 2774092
3572, 10390381
3574, 0
3575, 1091895
3578, 3600640
3579, 4
3580, 8694661
3582, 2
3589, 41725441
3590, 0
3593, 0
3596, 1808880
3597, 10830107
3602, 7643175
3603, 0
3605, 1087107
3609, 59704982
3610, 0
3611, 3261464
3615, 5435703
3621, 409059301
3623, 65944164
3628, 5458640
3634, 281783822
3635, 114124791
3637, 41276507
3639, 163502344
3640, 3275442
3641, 40752840
3642, 0
3645, 1091852
3646, 0
3647, 9259784
3649, 0
3650, 0
3651, 1648227
3659, 24121249
3664, 26199803
3674, 2183973
3676, 62488313
3680, 129167405
3681, 2
3682, 1111633
3683, 0
3684, -2052935193
3685, 2
3690, 0
3692, 5637208
3696, 3
3697, 1111629
3698, 6634741
3700, 1112001
3701, 51914322
3708, 2223998
3709, 59016446
3710, 188873135
3711, 409672628
3716, 2225043
3721, 4
3722, 5135987
3723, 10499155
3725, 21229857
3736, 23639453
3737, 23339090
3753, 45315967
3755, 25014347
3757, 134647217
3759, 1741352
3766, 1114483
3775, 0
3777, 6704697
3779, 0
3783, 1117478
3786, 0
3787, 10057472
3794, 2236522
3795, 1118271
3801, 7533130
3803, 38297858
3804, 6712666
3806, 2237760
3808, 1118912
3811, 327638426
3812, 45
3816, 9221377
3818, 472192695
3821, 0
3822, 0
3825, 1122793
3826, 13472517
3831, 1651765
3832, 1123597
3837, 1137040
3839, 0
3840, 10116760
3844, 0
3845, 16
3846, 17972557
3847, 17787381
3848, 3070414
3849, 11228837
3851, 0
3855, 0
3857, 0
3859, 52494150
3860, 12
3863, 4
3866, 0
3867, 0
3872, 10110900
3873, 1123576
3874, 55918418
3875, 12
3876, 0
3882, 14
3885, 0
3887, 10112725
3888, 6742265
3891, 45347809
3896, 13559512
3897, 1391485
3898, 2247556
3899, 3371173
3900, 3371238
3901, 387732860
3902, 97606264
3903, 0
3909, 1126528
3912, 3355079
3918, 0
3919, 5
3920, 0
3922, 41947144
3923, 1126539
3926, 4174442
3927, 2089541488
3928, 3642927
3931, 71874040
3936, 0
3937, 9825068
3939, 1128161
3944, 0
3945, 75649409
3948, 1543585455
3949, 2267700
3950, 0
3951, 1146535
3952, 0
3956, 2260764
3958, 207199346
3959, 26307420
3960, 58936087
3969, 368596242
3970, 8646228
3976, 1152561
3981, 0
3983, 302867525
3987, 1137343
3988, 67865924
3992, 386131046
3993, 392518170
3995, 14856861
3996, 303321314
4000, 0
4002, 148198577
4003, 1
4005, 0
4008, 798505040
4011, 32644991
4016, 1149326
4019, 0
4020, 34577802
4027, 0
4031, 0
4035, 67
4036, 9883142
4037, 10160605
4040, 87449011
4041, 0
4042, 504118527
4043, 2495670
4045, 1154332
4046, 29397696
4047, 9663536
4048, 30342909
4049, 1
4053, 144405180
4054, 76404732
4055, 2309152
4056, 0
4057, 0
4061, 1
4069, 0
4076, 21000649
4078, 28493325
4079, 0
4080, 3485740
4084, 0
4085, 3760724
4086, 114885292
4087, 131647679
4089, 1163965
4092, 0
4096, 48484367
4097, 0
4099, 0
4100, 26009891
4102, 18626102
4105, 2328362
4106, 23459354
4111, 40839744
4114, 0
4117, 36677114
4118, 14751742
4119, 0
4120, 1
4126, 1296761
4128, 0
4129, 2
4133, 6991093
4135, 4660518
4137, 8850230
4138, 1165163
4140, 0
4144, 811143579
4145, 0
4149, 64040251
4155, 22146362
4158, 3999746
4160, 0
4162, 0
4164, 0
4166, 1165644
4167, 3432886
4170, 2
4171, 0
4173, 0
4176, 0
4177, -2043716668
4180, 10960832
4181, 0
4183, 263043697
4189, 13
4192, 3447632
4194, 18841125
4197, 0
4198, 139773541
4199, 4663993
4204, 7012274
4213, 547100295
4217, 0
4218, 0
4220, 1212981
4222, 0
4225, 0
4231, 1648505336
4232, 3
4234, 1
4235, 3684075
4239, 2459807
4241, 5074136
4243, 0
4245, 39926769
4246, 31890352
4248, 16427177
4249, 0
4250, 6159346
4259, 1231640
4261, 0
4262, 57599982
4266, 0
4272, 0
4274, 7448291
4275, 10159192
4279, 30875693
4281, 133424068
4282, 0
4286, 0
4291, 1390796
4294, 1235210
4298, 211409181
4304, 121673549
4312, 723262622
4315, 1
4317, 0
4322, 7412803
4324, 1236887
4325, 9415895
4330, 1235741
4331, 12356965
4333, 298593954
4336, 199397543
4338, 2918073
4340, 6
4342, 0
4344, 51989467
4345, 14163306
4346, 3743471
4347, 0
4348, 0
4350, 2495710
4351, 87332334
4354, 363593020
4359, 0
4361, 195336014
4362, 957833744
4363, 3469442
4366, 8518209
4367, 37876695
4373, 1670479
4377, 2505613
4379, 2
4384, 11275384
4391, 0
4398, 4863146
4399, 20268282
4400, 97526393
4401, 1252825
4402, 3886411
4407, 3758527
4408, 0
4409, 0
4412, 0
4415, 23598514
4416, 7522382
4417, 1253688
4419, 7522214
4421, 3725493
4423, 283422345
4426, 16299904
4428, 126467098
4430, 3300021
4433, 21838357
4437, 53216180
4438, 1254086
4446, 1448344
4463, 3330287
4466, 45001395
4475, 2522066
4477, 7704139
4481, 2852337
4486, 0
4488, 3765438
4491, 2510372
4499, 0
4500, 80456466
4503, 0
4504, 5061042
4507, 0
4517, 16267694
4520, 88569037
4524, 7608686
4526, 22029072
4527, 1268184
4528, 422870979
4535, 13823401
4536, 1268189
4540, 6341545
4542, 10
4543, 2536687
4544, 5079473
4545, 3
4547, 0
4548, 3805645
4555, 1649289
4556, 452944622
4558, 61071834
4561, 0
4563, 0
4568, 1276307
4569, 2568024
4571, 1540068
4572, 13062569
4576, 0
4577, 2552501
4580, 36681746
4586, 0
4591, 1276277
4594, 5455207
4600, 31616406
4606, 64179611
4607, 3851836
4614, 82893671
4615, 0
4619, 11661776
4621, 18536919
4622, 94051211
4625, 0
4626, 16271672
4636, 0
4637, 6
4639, 122661002
4640, 2588371
4642, 172033411
4643, 1404253
4645, 1
4648, 1622939
4649, 1440121
4653, 5827918
4655, 6477240
4658, 209150716
4659, 18543819
4660, 6
4661, 48166472
4668, 1295553
4669, 1295493
4671, 7773078
4672, 59035745
4673, 5182222
4675, 10364297
4676, 8018097
4677, 32620659
4678, 4426846
4681, 0
4683, 0
4685, 7456198
4692, 921214052
4696, 20863082
4697, 2
4698, 1621796
4700, 0
4701, 109621979
4706, 147277355
4707, 371560599
4709, 3072899
4710, 5171156
4716, 0
4718, 21
4720, 23251812
4721, -2078916568
4730, 6
4731, 2667250
4733, 1426125
4740, 0
4741, 0
4745, 28007127
4747, 4172377
4750, 1334786
4753, 17244967
4757, 27
4758, 4
4759, 9344245
4760, 19564760
4763, 6886953
4767, 53169670
4770, 44058885
4773, 0
4782, 282648924
4783, 21415385
4786, 0
4790, 262370967
4793, 9480559
4794, 1418535
4796, 5417885
4797, 4063579
4800, 121834574
4801, 1355049
4805, 0
4807, 31174768
4812, 0
4814, 3667990
4817, 1355617
4820, 4066844
4821, 67439643
4822, 0
4828, 1355661
4832, 235714900
4833, 2
4834, 0
4837, 5423409
4842, 109777498
4854, 18129204
4856, 0
4863, 20385689
4872, 43441157
4875, 1358256
4878, 0
4890, 66559086
4891, 9148285
4893, 2773875
4896, 0
4903, 63840387
4904, 0
4910, 129875298
4915, 0
4922, 0
4923, 189442066
4925, 57438890
4927, 1
4928, 29182005
4934, 8338078
4945, 3
4947, 3303525
4948, 11118451
4949, 11119068
4953, 1905284982
4954, 0
4959, 11243195
4961, 112451047
4964, 0
4965, 2780144
4971, 52438909
4972, 0
4974, 25023258
4975, 0
4977, 9
4985, 1
4987, 38950859
4991, 38024474
4994, 0
5000, 41338806
5001, 8688664
5002, 8657082
5005, 25033213
5010, 86096473
5015, 62606648
5016, 8347554
5017, 30938490
5018, 5620359
5029, 1616068
5031, 7345448
5034, 35930975
5036, 12518050
5040, 1391376
5043, 0
5044, 18088093
5045, 11131516
5052, 1391463
5058, 3687830
5059, 1391507
5066, 9740615
5068, 8349547
5069, 1445033
5072, 74384347
5080, 5566532
5081, 70407943
5082, 34796401
5086, 1391654
5087, 0
5091, 40330434
5092, 1392124
5093, 4848393
5094, 898949495
5096, 0
5098, 13269066
5100, 3620347
5101, 107054710
5106, 0
5108, 2
5115, 0
5122, 0
5124, 4812144
5136, 61133885
5142, 1408121
5144, 0
5147, 0
5148, 0
5150, 0
5153, 4
5160, 1411466
5165, 0
5170, 1418437
5175, 25651132
5177, 3715198
5178, 0
5179, 0
5181, 0
5184, 2837092
5196, 22697258
5197, 9930430
5198, 1
5199, 24161868
5200, 5676088
5210, 22747236
5217, 21474188
5218, 2842451
5223, 9968760
5227, 0
5228, 0
5229, 288213016
5230, 0
5231, 30
5232, 31557004
5239, 13609209
5244, 1424420
5246, 4273318
5250, 2879492
5251, 8560242
5253, 7129382
5259, 105558532
5260, 2851791
5263, 1772874
5267, 142034748
5268, 0
5273, 19747039
5274, 0
5279, 9982483
5281, 2895534
5282, 4278311
5286, 1455895
5287, 13745778
5292, 341883699
5295, 36907658
5296, 2853595
5301, 140612090
5304, 16402195
5309, 649488269
5310, 7155707
5312, 53578964
5315, 4293507
5316, 0
5323, 14397229
5328, 16377761
5329, 4320051
5332, 1440093
5337, 326839046
5338, 10717172
5340, 93626064
5342, 0
5344, 0
5357, 0
5360, 7549332
5363, 0
5365, 47917742
5371, 214214815
5372, 3197913
5373, 49505716
5375, 1719810
5378, 13870302
5387, 49619377
5389, 4344580
5394, 0
5395, 20276231
5396, 1448298
5398, 2896685
5399, 14822428
5407, 1722921
5417, 0
5419, 11591766
5420, 76679721
5431, 28985449
5432, 0
5433, 1455177
5441, 1449343
5442, 177113149
5443, 0
5450, 33269162
5453, 1456590
5463, 0
5464, 0
5473, 7310270
5480, 6668580
5482, 79422514
5483, 1
5484, 5
5486, 5824930
5487, 0
5495, 4
5498, 28696821
5499, 1461791
5506, 76150399
5513, 288235808
5516, 12918911
5523, 1456601
5524, 1456598
5526, 2
5534, 14569100
5536, 2913917
5538, 4
5539, 1460185
5542, 34884254
5544, 0
5546, 0
5548, 0
5550, 10882636
5551, 2
5553, 0
5554, 0
5555, 0
5562, 4679861
5564, 1457000
5566, 10208769
5572, 24771718
5575, 21748918
5579, 0
5583, 70960014
5585, 68525914
5587, 14303269
5593, 1661404
5597, 13132227
5598, 0
5601, 4377347
5604, 4708259
5605, 0
5607, 1458365
5609, 27718524
5610, 0
5613, 3024187
5614, 0
5619, 0
5621, 21931404
5622, 4377032
5626, 13131610
5627, 1298696700
5628, 6253612
5631, 1459090
5632, 0
5633, 0
5637, 0
5640, 0
5641, 1459170
5642, 0
5645, 0
5646, 0
5650, 0
5651, 2918343
5656, 6253740
5659, 0
5660, 14597185
5661, 0
5667, 8758806
5672, 4963970
5674, 7299688
5678, 1809275
5679, 9309418
5681, 1459943
5690, 1083979329
5697, 0
5700, 26314495
5701, 52810783
5705, 0
5706, 0
5708, 28728286
5709, 4877922
5710, 0
5712, 52389584
5714, 4614199
5716, 7310733
5718, 0
5723, 11630346
5724, 0
5730, 17484675
5731, 12753752
5732, 19433042
5734, 7127549
5735, 0
5736, 0
5737, 14996723
5738, 5432682
5740, -1967744335
5743, 16876529
5744, 45986515
5751, 7566693
5753, 67839188
5756, 818998466
5761, 7440195
5762, 0
5764, 0
5766, 0
5768, 8929783
5771, 3303732
5775, 67154680
5783, 0
5784, 9353486
5787, 4478008
5789, 18063375
5790, 0
5795, 0
5800, 17916107
5801, 21032728
5809, 5972443
5810, 1592542592
5813, 1645667
5815, 0
5822, 42687601
5823, 0
5825, 0
5830, 3066053
5831, 22332513
5837, 1692096
5838, 0
5844, 4508026
5846, 6010755
5849, 1671515
5852, 0
5860, 9557547
5869, 139487659
5873, 25123007
5875, 1508020
5883, 3236945
5887, 0
5891, 4524081
5893, 0
5896, 47958555
5897, 0
5901, 1822511
5903, 0
5907, 0
5908, 6048746
5917, 60623759
5924, 0
5925, 0
5926, 0
5934, 0
5935, 18887583
5944, 1600616
5945, 4531416
5948, 0
5952, 203589722
5957, 3021042
5958, 0
5963, 214057898
5965, 0
5969, 0
5970, 545751202
5973, 1512084
5974, 0
5975, 0
5977, 1615674
5980, 0
5985, 0
5986, 0
5988, 0
5993, 0
6005, 3451480
6012, 0
6013, 14984362
6015, 92376388
6018, 5182029
6023, 6158363
6030, 0
6031, 289157974
6032, 0
6035, 21267771
6036, 10634067
6040, 1519157
6041, 0
6043, 190855494
6046, 9115234
6051, 7598973
6057, 0
6062, 0
6066, 0
6074, 1645733
6079, 0
6082, 1519836
6085, 849711369
6089, 31969075
6091, 0
6094, -1290634642
6096, 5313963
6099, 0
6100, 0
6101, 1510312192
6103, 0
6104, 6095882
6107, 1572891
6108, 0
6111, 1525814
6113, 0
6114, 0
6116, 0
6117, 0
6121, 12750349
6125, 3070305
6129, 12479486
6131, 27638591
6135, 0
6137, 7305948
6140, 0
6141, 0
6142, 0
6147, 3071728
6152, 0
6153, 200332218
6154, 0
6159, 3071811
6162, 0
6172, 1810887
6179, 4608075
6180, 3072150
6182, 4608195
6183, 27589142
6187, 3072140
6189, 0
6191, 1536080
6194, 0
6201, 0
6205, 46657696
6206, 24941904
6209, 0
6210, 12509550
6214, 106576218
6216, 0
6217, 7687101
6223, 1538063
6226, 0
6227, 1843747
6233, 0
6238, 1538072
6240, 0
6243, 0
6249, 55276405
6250, 0
6254, 64674974
6255, 0
6256, 0
6258, 0
6259, 3080116
6262, 157369215
6265, 1540066
6266, 0
6269, 525445684
6270, 4620189
6275, 0
6277, 0
6278, 0
6293, 0
6299, 0
6300, 0
6301, 1740874
6302, 0
6303, 0
6307, 102075077
6309, 12509287
6310, 1604616
6311, 1678076
6316, 1614054322
6319, 0
6320, 1554888
6321, 1556009
6324, 1555305
6326, 0
6330, 0
6332, 1555730
6333, 0
6334, 1555732
6345, 1556018
6348, 5224008
6349, 1556253
6350, 0
6353, 0
6355, 63935255
6357, 3114940
6358, 0
6360, 5220524
6361, 1556037
6366, 7780141
6382, 1563611
6389, 7781351
6398, 1557457
6400, 124234594
6401, 0
6408, 23035236
6414, 27855283
6415, 102864093
6419, 0
6421, 0
6429, 7310644
6430, 4282712
6435, 0
6437, 3117659
6439, 0
6442, 0
6451, 120157896
6455, 0
6460, 18390502
6463, 3117846
6466, 120495399
6473, 0
6476, 0
6477, 0
6481, 28290014
6483, 0
6484, 0
6485, 1635789
6486, 14039854
6494, 1604009
6495, 40719721
6496, 0
6498, 0
6499, 1563372
6500, 1857785
6501, 0
6503, 27188947
6506, 326230504
6514, 19935227
6515, 9379777
6518, 34827566
6519, 1563306
6521, 0
6522, 6253422
6526, 21989879
6527, 3450828
6531, 17467717
6542, 0
6544, 0
6545, 174809942
6546, 0
6550, 3126837
6555, 3126891
6556, 0
6558, 0
6566, 10945187
6567, 0
6569, 14441907
6570, 8444895
6577, 10945343
6579, 17622184
6588, 1718261
6590, 48477978
6594, 28150334
6610, 0
6626, 4691041
6627, 0
6628, 0
6634, 0
6637, 141262812
6638, 0
6645, 3395410
6646, 80140539
6647, 6369081
6649, 1622425
6651, 596657049
6658, 4809014
6666, 1570891015
6668, 0
6670, 0
6673, 0
6674, 0
6679, 3141209
6694, 0
6696, 7855551
6698, 47423559
6700, 0
6702, 0
6714, 0
6716, 9806983
6722, 0
6726, 0
6742, 51877900
6744, 0
6748, 0
6749, 0
6751, 0
6752, 0
6753, 30070549
6756, 25386202
6757, 0
6761, 69119147
6764, 0
6766, 171703658
6768, 0
6769, 58972188
6770, 27394866
6771, 0
6772, 58471326
6773, 38615023
6774, 0
6776, 25491736
6779, 66150101
6781, 0
6783, 0
6784, 0
6786, 0
6787, 90705938
6788, 0
6789, 3328583
6791, 9603534
6792, 0
6793, 0
6794, 238574615
6800, 0
6812, 17624475
6813, 0
6815, 1727396
6816, 0
6817, 4806753
6818, 101976601
6822, 3638794
6824, 0
6826, 1602684
6827, 0
6828, 1602695
6835, 4848361
6836, 27286476
6847, 0
6854, 1604677
6856, 516408731
6858, 24070675
6860, 0
6862, 90444893
6863, 0
6866, 1604015
6871, 76138431
6872, 0
6882, 10829746
6886, 21103372
6890, 3209248
6892, 0
6898, 24650560
6902, 0
6903, 3209258
6904, 3243009
6908, 1604632
6915, 1604639
6916, 0
6920, 0
6921, 0
6923, 1604858
6936, 692648390
6941, 0
6942, 0
6945, 0
6948, 8023779
6949, 1610611
6950, 469263157
6953, 326781464
6958, 0
6960, 8102811
6961, 0
6966, 0
6972, 0
6976, 1216292063
6979, 8082061
6983, 0
6985, 4836904
6986, 237108310
6988, 1717448
6989, 1614826
6994, 8246608
6996, 0
6998, 3393989
7001, 10061913
7002, 38774495
7005, 12925517
7015, 30708396
7021, 1698869
7023, 0
7025, 1615993
7029, 0
7031, 210862883
7033, 9696173
7035, 0
7041, 12928638
7043, 6482383
7048, 0
7049, 0
7053, 0
7057, 0
7060, 0
7068, 0
7076, 26155416
7079, 111153845
7081, 4849780
7083, 0
7086, 85694444
7089, 113240648
7092, 0
7093, 16184344
7094, 8091932
7095, 1861948
7096, 0
7100, 8092417
7101, 0
7103, 0
7107, 9711152
7108, 6662331
7110, 37258496
7112, 1618541
7133, 0
7139, 4855698
7144, 172796422
7146, 0
7150, 34530664
7152, 0
7154, 19432041
7162, 0
7165, 0
7168, 17658688
7170, 0
7177, 16202635
7181, 4860867
7187, 3277726
7188, 8101576
7192, 1620336
7193, 27546068
7200, 0
7203, 0
7205, 0
7206, 265449878
7214, 0
7218, 0
7223, 3241170
7224, 3669097
7228, 12961593
7229, 0
7239, 0
7247, 0
7252, 12549020
7254, 6482471
7256, 32419627
7257, 19457240
7258, 8116145
7262, 8107496
7263, 0
7264, 0
7268, 1855357
7269, 68102744
7276, 0
7279, 0
7281, 0
7285, 11350898
7288, 0
7294, 133051953
7302, 0
7303, 1809379
7305, 0
7307, 35946005
7311, 160544809
7313, 139177840
7316, 0
7317, 4867142
7320, 0
7325, 6555438
7328, 0
7330, 6492588
7332, 1622403
7335, 6835405
7341, 34452792
7344, 3244831
7346, 1622429
7348, 3246324
7350, 0
7355, 9039307
7356, 0
7360, 1622649
7364, 1622659
7373, 0
7375, 1622661
7378, 1861221
7379, 0
7381, 0
7383, 0
7386, 42518506
7387, 4868023
7392, 161485098
7393, 0
7399, 4741219
7401, 11360335
7408, 3532153
7409, 0
7410, 16358200
7412, 3245865
7416, 0
7421, 29975756
7422, 0
7424, 0
7428, 0
7434, 52630854
7437, 52609854
7438, 1623158
7442, 0
7443, 0
7445, 1631737
7448, 0
7456, 0
7458, 78130506
7460, 150641600
7461, 0
7466, 19489828
7475, 1624584
7477, 0
7486, 122753806
7489, 16372894
7494, 0
7496, 0
7497, 0
7499, 3540116
7503, 0
7504, 1744508
7506, 0
7507, 298475692
7508, 1631599
7510, 0
7514, 24474854
7515, 3263402
7521, 323095157
7523, 4895178
7527, 0
7533, 0
7534, 0
7538, 47352247
7551, 0
7568, 0
7576, 0
7580, 0
7582, 1632930
7591, 0
7595, 0
7599, 0
7607, 53097612
7614, 22720569
7625, 0
7626, 19784132
7631, 8445257
7632, 0
7641, 3288814
7644, 9856094
7646, 0
7647, 4907378
7653, 1635859
7655, 217252945
7660, 0
7666, 151159028
7667, 16375580
7670, 1637716
7671, 85168398
7672, 0
7673, 0
7674, 11504260
7681, 1638869
7685, 3291026
7687, 1638884
7690, 0
7692, 3286870
7693, 0
7694, 1638885
7699, 32909403
7702, 0
7703, 9109996
7705, 0
7710, 24373065
7713, 3282760
7718, 0
7721, 10619506
7725, 0
7726, 16425751
7732, 1643502
7735, 0
7736, 0
7738, 6570482
7739, 1642644
7743, 226683859
7754, 11499027
7756, 0
7758, 1642709
7759, 0
7762, 3540406
7763, 0
7765, 0
7767, 0
7769, 1642739
7776, 116510815
7777, 0
7779, 0
7780, 24649582
7792, 0
7801, 0
7803, 4930474
7814, 3287000
7817, 0
7818, 3287018
7819, 0
7820, 29594494
7821, 8227661
7827, 0
7828, 1644402
7829, 1644404
7834, 5089581
7837, 0
7842, 0
7844, 0
7845, 32943774
7851, 0
7858, 1644974
7867, 251554610
7868, 118880310
7869, 4984233
7874, 0
7875, 0
7878, 4438567
7886, 24768689
7894, 9133216
7895, 13166971
7896, 0
7899, 0
7900, 0
7903, 0
7908, 0
7909, 24686836
7911, 11522341
7914, 6584377
7915, 4938308
7917, 4938347
7923, 1646903
7932, 25049902
7934, 467825599
7935, 3295928
7936, 11034148
7949, 3711290
7952, 86345881
7956, 1648223
7966, 0
7967, 23361029
7979, 10134061
7982, 55818765
7983, 4945848
7990, 0
7991, 3461286
7995, 0
8003, 13189872
8004, 21434649
8008, 454620720
8009, 8244522
8012, 3297848
8019, 0
8021, 6595711
8027, 0
8032, 180542174
8037, 29683580
8039, 13194016
8044, 1649450
8045, 1649269
8047, 6618692
8048, 3298576
8050, 1716273
8051, 1717111
8055, 1649295
8056, 0
8061, 32987891
8062, 0
8064, 0
8065, 0
8066, 3298913
8068, 1649461
8070, 3298919
8071, 0
8074, 0
8075, 3299191
8084, 0
8085, 3299199
8089, 0
8092, 0
8103, 365621389
8105, 3302542
8106, 3618748
8111, 0
8112, 4955184
8119, 0
8120, 0
8121, 1651745
8122, 0
8130, 3303602
8131, 5277010
8132, 0
8133, 44214608
8134, 140124463
8140, 49645841
8141, 13236735
8143, 0
8146, 12028232
8152, 11582370
8153, 18201872
8154, 0
8157, 3309364
8158, 0
8162, 0
8166, 0
8168, 0
8176, 859937673
8179, 0
8180, 0
8183, 3314876
8186, 0
8188, 0
8192, 0
8193, 0
8199, 1657451
8201, 1657711
8202, 1809272
8203, 0
8212, 966054483
8214, 1657712
8215, 0
8224, 5032370
8228, 0
8229, 0
8230, 0
8232, 6634834
8234, 48095695
8235, 0
8237, 0
8239, 18380532
8245, 0
8246, 21594686
8248, 5043575
8250, 0
8252, 5526847
8253, 1658702
8257, 34906736
8265, 0
8268, 0
8272, 0
8275, 0
8276, 0
8282, 0
8288, 1659581
8289, 1658716
8294, 1717334
8308, 3318044
8320, 151104438
8324, 38163431
8334, 0
8337, 0
8338, 21815916
8341, 0
8343, 0
8345, 58240612
8347, 23234517
8353, 0
8354, 3354902
8358, 3322339
8361, 0
8363, 23302171
8366, 1659648
8373, 0
8375, 3663876
8379, 0
8380, 1661166
8381, 14562763
8382, 40676983
8390, 0
8391, 0
8395, 0
8399, 0
8410, 21713435
8415, 0
8418, 0
8419, 153076929
8426, 0
8430, 1142557617
8431, 0
8434, 9968322
8435, 3726267
8441, 1661661
8444, 0
8445, 0
8446, 0
8447, 0
8449, 0
8452, 5233568
8457, 8307153
8460, 9968638
8472, 69102459
8475, 1861374
8478, 0
8479, 1661656
8480, 0
8482, 1853734
8483, 1661660
8487, 0
8488, 0
8494, 6965395
8508, 65206281
8509, 23293130
8520, 1662177
8523, 0
8528, 13298092
8531, 0
8532, 1663586
8533, 0
8536, 0
8547, 60112556
8549, 0
8550, 8317990
8552, 20388106
8556, 28282467
8565, 3390445
8567, 0
8574, 0
8576, 0
8579, 1663710
8588, 1832081
8589, 0
8590, 11618187
8594, 0
8599, 6658566
8614, 0
8616, 0
8617, 0
8621, 0
8628, 4994006
8629, 0
8631, 0
8634, 9198290
8636, 0
8642, 0
8646, 53284091
8648, 0
8649, 15445059
8652, 0
8658, 18317861
8661, 0
8665, 0
8667, 1665353
8670, 0
8671, 5012946
8672, 0
8673, 1665395
8674, 3538012
8676, 73041790
8679, 0
8680, 95872796
8682, 0
8688, 4996217
8694, 1665576
8699, 136134532
8704, 1665597
8719, 16721837
8720, 3567098
8721, 0
8725, 29995506
8726, 6683749
8733, 0
8734, 0
8736, 53348513
8737, 0
8739, 0
8744, 0
8745, 1668616
8750, 1668622
8752, 0
8755, 111253794
8761, 0
8764, 0
8769, 3340648
8776, 3667051
8778, 0
8779, 6696122
8782, 0
8784, 11867482
8786, 0
8789, 18374585
8794, 23509971
8797, 1670446
8799, 1701376799
8801, 5011403
8802, 0
8809, 0
8811, 154032727
8812, 1670641
8814, 5011931
8817, 0
8820, 10024040
8826, 3342000
8828, 8354969
8843, 67338422
8847, 6724711
8850, 0
8857, 0
8864, 0
8866, 0
8867, 70233253
8871, 58569675
8872, 1672651
8875, 0
8883, 3345758
8886, 3345768
8887, 19551519
8890, 0
8891, 5382912
8894, 18687380
8900, 0
8901, 0
8906, 8370267
8913, 1677434
8914, 0
8916, 0
8923, 0
8927, 0
8932, 3617707
8933, 6710086
8938, 2432992
8940, 0
8948, 0
8955, 0
8967, 1678082
8974, 1839132
8977, 0
8978, 0
8981, 0
8984, 21810111
8991, 6867744
8994, 0
8995, 0
8996, 10069241
8998, 0
9002, 0
9003, 5040397
9005, 0
9014, 0
9015, 14622877
9017, 3356160
9019, 0
9021, 5564781
9022, 1811302
9024, 8851487
9025, 39595812
9026, 1678094
9028, 6713053
9031, 0
9035, 156532433
9039, 8391481
9041, 1678283
9043, 0
9044, 5118245
9046, 10069848
9052, 0
9054, 0
9059, 1680168
9062, 287450061
9067, 0
9068, 29738902
9072, 410040856
9075, 6720628
9077, 0
9078, 5123268
9080, 0
9081, 1680169
9082, 18482002
9093, 23523273
9096, 1859139
9097, 0
9098, 1680276
9099, 1680280
9102, 12066801
9107, 15122660
9109, 0
9114, 66661850
9118, 1681377
9120, 5043554
9123, 0
9124, 1788242
9136, 0
9139, 0
9141, 28673293
9144, 0
9146, 0
9154, 0
9160, 25298262
9161, 13584712
9162, 0
9163, 412511197
9166, 1686568
9180, 5059720
9185, 0
9187, 1686841
9189, 20241280
9191, 1686825
9193, 3488103
9197, 19143242
9199, 42301408
9203, 0
9205, 1686843
9211, 3377898
9220, 1689018
9221, 0
9225, 0
9237, 0
9238, 8460544
9243, 44000393
9246, 64425475
9248, 5080239
9257, 1693468
9260, 1693470
9265, 0
9266, 0
9268, 0
9269, 71628091
9286, 0
9290, 0
9300, 20525625
9304, 0
9305, 55933926
9307, 5089633
9310, 23237412
9313, 1706379
9316, 0
9317, 340851767
9327, 0
9330, 0
9335, 0
9342, 0
9344, 0
9354, 1696797
9355, 0
9366, 1696811
9379, 1780768
9380, 3393627
9381, 3393700
9382, 3393633
9386, 0
9390, 14355277
9391, 0
9395, 1698827
9400, 0
9401, 29192664
9402, 0
9404, 47570107
9406, 1698991
9407, 0
9417, 465036086
9418, 0
9419, 0
9420, 0
9421, 3545640
9422, 0
9427, 44224349
9429, 0
9431, 1701082
9439, 6804569
9444, 0
9449, 228560486
9451, 6804646
9455, 3443516
9456, 1701218
9458, 9129728
9459, 0
9462, 0
9468, 3405032
9470, 0
9471, 0
9478, 1702818
9481, 1827611
9486, 0
9490, 1792978
9491, 0
9492, 57868562
9498, 0
9501, 95566948
9502, 10935189
9503, 0
9504, 0
9506, 5114246
9509, 0
9514, 34212376
9518, 0
9523, 1704918
9525, 0
9533, 0
9534, 106546967
9539, 0
9542, 1708867
9544, 0
9545, 0
9547, 0
9550, 37534546
9552, 49480913
9556, 0
9557, 0
9558, 146899550
9559, 1706374
9561, 1706377
9563, 1706378
9564, 30368122
9565, 5119374
9566, 5119284
9569, 6825901
9581, 46098923
9584, 32442157
9586, 32434269
9587, 3415019
9588, 0
9609, 5123187
9612, 0
9617, 0
9618, 1707736
9621, 1707760
9622, 3417752
9624, 0
9645, 41193330
9652, 105324785
9653, 1708872
9658, 0
9668, 0
9669, 1820833
9672, 10384002
9676, 0
9679, 0
9684, 0
9690, 0
9691, 3418538
9704, 37607605
9710, 0
9711, 0
9712, 46369703
9713, 0
9714, 9133785
9716, 24132095
9717, 0
9720, 0
9724, 0
9728, 1709567
9729, 1696799
9734, 0
9736, 0
9740, 1709568
9754, 0
9756, 3431577
9762, 0
9763, 1715791
9766, 0
9769, 20594941
9776, 25737659
9783, 1715966
9785, 1715969
9792, 0
9793, 5455116
9800, 15467287
9804, 0
9805, 1716261
9807, 0
9808, 6865075
9821, 1716443
9823, 1716451
9825, 0
9826, 0
9833, 1832122
9834, 0
9836, 1716463
9839, 0
9840, 3628670
9842, 3432934
9844, 0
9849, 1850086
9850, 0
9853, 0
9855, 1716732
9858, 8653497
9867, 0
9868, 0
9871, 49848878
9878, 0
9880, 1717092
9881, 1717101
9885, 3434194
9889, 0
9890, 3706895
9893, 0
9896, 361550732
9899, 0
9900, 1717140
9904, 20607715
9909, 0
9913, 0
9915, 1817622
9919, 13740069
9920, 0
9923, 0
9924, 118013314
9926, 0
9927, 1744059
9928, 273710712
9932, 5154613
9933, 0
9934, 1718213
9935, 0
9937, 0
9941, 0
9942, 0
9944, 6872958
9947, 255784563
9950, 0
9960, 6873013
9962, 1718262
9963, 0
9991, 0
9992, 0
9999, 0
10000, 0
10001, 7080851
10003, 0
10007, 144950853
10011, 0
10019, 0
10023, 0
10024, 0
10027, 0
10030, 1863265
10031, 3437084
10032, 0
10034, 9131914
10035, 17207751
10041, 0
10043, 0
10046, 5206805
10049, 10311299
10052, 0
10053, 0
10054, 0
10059, 174546003
10061, 0
10062, 0
10063, 1718603
10072, 8693811
10074, 0
10075, 0
10076, 160953920
10080, 0
10084, 0
10086, 3575951
10090, 0
10095, 229715170
10103, 1720570
10104, 0
10105, 3445824
10106, 29250838
10110, 0
10111, 0
10118, 34417184
10121, 0
10122, 1721714
10124, 0
10130, 1724926
10134, 22673266
10135, 0
10137, 0
10138, 1721755
10144, 0
10148, 8608867
10152, 1777261
10156, 0
10159, 0
10171, 1722855
10175, 0
10178, 1722861
10179, 0
10183, 0
10184, 0
10189, 0
10194, 323107008
10202, 0
10203, 1723742
10204, 17189893
10205, 0
10206, 99458280
10211, 6895023
10213, 0
10217, 120596091
10221, 0
10227, 22644992
10231, 1784019
10234, 0
10238, 0
10239, 1808863
10246, 0
10247, 0
10251, 7109002
10258, 1724938
10264, 10352114
10265, 19847681
10266, 64003538
10269, 0
10271, 1793029
10272, 32954637
10273, 0
10277, 0
10280, 24168321
10284, 1726350
10286, 6905620
10290, 10358775
10299, 24171408
10300, 0
10303, 0
10306, 1825554
10309, 1726729
10312, 1726731
10313, 3453508
10316, 0
10322, 0
10323, 1737721
10326, 3453471
10327, 1726739
10328, 3536518
10330, 93232928
10333, 19667096
10335, 15545500
10339, 0
10341, 0
10346, 1806421
10350, 27626289
10353, 0
10365, 65057336
10366, 127135226
10368, 33979933
10376, 0
10377, 1727397
10381, 0
10386, 0
10397, 0
10400, 386940159
10401, 0
10402, 0
10408, 3461252
10410, 3481730
10416, 0
10422, 0
10424, 0
10427, 3540419
10429, 0
10435, 0
10436, 0
10437, 0
10443, 1857762
10446, 88416478
10454, 0
10458, 5437491
10461, 0
10466, 7306286
10469, 3463440
10473, 1853378
10475, 50365144
10476, 6926984
10481, 0
10482, 0
10483, 1731763
10487, 0
10491, 0
10494, 0
10503, 68880644
10509, 0
10516, 1734573
10517, 1734726
10521, 0
10522, 0
10524, 6950850
10526, 20827037
10535, 0
10537, 0
10538, 0
10539, 0
10543, 5206818
10547, 13037272
10549, 8678181
10553, 10414137
10554, 0
10567, 0
10570, 0
10571, 0
10576, 0
10578, 0
10579, 0
10580, 71613971
10583, 39168907
10590, 0
10591, 0
10596, 20863728
10598, 0
10600, 0
10602, 9063165
10605, 0
10608, 0
10609, 0
10610, 5351847
10611, 0
10613, 20865515
10614, 5222706
10616, 1740155
10617, 1740156
10621, 3480327
10622, 0
10629, 1740171
10632, 3602873
10640, 6961306
10646, 0
10648, 0
10661, 1740909
10663, 3587086
10670, 3635732
10675, 20995520
10676, 0
10679, 0
10696, 10621456
10698, 1741163
10701, 7276944
10703, 0
10705, 5380448
10707, 0
10708, 3482708
10712, 10649598
10714, 0
10718, 3488993
10728, 0
10729, 0
10740, 8719597
10744, 0
10745, 0
10746, 0
10749, 0
10750, 0
10752, 10464133
10756, 0
10758, 6976154
10769, 0
10773, 19188572
10774, 54141367
10775, 83867633
10776, 29653973
10779, 7176242
10780, 0
10785, 0
10791, 0
10808, 6988030
10809, 5239237
10811, 0
10812, 3493991
10814, 0
10819, 35934466
10820, 54176794
10825, 0
10828, 3672505
10834, 0
10837, 0
10839, 5567333
10841, 1747684
10844, 0
10849, 0
10850, 0
10857, 1747950
10858, 8739072
10860, 3495662
10861, 0
10862, 5355063
10863, 1747883
10870, 15730552
10876, 13983308
10881, 0
10887, 1747946
10892, 0
10893, 10868214
10898, 601212412
10899, 0
10903, 3538017
10909, 2030914828
10912, 8841219
10917, 1768958
10918, 3537989
10920, 41280017
10925, 3537944
10926, 0
10928, 3537980
10930, 32988625
10931, 8845125
10933, 0
10934, 0
10937, 0
10941, 0
10943, 0
10945, 0
10946, 31860248
10950, 0
10951, 1769212
10952, 5307133
10957, 0
10958, 1769218
10962, 1769240
10963, 0
10972, 0
10980, 9310209
10984, 0
10987, 1770254
10988, 1770259
10993, 1770261
10997, 0
11002, 5387396
11009, 3545260
11011, 1770310
11012, 0
11014, 1770322
11016, 333149062
11018, 1810950
11019, 0
11021, 0
11025, 14178123
11028, 8864062
11030, 12407080
11031, 1772624
11034, 10635695
11035, 0
11040, 0
11042, 1772628
11045, 0
11048, 0
11051, 0
11053, 10635920
11054, 156723955
11056, 15954702
11058, 0
11059, 56232530
11060, 1850446
11061, 39774078
11071, 0
11072, 83346716
11074, 0
11081, 456538693
11082, 0
11085, 0
11092, 1772941
11094, 1772856
11097, 0
11098, 1772871
11100, 3636822
11101, 0
11102, 3567212
11108, 28420379
11115, 15925071
11116, 0
11131, 1772942
11133, 0
11134, 5431598
11136, 0
11141, 1772879
11142, 1881679927
11143, 60250758
11145, 0
11146, 24820482
11147, 8864564
11151, 0
11153, 1772924
11154, 0
11167, 0
11176, 29157302
11177, 0
11178, 30231775
11180, 5318799
11186, 0
11206, 19996036
11211, 0
11217, 0
11218, 1788241
11225, 0
11228, 27352285
11230, 0
11236, 5325036
11239, 0
11247, 0
11248, 0
11249, 0
11255, 0
11259, 1843904
11260, 1846575
11262, 1843039
11264, 21402229
11266, 10767980
11277, 0
11281, 0
11284, 7123046
11286, 155030727
11288, 0
11291, 9168874
11300, 14540228
11301, 0
11303, 8917793
11306, 7134278
11317, 28823443
11318, 112199366
11319, 0
11324, 0
11325, 1784031
11329, 0
11332, 5480031
11335, 0
11349, 1785026
11359, 1855921
11361, 3570058
11362, 0
11363, 1785033
11368, 0
11376, 0
11380, 9136984
11382, 3570069
11384, 0
11392, 0
11394, 23654980
11395, 196281510
11398, 48256355
11407, 3575903
11411, 0
11414, 0
11416, 0
11417, 1817778
11418, 0
11423, 0
11426, 3700207
11433, 3575960
11437, 0
11439, 69735155
11443, 0
11445, 8967792
11449, 0
11464, 0
11475, 5364862
11498, 0
11499, 0
11501, 0
11503, 1788477
11504, 336724759
11506, 3576958
11517, 1792848
11521, 16135846
11523, 0
11530, 14343641
11535, 7172053
11536, 0
11538, 5380498
11540, 605777207
11541, 0
11542, 10761180
11546, 1861781
11552, 0
11556, 0
11557, 0
11562, 0
11563, 0
11568, 8971794
11570, 30921259
11574, 0
11576, 1794389
11583, 1794391
11596, 0
11598, 0
11604, 0
11608, 0
11609, 35891290
11612, 0
11618, 10767845
11621, 3589255
11629, 1820899
11630, 0
11632, 3624824
11640, 21264083
11645, 7179437
11657, 0
11661, 3653362
11662, 5386770
11663, 0
11669, 25128486
11670, 0
11679, 0
11682, 0
11697, 1794913
11705, 15465170
11714, 1824788
11715, 0
11716, 21675990
11721, 3590061
11726, 0
11727, 91438893
11730, 7180945
11733, 3699358
11743, 0
11745, 0
11749, 0
11750, 0
11757, 0
11759, 0
11762, 0
11763, 3591197
11765, 519045837
11768, 7242073
11771, 1808927
11773, 11161192
11778, 1799272
11780, 0
11785, 1799273
11786, 93320010
11790, 3598549
11804, 1799334
11818, 0
11821, 0
11823, 0
11824, 0
11825, 7205765
11828, 9132614
11830, 0
11832, 3602994
11838, 1801506
11846, 10809181
11847, 10810208
11850, 23481510
11853, 0
11859, 1861926
11868, 0
11870, 1806409
11877, 0
11885, 5426464
11895, 12645018
11897, 0
11898, 0
11901, 3617703
11906, 1806443
11909, 0
11917, 0
11918, 1806447
11919, 57278494
11926, 67109523
11928, 27148556
11930, 0
11932, 12595041
11934, 3612928
11936, 0
11945, 0
11947, 18093478
11953, 0
11964, 3687947
11966, 39802109
11974, 0
11976, 3617715
11978, 0
11980, 1808141
11984, 3616819
11985, 1807952
11998, 7235346
12004, 0
12010, 0
12013, 0
12017, 3617711
12018, 0
12019, 0
12021, 0
12025, 0
12027, 5554386
12028, 0
12031, 0
12032, 0
12036, 0
12037, 0
12039, 23720723
12040, 0
12042, 0
12057, 1809384
12063, 10855740
12064, 14490309
12067, 1809300
12069, 0
12081, 0
12082, 5573971
12086, 0
12087, 39808874
12088, 21832842
12097, 0
12099, 1809646
12103, 1810159
12104, 0
12106, 12794538
12107, 144199383
12111, 0
12117, 0
12120, 0
12122, 0
12126, 0
12129, 1826426
12135, 5543367
12137, 0
12138, 0
12142, 0
12145, 3620963
12146, 0
12148, 1810483
12156, 0
12160, 0
12163, 5431472
12166, 107622544
12176, 198752153
12178, 5583790
12185, 7242187
12189, 0
12192, 0
12194, 0
12198, 63791011
12201, 0
12202, 0
12203, 0
12204, 1810885
12205, 0
12208, 0
12210, 0
12212, 0
12213, 1810888
12217, 0
12219, 0
12223, 0
12233, 10865762
12234, 0
12236, 0
12242, 3621950
12249, 61577296
12252, 9093138
12253, 1811270
12259, 1822843
12260, 21750378
12263, 0
12264, 3622752
12265, 0
12266, 0
12269, 12679783
12272, 0
12273, 0
12274, 1811419
12280, 0
12281, 3623031
12285, 1811520
12289, 0
12290, 0
12291, 0
12295, 0
12301, 387520441
12306, 0
12308, 0
12310, 56250628
12312, 3624888
12318, 0
12320, 0
12330, 3623489
12333, 0
12334, 1813027
12336, 1817863
12337, 28759056
12338, 1812042
12341, 0
12347, 0
12352, 0
12357, 41788623
12358, 1812402
12360, 3624794
12361, 0
12362, 0
12363, 1812419
12366, 5437272
12374, 0
12377, 0
12378, 0
12383, 7310494
12386, 0
12390, 9268410
12394, 5528406
12395, 0
12402, 85497295
12403, 1812508
12406, 1812512
12408, 1812513
12412, 1812514
12413, 0
12418, 21750712
12419, 1812648
12424, 1819074
12425, 0
12427, 7330506
12435, 1820830
12444, 0
12445, 1813852
12452, 0
12457, 0
12460, 0
12466, 47134320
12468, 0
12473, 5439059
12474, 1813010
12478, 0
12481, 175185938
12482, 33088932
12484, 43667432
12485, 0
12486, 0
12489, 1817679
12491, 5441538
12498, 3726566
12501, 0
12512, 3628017
12516, 0
12517, 7256293
12518, 25396504
12519, 1814068
12522, 9070306
12530, 7270565
12532, 1817667
12535, 0
12536, 1817681
12543, 1817747
12547, 0
12552, 0
12554, 0
12558, 0
12562, 0
12566, 0
12567, 0
12569, 0
12570, 0
12573, 12729494
12577, 0
12591, 0
12595, 0
12597, 12725205
12605, 0
12606, 0
12610, 41526204
12617, 84326851
12622, 1818357
12631, 1859803
12634, 0
12637, 0
12640, 0
12643, 21821251
12651, 7273564
12652, 3636794
12653, 16425247
12659, 1827921
12660, 7327958
12664, 5455843
12668, 1818522
12669, 21823970
12674, 0
12676, 3637192
12681, 1818623
12683, 0
12690, 0
12695, 1818634
12698, 1818633
12699, 0
12701, 1833141
12705, 253803956
12706, 1818636
12710, 0
12712, 52748552
12713, 0
12714, 0
12719, 0
12721, 7276197
12722, 18261489
12723, 10918220
12725, 0
12726, 0
12728, 0
12730, 0
12734, 9095310
12738, 0
12751, 0
12755, 1819403
12757, 9107077
12758, 0
12759, 0
12761, 0
12764, 0
12769, 0
12770, 0
12772, 1819667
12774, 0
12780, 0
12782, 0
12800, 1819847
12803, 0
12805, 0
12806, 9182270
12807, 10919157
12814, 0
12815, 0
12823, 16380524
12826, 3640609
12828, 0
12830, 1821652
12832, 94033156
12838, 0
12839, 1820828
12843, 1820834
12844, 1821439
12847, 0
12848, 0
12858, 20059515
12860, 0
12861, 12746090
12870, 1820900
12875, 3641815
12886, 0
12888, 0
12890, 0
12898, 7311643
12907, 1823507
12912, 0
12914, 5480233
12922, 7285619
12923, 0
12927, 0
12930, 0
12931, 0
12939, 5482917
12940, 1829449
12952, 0
12953, 3642885
12961, 1833529
12964, 0
12965, 25554119
12969, 0
12976, 66457824
12978, 9114096
12980, 1821654
12981, 0
12983, 0
12986, 0
12993, 0
12994, 0
12996, 1822523
12998, 3645619
13001, 1821995
13006, 0
13008, 0
13014, 0
13015, 0
13016, 0
13019, 3644168
13024, 0
13027, 5466817
13030, 0
13033, 5466876
13036, 5467252
13038, 0
13050, 1822425
13054, 0
13056, 5467314
13059, 5479987
13061, 0
13069, 0
13070, 52857053
13072, 0
13074, 16405054
13078, 0
13086, 0
13087, 0
13089, 0
13093, 131347591
13095, 1823521
13099, 16426938
13107, 1824582
13108, 29192247
13113, 0
13114, 0
13119, 11026978
13121, 10948375
13127, 0
13132, 43797501
13139, 32851367
13142, 0
13144, 3650092
13147, 20076767
13148, 0
13150, 0
13151, 0
13153, 0
13157, 3650370
13158, 0
13160, 0
13168, 3650488
13173, 7304964
13175, 10952040
13184, 1825372
13191, 1825376
13193, 0
13197, 0
13209, 0
13211, 0
13212, 10952313
13213, 5476253
13216, 0
13218, 5476325
13220, 0
13223, 0
13230, 0
13238, 133254641
13244, 27382539
13245, 0
13247, 0
13249, 9128214
13250, 0
13251, 0
13259, 0
13263, 0
13265, 72256653
13268, 0
13269, 0
13270, 0
13276, 0
13277, 3652499
13279, 5478766
13280, 0
13282, 11166782
13284, 0
13286, 14611304
13287, 5500401
13288, 0
13289, 1834002
13302, 16451583
13307, 0
13308, 0
13316, 0
13321, 0
13331, 5479594
13338, 7306166
13341, 1826553
13343, 7306228
13351, 1827978
13356, 7306434
13358, 9137677
13359, 0
13363, 7345477
13366, 0
13373, 0
13377, 0
13383, 1826668
13384, 0
13385, 1826674
13388, 0
13391, 0
13392, 0
13394, 0
13396, 0
13397, 0
13400, 0
13403, 5480215
13409, 0
13410, 11101087
13411, 0
13413, 0
13414, 0
13418, 0
13419, 0
13426, 0
13428, 0
13431, 0
13434, 1826754
13441, 122766992
13444, 0
13448, 0
13451, 0
13452, 0
13453, 9169119
13462, 14714898
13464, 0
13466, 14619417
13467, 1827446
13473, 14619778
13479, 0
13480, 1827985
13481, 1827503
13482, 0
13486, 0
13488, 1827520
13491, 9137576
13495, 0
13506, 1827684
13518, 1827631
13520, 0
13529, 0
13532, 0
13533, 1827689
13539, 0
13541, 5483157
13546, 1827723
13552, 1862737
13554, 0
13559, 23760772
13566, 1827781
13579, 0
13583, 0
13593, 0
13601, 0
13607, 1827908
13608, 1827913
13615, 0
13623, 0
13624, 0
13625, 115067408
13628, 1843657
13633, 0
13634, 0
13638, 0
13640, 0
13641, 0
13643, 7311710
13650, 20261532
13654, 0
13659, 1827936
13669, 0
13670, 5509247
13676, 3655953
13678, 0
13684, 0
13688, 0
13693, 3720303
13694, 1827982
13700, 153937212
13704, 0
13707, 20370653
13710, 0
13714, 0
13715, 0
13717, 0
13718, 0
13721, 0
13724, 0
13726, 1829709
13736, 0
13737, 0
13741, 0
13743, 0
13745, 0
13746, 0
13748, 0
13753, 16498750
13763, 7318780
13766, 0
13773, 0
13774, 0
13776, 0
13778, 1829450
13782, 3659277
13783, 0
13785, 0
13788, 0
13790, 5488907
13794, 1829633
13796, 0
13799, 3659355
13803, 1829640
13807, 0
13809, 447673908
13814, 0
13816, 0
13818, 0
13822, 32167272
13825, 274966229
13826, 1831953
13827, 32848280
13834, 10990619
13835, 0
13836, 1831780
13838, 5495349
13841, 0
13842, 0
13848, 0
13853, 0
13856, 0
13858, 0
13863, 0
13874, 3663921
13875, 1831964
13878, 1833165
13880, 0
13883, 0
13885, 0
13886, 0
13888, 0
13893, 1831968
13898, 5496070
13900, 0
13902, 0
13904, 10992264
13905, 9160172
13911, 1832059
13913, 1832060
13916, 0
13922, 0
13926, 3664125
13927, 5497925
13932, 0
13938, 0
13941, 5499467
13942, 0
13946, 1846551
13947, 52096010
13948, 0
13953, 7328428
13958, 0
13959, 14657748
13962, 0
13964, 0
13965, 3664786
13972, 12856071
13975, 0
13978, 0
13980, 0
13981, 0
13982, 0
13983, 5497228
13992, 0
13994, 0
14002, 42149668
14008, 11053913
14009, 0
14013, 0
14019, 1832636
14022, 1832650
14024, 14672857
14026, 3665305
14027, 0
14030, 0
14031, 1832737
14035, 0
14037, 0
14039, 1832735
14046, 16495043
14053, 0
14054, 3665671
14058, 1832875
14059, 0
14063, 1833139
14064, 0
14066, 0
14068, 0
14074, 0
14079, 3715156
14081, 0
14082, 47665795
14083, 1833219
14091, 0
14092, 3666858
14098, 0
14102, 5501424
14105, 3666907
14106, 0
14113, 0
14114, 7337909
14119, 0
14120, 0
14121, 0
14124, 1846552
14127, 0
14132, 0
14136, 0
14138, 1833521
14147, 16501462
14149, 0
14155, 1833518
14156, 1833519
14157, 5461580
14159, 1834540
14163, 9172559
14165, 0
14167, 30792695
14175, 5517668
14177, 0
14178, 0
14179, 0
14181, 7334144
14183, 0
14199, 1836494
14200, 7334250
14202, 0
14203, 0
14204, 0
14207, 0
14211, 5500815
14214, 14906433
14216, 0
14218, 0
14219, 11002751
14220, 11038109
14226, 3667662
14230, 0
14233, 18338820
14234, 0
14235, 1833984
14241, 0
14243, 0
14251, 75420111
14252, 0
14255, 0
14259, 1834531
14266, 0
14279, 0
14287, 0
14289, 3669087
14301, 0
14302, 5526997
14305, 0
14310, 0
14312, 12854372
14314, 0
14317, 0
14319, 3700220
14321, 0
14324, 1834747
14328, 11007762
14334, 0
14337, 1834675
14339, 1834682
14354, 9198811
14358, 0
14359, 0
14360, 0
14361, 1842343
14362, 3669468
14363, 0
14365, 0
14366, 1834688
14367, 1834683
14371, 31190020
14379, 23852048
14385, 7339187
14395, 5508811
14397, 0
14405, 0
14418, 0
14419, 1836292
14423, 0
14424, 3718066
14425, 0
14436, 3688168
14441, 7345520
14442, 0
14449, 16527588
14450, 29335263
14456, 0
14462, 1843739
14464, 5509295
14465, 0
14466, 0
14471, 0
14473, 0
14484, 0
14485, 0
14493, 0
14494, 3672702
14497, 126161850
14498, 1836500
14506, 0
14510, 193615243
14512, 3678005
14514, 0
14515, 5516993
14517, 5559882
14534, 0
14535, 0
14540, 0
14541, 0
14547, 1839123
14551, 20506729
14552, 7356028
14554, 0
14556, 1839116
14557, 3678238
14559, 0
14561, 1839127
14566, 0
14574, 0
14576, 1839197
14577, 3678271
14579, 38622475
14585, 1839298
14587, 0
14595, 0
14597, 1839204
14601, 0
14613, 0
14621, 0
14623, 0
14624, 0
14627, 0
14628, 0
14639, 14717103
14644, 0
14647, 1839677
14648, 0
14649, 0
14653, 3705034
14660, 0
14663, 0
14667, 0
14672, 33772638
14674, 7358803
14678, 23916578
14689, 40557955
14690, 0
14694, 0
14702, 3684514
14705, 1860746
14708, 0
14713, 1842260
14716, 0
14719, 0
14721, 5526808
14725, 3684586
14726, 150551543
14730, 1842306
14731, 0
14732, 0
14735, 11177646
14737, 0
14740, 27129383
14744, 3707283
14748, 0
14756, 0
14757, 0
14758, 0
14761, 0
14763, 0
14771, 0
14779, 0
14788, 0
14798, 3684693
14800, 0
14802, 0
14806, 14741866
14807, 0
14812, 1843741
14813, 0
14814, 14742171
14816, 7371161
14828, 0
14830, 298758294
14835, 12899780
14840, 0
14847, 1843039
14850, 3686063
14854, 11499817
14857, 0
14860, 12901448
14862, 1843072
14864, 0
14865, 0
14869, 0
14870, 1843651
14875, 0
14878, 5531011
14885, 11062196
14889, 0
14891, 0
14894, 0
14901, 17686451
14904, 0
14907, 0
14913, 9245600
14915, 42136597
14916, 0
14917, 0
14918, 1843910
14922, 0
14926, 0
14931, 5531850
14934, 0
14940, 1843955
14941, 7423189
14945, 0
14948, 0
14958, 1844090
14961, 0
14963, 1844094
14967, 3688206
14969, 36883845
14974, 0
14982, 0
14992, 0
14993, 0
15000, 0
15002, 0
15008, 1844298
15013, 0
15014, 0
15017, 0
15018, 3692280
15019, 1846494
15020, 0
15021, 31273263
15024, 0
15027, 3692994
15028, 5539501
15031, 0
15032, 0
15037, 0
15041, 0
15046, 0
15054, 20311884
15056, 1846554
15058, 0
15060, 0
15067, 1853823
15068, 0
15069, 0
15073, 0
15086, 0
15090, 0
15099, 1846560
15102, 0
15103, 0
15105, 7386267
15108, 0
15110, 3693178
15111, 0
15114, 0
15125, 0
15126, 0
15128, 9233128
15129, 12936910
15132, 0
15133, 1846688
15134, 1846687
15139, 0
15143, 3693390
15147, 0
15155, 12927927
15161, 0
15168, 0
15169, 0
15176, 0
15181, 1846713
15191, 0
15192, 3717374
15194, 0
15195, 0
15197, 5540490
15199, 1846858
15212, 0
15213, 1849907
15219, 9238278
15226, 0
15227, 0
15228, 0
15230, 0
15234, 0
15242, 0
15246, 1847672
15250, 0
15252, 0
15253, 0
15265, 1847733
15268, 3695471
15270, 0
15274, 7391200
15280, 1856384
15283, 1847804
15289, 1850078
15291, 5543425
15292, 21886603
15293, 29565598
15308, 1849676
15311, 0
15322, 0
15323, 0
15324, 0
15326, 0
15331, 1858499
15338, 0
15347, 0
15366, 0
15370, 3699611
15372, 0
15373, 0
15379, 0
15381, 11099180
15385, 9249479
15387, 1849902
15388, 3707260
15389, 0
15392, 0
15393, 0
15396, 0
15402, 0
15403, 1849906
15404, 0
15405, 0
15411, 0
15413, 0
15415, 0
15417, 0
15424, 0
15425, 1849909
15427, 0
15428, 0
15429, 0
15432, 1849910
15435, 0
15449, 0
15453, 0
15455, 11099654
15456, 0
15457, 0
15462, 0
15463, 0
15469, 1849991
15474, 0
15477, 0
15478, 1849973
15482, 0
15484, 3699962
15486, 0
15487, 3700023
15488, 1850018
15493, 0
15496, 1850082
15497, 0
15503, 0
15512, 0
15516, 24178888
15517, 27809474
15519, 0
15520, 7400357
15525, 5550290
15534, 0
15541, 3703385
15542, 0
15555, 0
15565, 0
15566, 0
15570, 0
15571, 0
15576, 11100793
15577, 0
15578, 0
15581, 0
15582, 0
15587, 1850138
15588, 0
15595, 0
15597, 5558616
15600, 0
15606, 7400614
15613, 0
15614, 0
15615, 0
15616, 1850248
15620, 3700513
15621, 0
15624, 0
15626, 3700524
15629, 53238754
15630, 129495419
15632, 7441384
15635, 0
15638, 1846554
15642, 0
15650, 0
15652, 0
15654, 0
15657, 0
15659, 0
15666, 3701056
15667, 0
15673, 0
15679, 0
15684, 0
15692, 0
15696, 0
15700, 14803455
15702, 0
15706, 0
15708, 0
15711, 5551361
15713, 0
15715, 0
15720, 0
15723, 0
15724, 3700915
15728, 14803901
15729, 0
15734, 1850521
15735, 38785719
15737, 1850522
15740, 0
15743, 0
15744, 0
15749, 1850524
15753, 0
15756, 16655328
15757, 1850537
15762, 0
15764, 0
15766, 0
15767, 0
15769, 0
15770, 0
15771, 0
15776, 1850538
15777, 0
15779, 0
15780, 0
15783, 1851840
15785, 0
15794, 1850540
15795, 0
15797, 3701086
15802, 0
15805, 1853059
15808, 0
15815, 0
15819, 0
15820, 0
15821, 0
15822, 0
15828, 0
15833, 0
15835, 0
15837, 3710327
15839, 3701219
15840, 0
15843, 1850616
15844, 0
15847, 0
15850, 3701259
15852, 11103873
15856, 35175042
15857, 0
15863, 0
15871, 1851473
15872, 0
15873, 0
15874, 0
15875, 1851664
15877, 0
15880, 0
15882, 0
15884, 1851688
15886, 0
15887, 0
15897, 0
15898, 3715243
15900, 1851676
15910, 0
15912, 0
15913, 0
15915, 3703396
15918, 0
15919, 1851702
15928, 0
15930, 0
15933, 9282830
15934, 109828842
15940, 5555570
15951, 0
15955, 0
15967, 0
15975, 0
15978, 0
15987, 0
15988, 0
15993, 0
15994, 0
15997, 0
16002, 0
16007, 55599452
16012, 1852538
16013, 1855770
16019, 1853466
16022, 0
16023, 1852539
16024, 0
16031, 0
16033, 70028247
16040, 0
16041, 7410720
16044, 11116339
16046, 55478216
16048, 12974929
16049, 1852842
16054, 0
16060, 7411436
16062, 0
16074, 1853074
16077, 1853078
16081, 1853081
16082, 0
16087, 0
16091, 3706165
16099, 0
16100, 0
16101, 0
16103, 12973547
16107, 5567497
16113, 3706761
16114, 0
16127, 0
16129, 3706926
16131, 0
16142, 0
16143, 0
16144, 0
16146, 0
16149, 1853592
16151, 0
16155, 0
16157, 1853944
16160, 0
16171, 0
16178, 0
16183, 3711386
16203, 0
16215, 1855252
16238, 1853644
16259, 0
16260, 0
16267, 0
16270, 0
16272, 1853728
16274, 0
16280, 3711852
16282, 1853732
16289, 0
16298, 0
16317, 1853736
16321, 24210782
16323, 22245108
16325, 0
16326, 0
16329, 0
16339, 18537922
16343, 3707656
16345, 7415258
16348, 0
16352, 0
16356, 0
16360, 20393033
16361, 1853948
16362, 1853951
16364, 1854919
16367, 1854901
16370, 0
16387, 3710195
16389, 11130685
16391, 5565430
16393, 0
16394, 0
16395, 3725460
16399, 0
16409, 0
16411, 1855151
16415, 3710352
16416, 7420749
16417, 0
16420, 0
16424, 3710390
16428, 0
16429, 0
16430, 12986678
16433, 0
16436, 0
16445, 0
16447, 0
16450, 0
16452, 0
16453, 5565946
16456, 0
16463, 1855356
16468, 0
16469, 0
16479, 0
16486, 0
16487, 0
16492, 0
16497, 5566251
16502, 1855637
16505, 0
16513, 0
16515, 0
16516, 0
16518, 0
16523, 0
16530, 3711301
16535, 0
16536, 0
16537, 7422797
16545, 0
16548, 1855737
16554, 3711618
16556, 1857395
16557, 18557555
16565, 0
16575, 0
16578, 68681639
16590, 0
16595, 0
16598, 1855811
16600, 0
16610, 1855827
16622, 0
16635, 0
16637, 0
16639, 0
16641, 1855841
16643, 1855845
16645, 5567555
16646, 0
16650, 1855866
16653, 0
16659, 1857718
16663, 0
16665, 3711749
16666, 0
16667, 12991334
16671, 0
16673, 0
16675, 0
16679, 0
16686, 1857478
16702, 0
16704, 0
16709, 0
16711, 0
16722, 0
16723, 1856368
16726, 0
16728, 1856372
16738, 0
16746, 0
16750, 81790444
16751, 0
16758, 0
16767, 33417114
16774, 9282872
16780, 9282926
16789, 0
16790, 1856590
16792, 0
16793, 3713184
16797, 0
16800, 0
16801, 1856594
16802, 0
16809, 0
16813, 1856595
16821, 0
16832, 0
16835, 0
16837, 7426451
16839, 1862239
16842, 0
16845, 0
16852, 0
16855, 13004153
16857, 42462332
16858, 10801428
16862, 7433368
16870, 0
16872, 3713766
16876, 160679322
16877, 3714589
16883, 0
16884, 0
16886, 0
16887, 5571939
16888, 37147095
16894, 0
16914, 0
16916, 0
16921, 0
16923, 0
16927, 1857397
16929, 0
16931, 1857866
16934, 11142283
16937, 1857904
16939, 3717459
16941, 0
16944, 0
16946, 0
16951, 7429813
16953, 0
16957, 0
16959, 9142580
16960, 0
16969, 0
16972, 5572409
16979, 0
16980, 0
16981, 1857484
16985, 33435463
16994, 0
16996, 1857597
17000, 0
17007, 5572817
17008, 3715388
17009, 5572978
17010, 0
17011, 9288078
17015, 3715280
17016, 0
17017, 0
17022, 3715420
17023, 0
17030, 1857685
17035, 1857715
17039, 0
17042, 0
17047, 0
17050, 7405163
17051, 0
17053, 0
17057, 1857758
17060, 0
17064, 11146503
17069, 0
17073, 0
17074, 0
17081, 0
17086, 5573320
17089, 0
17099, 1857778
17106, 1857779
17110, 3715566
17111, 0
17114, 0
17115, 0
17119, 7386825
17121, 1857787
17125, 3715585
17132, 0
17137, 0
17143, 0
17146, 1857794
17157, 0
17161, 1857821
17164, 11146868
17169, 0
17175, 16720509
17181, 0
17184, 0
17187, 0
17188, 0
17191, 0
17192, 0
17193, 14886857
17198, 0
17200, 0
17203, 0
17204, 1857858
17218, 3715793
17219, 0
17220, 0
17233, 1857903
17235, 0
17238, 0
17245, 1857909
17246, 0
17253, 5577946
17255, 11147552
17260, 1858359
17261, 29728331
17263, 6997638
17265, 11147055
17267, 31589705
17273, 3716646
17276, 0
17277, 0
17280, 0
17283, 1858357
17294, 0
17300, 0
17301, 1858460
17304, 3716745
17306, 1858385
17308, 37097866
17309, 11150702
17314, 3717342
17323, 0
17324, 0
17325, 1858484
17326, 1858487
17327, 0
17332, 33451752
17336, 0
17345, 0
17348, 0
17356, 3717222
17360, 7434477
17361, 1858623
17362, 0
17366, 0
17367, 1858624
17370, 0
17378, 0
17380, 0
17385, 1858677
17388, 1858674
17394, 0
17398, 0
17399, 1858678
17410, 0
17414, 0
17417, 0
17420, 1859023
17422, 0
17424, 0
17428, 0
17435, 1859031
17438, 7450214
17446, 0
17448, 0
17449, 3718088
17451, 0
17452, 0
17453, 0
17456, 9295326
17457, 14878018
17462, 24168419
17463, 0
17465, 0
17467, 1859140
17472, 0
17473, 0
17476, 0
17479, 0
17481, 0
17482, 0
17486, 9295720
17489, 31606294
17492, 0
17495, 0
17500, 13014782
17507, 0
17509, 0
17510, 0
17512, 0
17513, 0
17515, 0
17518, 0
17522, 0
17523, 0
17531, 5577896
17532, 14874310
17544, 1859304
17545, 5579217
17547, 3718613
17551, 13015534
17553, 0
17559, 0
17565, 0
17577, 1859651
17579, 0
17581, 0
17588, 1859654
17591, 9298448
17599, 0
17600, 0
17602, 0
17603, 0
17610, 0
17614, 0
17616, 3719434
17617, 3719456
17623, 0
17625, 0
17631, 0
17632, 1859743
17637, 1859745
17638, 0
17640, 0
17648, 0
17653, 0
17661, 1861176
17662, 0
17666, 0
17671, 7439061
17685, 0
17693, 0
17694, 1859769
17701, 0
17703, 0
17707, 1859772
17708, 0
17710, 0
17718, 0
17720, 0
17731, 18597865
17732, 0
17734, 0
17738, 0
17748, 0
17754, 0
17755, 0
17760, 0
17764, 3719617
17765, 0
17767, 0
17768, 0
17769, 0
17773, 0
17775, 0
17779, 0
17780, 16741037
17781, 1859969
17787, 1859971
17794, 1859974
17798, 18600128
17800, 0
17802, 0
17804, 0
17806, 0
17812, 1863068
17814, 0
17822, 11160471
17827, 0
17828, 1860145
17834, 0
17836, 9309074
17839, 1860148
17842, 0
17845, 0
17847, 0
17854, 0
17855, 0
17858, 0
17860, 7445280
17864, 0
17870, 0
17878, 0
17879, 0
17883, 3721220
17888, 0
17894, 1860256
17898, 1860257
17901, 1860258
17902, 1861260
17903, 3720528
17905, 26044285
17913, 11162261
17919, 0
17920, 5581083
17925, 0
17930, 1860364
17931, 0
17935, 0
17946, 0
17950, 1860389
17951, 7441541
17952, 0
17961, 0
17963, 0
17965, 0
17967, 0
17970, 0
17980, 0
17984, 0
17988, 7552980
17994, 0
17995, 0
17998, 0
18000, 0
18004, 0
18005, 0
18009, 1860391
18011, 0
18012, 0
18013, 0
18014, 5581185
18017, 16743794
18019, 13023146
18023, 0
18027, 5581434
18030, 0
18031, 9302621
18035, 0
18039, 0
18041, 5583628
18045, 0
18047, 0
18049, 0
18050, 1861399
18054, 1860540
18057, 0
18060, 51435425
18064, 0
18069, 0
18073, 0
18074, 1860743
18075, 0
18080, 0
18086, 0
18088, 1860744
18089, 0
18093, 0
18097, 0
18098, 0
18100, 1860749
18102, 0
18105, 1860949
18107, 29784225
18108, 11165841
18115, 5583167
18116, 0
18119, 1861150
18122, 0
18126, 3722297
18127, 0
18128, 1861255
18131, 1861152
18134, 0
18135, 0
18136, 0
18141, 5583544
18143, 0
18145, 0
18148, 3722381
18153, 0
18157, 0
18158, 0
18161, 0
18162, 1861219
18181, 0
18183, 9306183
18184, 0
18191, 3722535
18198, 0
18204, 1861247
18205, 1861256
18216, 0
18217, 0
18219, 0
18236, 0
18245, 0
18253, 0
18255, 0
18260, 1861310
18265, 1861274
18269, 0
18271, 1861332
18275, 1861350
18279, 0
18282, 0
18283, 0
18284, 0
18292, 1861400
18297, 1861406
18301, 7445740
18310, 1861410
18311, 1861418
18322, 0
18338, 0
18348, 1861564
18349, 0
18355, 3723133
18356, 0
18358, 0
18359, 14892589
18365, 1861584
18372, 0
18373, 0
18376, 1861586
18380, 0
18381, 0
18384, 1862926
18385, 1861587
18393, 11169630
18403, 1861753
18406, 0
18412, 0
18418, 0
18419, 3723524
18420, 1861765
18422, 0
18423, 1861773
18425, 1861771
18437, 0
18446, 0
18447, 7452115
18449, 0
18450, 0
18451, 0
18452, 1861777
18457, 0
18459, 0
18464, 1861782
18465, 24203136
18474, 0
18478, 0
18485, 1861892
18486, 0
18494, 4994877
18496, 5585711
18497, 0
18500, 3723818
18502, 0
18503, 9309573
18505, 5585760
18508, 0
18514, 0
18526, 0
18529, 0
18530, 3723868
18534, 0
18535, 3723890
18539, 0
18540, 0
18542, 0
18550, 3723902
18554, 5585900
18560, 0
18571, 3726013
18573, 1863141
18578, 1861981
18580, 0
18583, 3724059
18592, 0
18595, 0
18601, 3723978
18602, 0
18605, 1862023
18606, 3724053
18610, 0
18617, 0
18618, 0
18624, 1862145
18626, 0
18629, 7448628
18632, 13035359
18642, 1862227
18651, 1862241
18657, 0
18678, 1862245
18681, 1862253
18682, 0
18692, 0
18693, 11175162
18702, 1862507
18708, 0
18716, 0
18717, 0
18719, 0
18722, 0
18724, 0
18725, 0
18728, 0
18729, 0
18731, 0
18732, 0
18736, 3725145
18743, 0
18744, 0
18748, 1862575
18749, 0
18756, 0
18757, 0
18760, 40978796
18768, 0
18770, 5588178
18777, 0
18798, 0
18800, 0
18801, 0
18810, 0
18814, 1863142
18816, 0
18818, 0
18823, 0
18827, 0
18830, 0
18834, 0
18836, 1862753
18839, 0
18848, 0
18849, 0
18853, 0
18854, 5588279
18855, 0
18858, 0
18862, 5588330
18863, 0
18865, 1862802
18866, 1862803
18867, 0
18868, 9314545
18875, 0
18881, 0
18908, 0
18910, 0
18914, 0
18915, 0
18925, 0
18934, 1862957
18935, 1862987
18942, 0
18943, 0
18944, 0
18946, 0
18949, 1863012
18954, 0
18957, 0
18961, 0
18965, 0
18974, 0
18977, 0
18995, 1863050
18999, 0
19000, 1863053
19001, 3726118
19012, 1863076
19015, 0
19018, 7452444
19025, 0
19029, 0
19045, 1863150
19047, 0
19048, 0
19049, 0
19063, 1863168
19071, 0
19074, 0
19075, 0
19076, 0
19077, 0
19078, 0
19083, 0
19088, 0
19091, 0
19092, 0
19094, 0
19106, 1863174
19108, 3726343
19111, 1863179
19113, 1863176
19115, 0
19116, 0
19132, 0
19133, 0
19137, 1863180
19138, 1863188
19142, 0
19145, 3721008
19149, 0
19154, 0
19159, 11179290
19164, 0
19166, 0
19172, 0
19175, 0
19177, 3726516
19179, 0
19184, 0
19189, 0
19193, 0
19215, 0
19224, 0
19237, 0
19240, 0
19256, 0
19264, 1863264
19287, 1863266
19290, 3726544
19293, 0
19300, 0
19317, 0
19324, 0
19327, 1863277
19335, 1863278
19341, 0
19354, 0
19363, 0
19365, 0
19370, 0
19378, 0
19379, 0
19381, 0
19394, 0
19398, 1863319
19399, 1863321
19400, 0
19412, 0
19475, 403188799
19943, 3612838
20038, 1831929
21125, 1850626
22846, 0
23571, 2183798
23873, 1738749
25122, 0
25726, 0
26801, 85300457
27140, 0
30395, 163541412
33841, 35203141
35336, 60522746
35353, 142123543
35357, 89358717
35416, 618587042
35428, 5013626
35575, 504306472
35833, 167619028
35840, 0
36067, 27451560
36108, 30733050
36285, 108740729
36466, 0
36720, 113956828
36814, 197447731
37021, 50763892
37691, 158205437
38084, 4847973
39082, 0
39146, 0
39663, 20347201
39719, 18453237
39723, 0
39742, 0
40739, 1146544
43085, 49084340
44243, 7359112
44739, 15325004
47274, 6531629
49924, 0
62253, 0
66825, 0
73942, 0
74492, 0
81883, 0

run time: 1.19s (00:45:17)
