Temporalmotifs. build: 00:45:32, Apr 20 2018. Time: 00:45:43 [Apr 19 2018]
==========================================================================
usage: temporalmotifsmain
   -i:Input directed temporal graph file (default:'data/tp1/sx-mathoverflow-c2a-tp1.txt')
   -o:Output file in which to write counts (default:'temporal-motif-c2a-tp1.txt')
   -delta:Time window delta (default:1.32188e+09)
   -nt:Number of threads for parallelization (default:4)
1, 1124622953
2, 578660539
3, -1862148753
4, 146073680
7, 59957278
11, 1017082491
16, 3
19, 7291371
21, 0
22, 436641536
25, 1019847789
27, 204046603
28, 0
30, 8745537
32, 57525951
37, 2043984
40, 8911173
42, 1273255
45, 1844710738
49, -1187440522
50, 1562349
51, -1470013753
55, 0
65, -1673440958
66, 866101670
71, 21255629
75, 995096812
78, -1215726373
81, 2343054
83, 1809891329
86, 772041
88, 26286142
92, 64053267
93, 799432205
94, 995730
96, 5480928
97, 0
98, 15822895
100, 63130922
102, 675829325
107, 0
109, 194941046
110, 2987222
111, 147149210
118, 0
121, -782141938
132, 16400484
135, 958767939
136, 2077943018
140, 0
142, 8168245
143, -628030018
146, 16190364
151, 1
152, 0
158, 41276899
164, 0
171, 0
173, 0
175, 343791254
179, 0
180, 1
182, 22062453
184, 677018826
200, 2184161
202, 33930299
213, 0
215, 5480727
231, 0
238, 2125980524
239, 87272518
250, -297132128
259, 743430417
261, 2532703
262, 310593770
269, 0
271, 517013253
284, 475957405
288, 76000441
290, 810817462
296, 46466420
297, 1526101264
299, -1993840741
300, 0
302, -1058533132
303, 866869524
307, 329743084
310, 1384096259
312, 0
316, 0
317, 71029696
318, 1140994395
321, 951699485
322, 28327759
324, 160304837
327, 9163824
332, 34098846
333, 109080097
336, 8525061
339, 9262498
340, 47542170
342, 208114657
343, 163380465
344, 228758393
345, 139275916
346, 917835389
347, 0
348, -1740065166
349, 248235119
350, 1686491050
351, 144711985
353, 350910159
356, 11389200
358, 25433984
359, 152285205
360, -2003913480
361, 20116227
362, 500295205
367, 33888443
370, 689001078
371, 0
373, 3792810
375, 17067252
377, 56313941
379, 575479974
380, 804589419
381, 1631410669
382, 533041442
385, 317710674
386, 241913998
389, 0
391, 934951866
392, 252121737
394, -1336230024
396, 332406452
397, 745216077
398, 118224454
400, 10773935
401, 28181424
402, 627693046
404, -1773726385
405, 114471741
406, -1942480059
408, 22302180
412, 144935546
416, 52674892
422, 423156282
423, 1
424, 55100588
425, 429967425
426, 25508072
428, 151492116
429, 942137154
430, 1869441194
431, 394694531
434, 297183620
435, 30461751
436, 28446775
437, 746445477
438, 16927001
439, 521904869
440, 2119789565
441, 523305694
445, 70163137
447, 514807334
448, 0
450, -352377044
451, -2067921638
454, 1481305519
456, 0
458, 5159971
460, 1028809592
461, -1905093318
462, 86521553
466, 0
467, 0
468, 383725931
469, 839160607
470, 0
473, 185340610
477, 56063717
478, 29180997
480, 2104459
484, 272664298
490, 0
491, 18396905
492, 196427380
493, 147168192
494, 53421052
498, 23343019
507, 9988189
509, 58159272
511, 0
513, 20144985
519, -731003726
522, 0
532, -1117300321
539, 0
540, 0
550, 0
556, 341081217
565, 3306244
570, 0
571, 2432077
572, 0
577, 1318186222
580, 61461207
582, -641111475
586, -1614525040
587, 2532343
597, 0
598, 0
602, 179133179
605, 1629335925
607, 26464111
613, -888010707
614, 0
618, 10815379
619, 520028364
621, 0
622, -1053246803
625, 6789722
630, 178924183
634, 22861409
642, 0
644, 160159228
650, 2263398
658, 346478403
660, 6476236
661, 41318432
663, 0
669, 0
673, 13674886
674, 0
675, 478499113
683, 262661577
685, 10505015
689, 0
692, 146377758
695, 16
699, 50208470
703, 413475072
707, 175890294
709, 443393778
712, 62355516
714, 0
717, 1167347494
728, 17790846
730, 106450167
732, 89858562
733, -779562542
734, 0
737, 7228675
744, 8206460
745, 556629263
749, 3208304
750, 1581030967
756, 66572698
757, 21550481
763, -1744128481
765, 14929059
766, -1739260496
767, 708832642
774, 19727298
778, 506194775
781, 2531502
782, 2
785, 89430208
788, 389697100
790, 0
791, 0
792, 0
797, 0
798, 81713808
799, 37275677
800, 172293143
801, 1
802, 1367450275
805, 0
806, 1308856964
807, 12809169
808, 5377737
810, 10191839
812, 132804444
813, 590508837
814, 0
817, 0
818, 26143197
819, 0
820, 0
823, 2
824, 1069229830
825, 16490417
826, 0
828, 1009467805
838, 36345839
840, 293737671
848, 280927721
851, 0
852, 0
855, 6351395
858, 0
860, 9918750
863, 0
865, 0
874, 97494663
876, 0
881, 15737141
887, 0
888, 0
889, 0
891, 0
892, 3055983
893, 6692686
894, 8428404
896, 90098187
908, 101050526
910, 26695473
911, 5615167
913, 411089758
914, 147439135
915, 1
916, 969607702
917, 0
919, 109694901
924, 0
926, 2
927, 63368878
930, 1479231017
932, 967964959
934, 1003224906
935, 2019939537
936, 0
939, 1
940, 0
942, 129053569
943, -1170932018
944, 0
946, 15445373
947, 179857215
949, 0
955, 1101379804
956, 925590173
957, 0
960, 194175259
961, 39742451
962, 0
965, 152807073
966, 2806738
970, 298305740
972, 1514121778
973, 67806201
977, 0
979, 162950771
981, 0
985, 0
986, 205008816
987, 61559222
988, 0
989, 0
992, 0
996, 3895162
1000, 18787808
1004, 585036191
1005, 0
1007, 0
1008, 0
1013, 2809469
1015, 131432982
1017, 456098093
1018, 39792666
1019, 32755262
1020, 0
1021, 1406919047
1023, 35380096
1027, 24448229
1028, 162570691
1034, 2901032
1035, 30022644
1037, 6693691
1038, 0
1040, 1282818459
1041, 0
1042, 516621883
1044, -1043470234
1046, 6112281
1047, 1056697919
1048, 280232667
1049, 375440055
1050, 2139577529
1054, 0
1055, 0
1056, 103944827
1057, 3194892
1059, 438341299
1060, 217924604
1061, 1805032379
1068, 7303987
1071, 0
1073, 1214960172
1074, 11496213
1076, 0
1079, 1806451866
1082, 0
1084, 25441068
1086, 6136416
1090, 10675292
1093, 3123407
1094, 246215138
1095, 295388046
1096, 1894421086
1098, 2089510879
1100, 0
1101, 0
1102, 90993727
1104, 5934064
1105, 2
1106, 1124953967
1107, 946814335
1109, 87557867
1114, 815337043
1116, 25405962
1119, 1926737240
1121, 121103166
1123, 55900720
1125, 414109826
1131, 1712223904
1134, 0
1142, 1
1143, 108335293
1146, 0
1148, 274274221
1149, -1895898558
1150, 0
1152, 3190419
1158, 19506825
1161, 0
1162, 210196953
1164, 0
1167, 0
1168, 136775562
1169, 0
1171, 571660022
1172, 3
1173, 71254516
1176, -1986448515
1177, 26435616
1178, 0
1179, 92805144
1180, 0
1182, 18889390
1184, 127437636
1185, 11196604
1186, 742928601
1188, 0
1189, 44803933
1191, 0
1192, 0
1193, 190756518
1195, 3930042
1197, 4251454
1198, 351459381
1199, 0
1202, 148582899
1214, 0
1220, 3250217
1222, 15720282
1223, 501484964
1227, 231617010
1228, 156336326
1229, 11020124
1231, 92299300
1233, 1242223295
1234, -2142033475
1238, 424724074
1243, 29056263
1245, 1344980792
1246, 447352365
1249, 0
1253, 233409967
1256, 924940882
1258, 0
1261, 136450034
1262, 0
1265, 0
1266, 1462567410
1272, 22145020
1273, 94177210
1275, 0
1281, 3345949
1291, 461929670
1296, 3335869
1299, 0
1301, 5126642
1302, 51912697
1304, 2
1305, 16731823
1306, -2114667019
1307, 0
1310, -538982693
1313, 1
1320, 182244153
1321, 8920775
1322, 16501195
1326, 3346838
1327, 6025836
1328, 0
1330, 0
1335, 982894274
1338, 0
1345, 789345890
1353, -171845127
1354, 23370894
1355, -1555500114
1358, 1911625776
1360, 9549468
1363, 0
1365, 0
1366, 3651990
1377, 0
1378, 131618250
1384, 2137415243
1386, 0
1389, 0
1392, 320176878
1394, 0
1400, 299987520
1403, 0
1404, 16487633
1406, 54563201
1407, 757910220
1409, -1817319648
1421, 0
1423, 0
1430, 0
1437, 464149992
1441, 1393967289
1443, 0
1445, 3985366
1446, 1005341377
1447, 7554486
1448, 11388463
1450, -1748560269
1453, 0
1455, 0
1459, 432805492
1462, 0
1463, -1054033901
1464, 1615479467
1465, -1607115651
1467, 67789822
1468, 23371490
1469, 0
1471, 2
1472, 0
1473, 0
1474, 156477860
1476, 0
1478, 544958926
1480, 0
1481, 1065130230
1483, 465371633
1492, 647923497
1494, 1
1496, 15001716
1508, 527891456
1516, 16528696
1518, 0
1521, 0
1525, 0
1526, 0
1528, 394220452
1529, 3934293
1532, 1615668660
1533, 0
1536, 41219563
1537, 23227460
1538, 0
1539, 1
1540, 645928914
1544, 3984293
1546, 14590061
1547, 606390921
1552, 0
1553, 0
1555, 0
1556, 3
1557, 293276453
1558, 0
1559, 0
1566, 0
1568, 212380742
1573, 1116802216
1574, 0
1577, 3986481
1579, 4001488
1580, 7972985
1583, 11965799
1585, 0
1587, 493594125
1590, 1179895049
1591, 0
1592, 7996655
1593, 1493134193
1594, 169989193
1599, 0
1606, 52528202
1607, 0
1610, 12544093
1612, 188653657
1618, 552725712
1619, 2
1621, 0
1622, 940747861
1623, 37574846
1626, 12011040
1629, 0
1631, 682406339
1636, 627136138
1640, 0
1643, 12365572
1645, 48424397
1646, 4044990
1648, 128122719
1649, 73622215
1650, 90655301
1653, 16179970
1656, 3
1657, 313918425
1662, 16501231
1664, 0
1667, 1
1669, 0
1671, 24281870
1672, 447264591
1674, 269969673
1676, 0
1681, 0
1684, 4121935
1688, 364067950
1692, 0
1698, 645628289
1702, 0
1703, 1975246746
1704, 12705135
1706, 0
1708, 1879434207
1709, 25469499
1710, 4940110
1713, 42349770
1714, 0
1715, 646029041
1716, 14563331
1717, 0
1720, 10305870
1724, 57323784
1729, 1104186274
1733, 0
1735, 0
1737, 73217910
1743, 0
1745, 4962150
1747, 0
1756, 27950197
1761, 0
1762, 0
1763, 0
1765, 0
1768, 0
1770, 0
1772, 38399486
1777, 18
1778, 113836292
1779, 0
1780, 0
1781, 0
1782, 4251457
1783, 22486882
1784, -1242773968
1785, 9161061
1786, 14038134
1790, 0
1792, 0
1793, 0
1794, 0
1797, 1647150942
1799, 18548149
1800, 0
1805, 0
1811, 29827478
1816, 10773924
1821, 0
1822, 342425705
1825, 0
1826, -1763297477
1828, 0
1831, 0
1832, 155264071
1835, 14999651
1837, 72196042
1840, 952548599
1841, 164730324
1844, 0
1846, 0
1847, -1186370708
1849, 915056625
1851, 1374640403
1852, 0
1855, 18301039
1856, 0
1857, 0
1859, 77224179
1862, 0
1864, 9393885
1865, 0
1867, 46971110
1874, 8391505
1876, 48399118
1877, 350498160
1878, 1135969918
1884, 9985523
1886, 56917312
1887, 304149641
1888, 268885511
1889, 0
1890, 0
1894, 20876214
1898, -1343051066
1899, 8
1902, 237754401
1909, 0
1915, 23715717
1916, -1470317437
1919, 0
1921, 131759697
1924, 5481087
1928, 0
1930, 57719540
1937, 0
1939, 698166466
1944, 0
1946, -117084207
1947, 18327655
1949, 0
1954, 0
1958, 0
1961, 7500925
1966, 4854446
1967, 0
1969, 21097156
1977, 48810039
1979, 46809854
1980, 0
1982, 247687941
1983, 0
1985, 1859219345
1988, 24316579
1990, 0
1993, 1263120686
1997, 23018439
1998, 0
2000, -58758092
2003, 403185359
2004, 15604673
2008, 61140635
2011, 479217261
2013, 14820343
2014, 0
2015, 0
2024, -903675654
2026, 0
2028, 27715555
2029, 246611696
2031, 335572865
2033, 0
2034, 0
2035, 767073694
2036, 1402312480
2039, -920543441
2040, 194739418
2042, 104837865
2043, 1130460417
2044, 4
2045, 19848537
2046, 119793580
2047, 688163212
2048, 0
2051, 1613996125
2052, 38534215
2055, 4964419
2056, 0
2058, 0
2060, -2075078629
2063, 23003536
2078, 0
2080, 9255830
2081, 252057020
2082, 31490695
2083, -1543868264
2089, 401834190
2095, 10602472
2097, 263301981
2106, -632798197
2109, 0
2110, 0
2111, 0
2113, 0
2120, 15821196
2121, 3
2122, 8264350
2123, 110367064
2129, 5089510
2143, 106875613
2146, 220342003
2147, 427274995
2148, 20506923
2149, -2112615465
2158, 144346381
2162, 139549152
2164, 562996742
2165, 0
2166, 0
2170, 0
2171, 44832034
2181, 5094712
2182, 0
2183, 10857734
2185, 0
2189, 11501607
2191, 1557186006
2192, 305261960
2196, 219104006
2197, 0
2200, 0
2204, 6986968
2205, 0
2206, 16135859
2209, 0
2215, 206433222
2218, 5161237
2220, 0
2223, 0
2224, 5377738
2225, 11084910
2226, 0
2229, 0
2232, 0
2233, 1801645494
2234, 285172128
2240, 0
2245, 44102248
2246, 11495400
2258, 16735437
2259, 116032676
2260, 308684072
2264, -647343880
2265, 8622832
2266, 126566383
2269, 98065056
2273, 197060826
2274, 4
2275, 194688271
2282, 31485138
2284, 1391087208
2285, 70
2287, 0
2290, -1740978150
2292, 0
2293, 0
2294, -1971025855
2300, 27451725
2305, 205397817
2308, 129754779
2310, 19548822
2311, 10
2312, 41987451
2317, 0
2318, 63614688
2327, 21095062
2328, 0
2330, 80260347
2331, 0
2333, 0
2341, 5485305
2344, 583829777
2348, 345194273
2349, 332157355
2356, 944452814
2360, 0
2361, 1597993503
2362, 281806487
2363, 576038682
2364, 5274279
2368, 421832489
2377, 22769347
2380, 0
2381, 138272192
2383, -288485972
2384, -608619313
2386, 1303393451
2387, 0
2389, 1255613390
2391, 173262019
2392, 0
2396, 5300596
2416, 0
2421, 0
2436, 826145301
2446, 6
2451, 0
2454, 10503162
2464, 46013114
2467, -2062666108
2480, 1479956518
2481, 1281100114
2482, 0
2486, 0
2489, 10757142
2490, 96827451
2493, 5480738
2497, 274042234
2498, 0
2500, 0
2502, 28303525
2503, 20307672
2508, 1743368031
2510, 1314273991
2512, 0
2513, 0
2530, 981683345
2532, 0
2533, 150547187
2536, 44002941
2541, 0
2546, 0
2547, 0
2551, 0
2552, 8223774
2554, 1578574577
2555, 32564737
2557, 2
2559, 98657963
2562, 469770458
2565, 35291707
2566, 0
2567, 0
2568, 0
2570, 5485546
2575, 571223570
2578, 15240870
2579, 16443487
2586, 16733309
2588, 0
2589, 5485310
2592, 0
2594, 525671280
2596, 5798206
2597, 124635538
2599, 5495558
2600, 0
2602, 0
2604, 850088933
2610, 53021027
2612, 115209514
2613, 5486332
2614, 5486371
2615, 241035964
2616, 0
2618, 1320984949
2619, 5487494
2620, 1540780671
2621, 162622694
2622, 442408041
2623, 499856144
2625, 428705962
2626, 0
2627, 472513890
2628, 285482190
2630, 0
2631, 1076491194
2636, 31812875
2637, 0
2639, 0
2640, 5496910
2641, 101945882
2642, 453945570
2644, 82453004
2648, 1
2649, 0
2653, -101368998
2655, 5496908
2659, 11596429
2665, 488067863
2666, 143468082
2669, 1379450485
2672, 831042913
2676, 5789335
2677, 15568712
2678, 1342053834
2683, 5798204
2684, 0
2689, 142139906
2693, 42208742
2695, 0
2698, 73826581
2699, 12044047
2701, 909593711
2702, 64400212
2705, 0
2720, 383747622
2731, 0
2733, 331898041
2734, 1715562471
2735, 1
2737, 0
2738, 11842963
2739, 0
2741, 33596326
2750, 5928083
2755, 6971898
2757, 921905846
2758, 0
2763, 22166036
2781, 11041804
2783, 0
2784, -305624878
2785, 23741351
2788, 38295158
2795, 0
2797, 299371598
2804, 0
2805, 76533317
2807, 1543328481
2811, 261644115
2813, 1
2816, 0
2819, 373837109
2821, 1627380124
2822, 0
2823, -1467975116
2826, 1
2833, 486409303
2836, 0
2837, -768320172
2841, 2015887649
2855, 0
2857, 152347759
2858, 6685931
2865, 27093127
2866, 0
2868, 177265656
2871, 6611746
2873, 26713595
2874, 1118602643
2876, 7081726
2877, 13223494
2878, 105788951
2881, 0
2883, 1216964431
2884, 34644743
2888, 40143581
2891, 40204035
2893, 78145685
2898, 6765681
2900, 206330851
2901, 7672947
2906, 1048845156
2907, 65621741
2908, 0
2912, 65701788
2917, 0
2918, 0
2923, 1
2926, -321482839
2929, 0
2930, 0
2933, 21
2935, 0
2938, 1252392805
2943, 54186152
2944, 152431658
2945, 8207896
2947, 93939359
2951, 7051656
2953, 0
2954, 965035350
2955, 0
2968, 729995260
2971, 0
2972, 15001935
2976, 0
2985, 2
2988, 0
2991, 6928902
3000, 8820464
3005, -2134581681
3011, 10253390
3012, 0
3017, 0
3018, 6935338
3027, 10860367
3028, 14140706
3029, 111385767
3031, 0
3032, 1257037108
3035, 171142505
3038, 0
3040, 1651206717
3041, 182500630
3049, 722776610
3052, 251807209
3056, 0
3063, 0
3065, 469220731
3067, 20962491
3071, 6
3074, 0
3075, 0
3077, 1671164140
3084, 0
3091, 6987566
3092, 4
3096, 194985361
3102, 73203815
3103, 0
3106, 252513455
3108, 331721734
3114, 0
3118, 62230748
3121, 111268594
3124, 84619018
3132, 729487519
3139, 164949716
3142, 42421917
3143, 575072219
3154, -1817488646
3156, 0
3157, 0
3160, 20647165
3161, 35351319
3168, 9248751
3172, 0
3183, 123641324
3186, 16657252
3193, 261693981
3195, 10602918
3199, 1681008338
3202, 45679117
3204, 0
3205, 89258210
3206, -241211615
3208, 0
3210, 0
3214, 12
3233, 479270440
3237, 64584768
3238, 45953920
3246, 14999098
3247, 7345448
3248, 161193627
3253, 0
3261, 7706868
3268, 0
3272, -1229944522
3275, 48
3280, 21934965
3282, 0
3283, 9549469
3286, 7311664
3289, 0
3290, 0
3291, 4
3293, 51417890
3301, 9285903
3304, 746629162
3308, 48460325
3310, 0
3314, 14690866
3315, 61389887
3318, 11300935
3323, 0
3324, -862926298
3329, 1054576883
3330, 0
3331, 0
3332, 23018393
3333, 7345542
3338, 73459509
3343, 7417829
3349, 0
3350, 2
3356, 132948770
3357, 22260731
3358, 1
3361, 0
3365, 0
3369, 0
3370, 7502322
3372, 0
3375, 172555754
3376, 1143118893
3377, 340032036
3380, 1364225035
3384, 1531711631
3387, 0
3394, 9162442
3396, 38711997
3397, 67497563
3400, 17972694
3401, -1997744665
3402, 447654493
3405, 0
3407, 0
3409, 45158244
3410, 22502523
3413, 45013925
3416, 0
3421, 0
3431, 0
3441, 52126183
3444, 7502351
3446, 15240883
3448, 112542826
3454, 49104336
3457, 0
3460, 0
3461, 0
3462, 100362292
3465, 73851051
3467, 0
3470, 0
3473, 1336934256
3478, 22490860
3479, 0
3485, 1024856443
3491, 0
3492, 0
3493, 847278471
3494, 7731136
3496, 0
3497, 0
3498, 7550141
3499, 0
3500, 0
3502, -116187501
3503, -13226935
3508, 0
3509, 1717282572
3510, 0
3513, 0
3514, 7727074
3521, -541989310
3525, 44866409
3528, 934866806
3532, 441958668
3533, 0
3536, 1
3537, 127208789
3538, 0
3544, 97793225
3545, -24604808
3546, -1160506380
3547, 0
3550, 0
3552, 8960661
3554, 15316250
3556, 273002447
3557, 426722921
3560, 11154283
3562, 7658977
3564, 0
3566, 0
3568, 226936824
3569, 44931815
3578, 12886577
3579, 344342931
3580, 55715050
3585, 0
3587, 15318023
3588, 7659020
3589, 139356192
3590, 0
3593, 11502771
3596, 0
3598, 0
3602, 169900877
3603, 175746867
3609, 31945811
3610, 0
3613, 23019574
3615, 0
3619, 0
3621, 633861556
3623, 296807268
3627, 0
3628, 0
3632, 0
3634, -153751245
3635, 1899754500
3637, 59525190
3639, 342767273
3641, 22777815
3642, 68447447
3645, 0
3647, 9162453
3649, 0
3651, 169689272
3655, 0
3659, 1521802539
3664, 55731467
3675, 7742337
3676, 681115896
3680, 453814098
3681, 0
3682, 0
3684, 1613926284
3685, 92671278
3687, 46335958
3692, 7727112
3696, 532536923
3697, 0
3698, 444141858
3700, 0
3701, 1113610242
3703, 7726590
3705, 0
3708, 0
3709, 283912816
3710, 1130994515
3711, -506364992
3716, 0
3721, 56451357
3723, 1755295832
3725, 7727085
3736, 228677137
3737, 26762272
3753, 90894724
3754, 0
3755, 18417008
3756, 0
3757, 370970899
3759, 275925159
3762, 7731134
3763, 0
3770, 9614701
3775, 0
3777, 778266288
3779, 23193474
3785, 0
3787, 0
3792, 0
3794, 7742345
3795, 0
3801, 0
3803, 360480552
3804, 0
3806, 31208988
3810, 0
3811, -1260206905
3812, 0
3816, 99172586
3818, 1300837843
3819, 0
3822, 144452456
3824, 38636549
3828, 10305872
3829, 0
3833, 15484677
3836, 0
3837, 24745624
3840, 3
3843, 0
3847, 286854726
3848, 30461603
3849, 14
3854, 0
3855, 4
3856, 0
3857, 0
3859, 956822224
3867, 0
3872, 0
3873, 23227410
3874, -1993176810
3875, 8450295
3879, 0
3882, 124935979
3885, 85168961
3887, 0
3888, 0
3889, 0
3891, 1506095728
3895, 0
3896, 10862703
3897, 110246006
3898, 0
3899, 0
3901, 181376757
3902, 2082689906
3903, 15568727
3905, 0
3907, 0
3909, 397828412
3912, 0
3913, 0
3916, 24423582
3918, 0
3919, 106698818
3920, 0
3922, 46813038
3923, 21
3926, 54550839
3927, 1229816639
3928, 76022189
3931, 993497908
3936, 0
3937, 8479439
3944, 0
3945, 127064086
3948, -1988207115
3950, 0
3952, 0
3955, 17645922
3958, 379156205
3959, 1543762417
3960, 0
3967, 0
3969, 1971458818
3970, 8490681
3974, 0
3975, 164967245
3977, 98493419
3981, 21208074
3983, -1330778550
3988, 21600807
3990, 0
3992, 659488716
3993, -671157639
3995, 340129116
3996, 2064168789
4000, 0
4002, 378300288
4003, 0
4005, 0
4008, 1628220531
4011, 8248532
4019, 11083003
4020, 86638485
4023, 24745505
4027, 3
4031, 24987405
4033, 0
4035, 196996051
4036, 0
4037, 30755337
4040, 342605288
4042, 488725027
4043, 24792930
4045, 8264356
4046, 828277868
4047, 21731641
4048, 1
4049, 0
4053, 550569778
4054, 1517661512
4055, 0
4056, 8329127
4057, 0
4058, 0
4059, 0
4061, 205723885
4063, 0
4064, 0
4067, 8328788
4069, 74960528
4070, 0
4076, 33966806
4078, 75791246
4085, 789069732
4086, 484715668
4087, 176388211
4089, 0
4092, 1
4093, 0
4095, 0
4096, 78380653
4097, 0
4099, 0
4100, 410839221
4101, 47765546
4102, 13
4103, 0
4106, 21819158
4110, 0
4111, 119535782
4112, 0
4117, 36669755
4118, 298046061
4119, 0
4120, 1
4126, 8391551
4129, 1
4130, 0
4133, 375807498
4135, 0
4137, 198754372
4140, 109887964
4144, 127892261
4145, 3
4149, 637764634
4153, 50702001
4155, 8490804
4158, 163106920
4162, 0
4164, 78173911
4165, 0
4167, 11243392
4170, 625981509
4173, 33811914
4176, 42264974
4177, -2089975869
4180, 400925822
4181, 0
4183, -901226086
4186, 67767109
4188, 16941932
4189, 1
4192, 6
4194, 453117177
4198, 1150160658
4200, 10767863
4201, 0
4205, 33894998
4213, -969632555
4217, 0
4218, 0
4220, 1
4221, 38458844
4231, -1456537343
4233, 0
4234, 0
4235, 152602550
4239, 0
4241, 772232579
4245, 57217336
4246, 242513993
4247, 0
4248, 782540055
4249, 0
4250, 17687007
4257, 0
4261, 0
4262, 1127336882
4267, 195029728
4269, 0
4272, 0
4274, 0
4275, 0
4276, 0
4279, 16981061
4281, 1053729720
4282, 9777635
4286, 0
4288, 8490652
4290, 10422887
4291, 33962985
4298, 1159399607
4302, 0
4304, 1919675576
4311, 10154076
4312, -1382515559
4313, 1
4315, 6
4320, 11024758
4321, 0
4322, 0
4324, 0
4325, 0
4333, 2092945247
4336, 47749533
4340, 8539354
4344, -452249222
4345, 312762397
4346, 0
4351, 1943930942
4354, -301742485
4355, 0
4357, 68313404
4358, 0
4361, 412401696
4362, -1653054556
4363, 0
4364, 8540352
4366, 760966463
4367, 1369222756
4371, 17108755
4373, 0
4379, 8554380
4380, 0
4384, 164882401
4391, 10510577
4392, 6
4394, 0
4398, 34262365
4399, 9263026
4400, 742222147
4401, 71095342
4402, 18
4404, 1
4405, 0
4407, 0
4408, 0
4409, 0
4412, 0
4415, 0
4416, 151633814
4419, 25696791
4423, 915653753
4426, 2
4428, -1201107886
4430, 1
4433, 43783423
4437, 28609131
4438, 0
4445, 0
4453, 0
4454, 0
4463, 118487976
4466, 385491693
4475, 0
4477, 352913035
4479, 0
4489, 0
4490, 0
4494, 124024940
4499, 0
4500, 1156391520
4503, 0
4507, 0
4514, 0
4517, 44928089
4520, 8450372
4526, 31267545
4527, 0
4528, 538859637
4535, 10155091
4537, 3
4538, 0
4541, 0
4542, 52914147
4543, 0
4544, 29354247
4547, 0
4549, 8819045
4553, 0
4554, 44110737
4555, 0
4556, -663162062
4558, 1297165948
4563, 10154073
4566, 0
4572, 97915185
4576, 0
4580, 776252752
4581, 0
4582, 0
4588, 0
4594, 44217318
4598, 0
4600, 1841856295
4606, 26037410
4607, 0
4614, 17841595
4615, 0
4619, 8891281
4620, 0
4621, 8843477
4622, 767742651
4625, 44457648
4626, 9
4635, 0
4636, 0
4638, 0
4639, -180065597
4641, 0
4642, 274355612
4643, 36994861
4648, 8843497
4649, 74027624
4650, 0
4653, 951589082
4655, 0
4658, 1177442311
4659, 203547439
4660, 30637822
4661, -1420024579
4664, 0
4668, 2
4669, 0
4671, 0
4672, 106697725
4673, 17921309
4676, 0
4677, 11393751
4678, 235738243
4682, 0
4683, 0
4685, 124499454
4692, 315733912
4694, 0
4696, 748810951
4701, 1340235168
4706, -1938336273
4707, 1307701979
4709, 430412767
4710, 1
4714, 8921347
4716, 10212588
4720, -1618725206
4721, -1844939117
4725, 0
4731, 0
4732, 0
4733, 0
4737, 8921346
4738, 0
4741, 8921348
4745, 113004905
4747, 100308750
4753, 280905970
4755, 1
4757, 17973071
4758, 8966267
4760, 33730124
4761, 0
4763, 65181662
4766, 0
4767, 121581788
4778, 0
4782, 9100155
4783, 234320439
4790, 966859145
4793, 8968061
4794, 1307802992
4800, 1009488362
4804, 0
4806, 0
4807, 44927873
4811, 0
4814, 1
4817, 0
4821, 264349782
4822, 0
4826, 8988123
4827, 0
4831, 26957153
4832, -793321671
4833, 0
4837, 17972690
4842, 635728109
4853, 0
4854, 19386397
4856, 8986347
4863, 17976089
4872, 1291396248
4875, 0
4877, 0
4890, 242640280
4891, 0
4893, 0
4894, 9684191
4896, 0
4903, 278067300
4907, 0
4910, -1510039797
4915, 302983200
4922, 0
4923, -1869805132
4924, 8986816
4925, 161958795
4928, 152801429
4934, 0
4948, 0
4949, 0
4953, 523117186
4954, 0
4959, 236577119
4960, 0
4961, -1432269889
4968, 9089828
4971, 137459166
4974, 45458931
4975, 9095538
4976, 0
4977, 181961532
4987, 11199174
4990, 0
4991, 2041091711
4994, 9442524
5000, 81926197
5001, 122266560
5002, 197041528
5005, 136432101
5010, -1605571675
5012, 15
5015, 1278573899
5016, 3
5017, 45533040
5023, 1
5031, 171117912
5034, -865199907
5036, 36412030
5045, 145894227
5048, 0
5059, 0
5066, 18238063
5068, 0
5069, 0
5072, 312310191
5080, 100654006
5081, 1507199564
5082, 256189705
5089, 0
5091, 893957415
5093, 0
5094, 626263504
5096, 0
5097, 0
5100, 82414513
5101, 1241476352
5107, 22767889
5110, 0
5112, 9163825
5113, 0
5121, 0
5124, 27609335
5135, 0
5136, 0
5138, 0
5144, 0
5147, 680392428
5150, 0
5152, 11399904
5153, 6
5165, 9199270
5174, 0
5175, 1686656378
5177, 21
5179, 0
5184, 0
5196, 20659239
5197, 9202629
5199, 64454932
5200, 64741352
5210, 137726155
5212, 151065585
5213, 0
5214, 1
5217, 82873223
5218, 0
5220, 0
5223, 9207923
5229, 2091106007
5230, 0
5231, 46014252
5232, 0
5239, 0
5251, 75168425
5254, 55250205
5258, 0
5259, 875299296
5261, 0
5263, 0
5267, 1763372707
5273, 46243760
5274, 0
5275, 0
5279, 9248707
5281, 27746205
5282, 0
5286, 10273187
5287, 11115170
5288, 30
5292, 502956886
5295, 21818748
5296, 0
5301, -1068092384
5304, 302560990
5309, 943492310
5310, 0
5312, 64773213
5313, 0
5316, 277593322
5323, 11493467
5328, 45204695
5334, 9253183
5337, 1275303479
5338, 0
5339, 0
5340, -436497621
5360, 0
5363, 0
5365, 166550287
5371, 1308266497
5372, 373426157
5373, 305449082
5375, 0
5378, 822294758
5380, 0
5383, 0
5387, 1200555087
5393, 0
5394, 0
5395, 18571456
5398, 0
5399, 0
5405, 19229363
5407, 0
5412, 0
5415, 0
5417, 74295425
5419, 0
5420, 323855447
5428, 0
5429, 0
5431, 46432837
5432, 0
5434, 0
5442, -1662458662
5450, 10855962
5453, 18883432
5462, 92964719
5464, 0
5469, 55777778
5473, 0
5477, 0
5480, 1044153653
5482, 11385612
5483, 0
5484, 428834274
5486, 9297659
5490, 9441232
5495, 0
5496, 22876007
5498, 18884927
5499, 19102699
5506, 1173089707
5513, -1953733417
5516, 154422806
5519, 0
5531, 0
5534, 151079919
5536, 0
5537, 0
5538, 23002663
5539, 9551364
5542, 702333236
5544, 0
5546, 0
5547, 0
5548, 19525260
5550, 0
5553, 0
5555, 0
5557, 0
5563, 9442519
5566, 19102717
5572, 0
5575, 817369902
5577, 0
5583, -108423190
5584, 0
5585, 267402757
5587, 157531606
5593, 0
5597, 19100607
5598, 9549479
5601, 10862726
5607, 0
5609, 171891200
5611, 0
5621, 66847389
5626, 0
5627, -575115841
5628, 129007817
5631, 0
5633, 0
5637, 0
5639, 9549654
5640, 86171185
5641, 0
5643, 28648983
5650, 0
5651, 0
5652, 0
5654, 0
5656, 74151738
5659, 492873369
5660, 0
5661, 0
5674, 0
5675, 0
5678, 0
5682, 0
5688, 0
5690, 160358080
5692, 0
5700, 28659380
5701, 1058722226
5702, 57318035
5705, 29055966
5706, 40835537
5708, 56307409
5709, 9684189
5710, 0
5712, 504500899
5714, 173540611
5720, 0
5723, 117482599
5724, 0
5728, 0
5730, 0
5731, 32050329
5732, 667599678
5734, 173804099
5735, 393480098
5736, 19525135
5738, 11300474
5739, 0
5740, -257590388
5743, 1595717275
5744, 458695499
5750, 135133726
5751, 984566751
5753, -2064114124
5756, 368369542
5758, 9558449
5761, 9614676
5762, 10155089
5768, 0
5771, 0
5773, 0
5775, 86533488
5783, 0
5784, 134606826
5787, 0
5789, 57935616
5790, 104471555
5792, 11275214
5794, 73538234
5795, 0
5800, 0
5801, 164392497
5807, 9621060
5809, 9655900
5810, 774336811
5821, 0
5822, 9655902
5823, 0
5827, 0
5830, 397057354
5831, 89967310
5837, 0
5838, 0
5840, 270759203
5841, 0
5842, 0
5849, 930582580
5850, 9680275
5851, 0
5852, 0
5860, 745990685
5864, 0
5869, 1233883525
5873, 78450888
5880, 0
5883, 167001353
5887, 0
5893, 0
5896, 11151093
5899, 19370626
5900, 11509640
5901, 60923924
5903, 1073647186
5906, 0
5908, 10212591
5914, 0
5917, 1504888550
5926, 0
5931, 0
5935, 0
5937, 0
5938, 0
5943, 0
5944, 29079519
5945, 0
5952, 2066045395
5954, 0
5960, 0
5963, 2135669537
5965, 0
5969, 0
5970, 1293882174
5973, 0
5974, 0
5975, 0
5977, 71854055
5980, 0
5984, 9758743
5985, 9758761
5986, 0
5993, 0
5994, 0
5998, 11396066
5999, 0
6005, 11399917
6012, 0
6013, 462067222
6014, 0
6015, 263295655
6016, 0
6018, 0
6021, 0
6023, 92384495
6030, 216367545
6031, 371439206
6032, 114856590
6034, 0
6035, 153187100
6040, 0
6043, 953478764
6046, 9777634
6062, 0
6066, 0
6074, 64628972
6082, 0
6084, 0
6085, 1180182014
6089, 68428648
6094, -707089018
6096, 621912115
6099, 50770264
6101, 1501149835
6102, 0
6107, 92760881
6113, 0
6114, 0
6117, 0
6121, 79093961
6123, 0
6127, 0
6129, 1322262292
6131, 163098985
6133, 0
6137, 11389140
6140, 0
6149, 0
6151, 0
6153, -1108220123
6162, 0
6166, 0
6167, 0
6172, 132016610
6180, 30796714
6183, 10472776
6187, 10155095
6190, 0
6194, 11397116
6200, 0
6205, -1076098310
6206, 71482862
6209, 224264635
6210, 0
6214, 1491800022
6223, 32619582
6227, 0
6233, 0
6235, 0
6240, 0
6243, 0
6248, 0
6249, 245004118
6254, 245010997
6255, 10306823
6258, 20417216
6259, 0
6262, 1965949438
6269, -1852844390
6270, 153845926
6275, 0
6277, 41013101
6278, 22959315
6279, 0
6280, 10208893
6293, 0
6301, 0
6302, 0
6303, 0
6307, 662531598
6310, 0
6314, 0
6316, 200651433
6321, 0
6322, 0
6324, 0
6325, 0
6326, 11396717
6327, 0
6328, 81700935
6334, 0
6339, 92265326
6342, 0
6348, 1541311121
6349, 0
6351, 0
6355, 256333183
6357, 0
6358, 0
6359, 0
6360, 0
6361, 0
6362, 0
6363, 0
6380, 0
6381, 0
6382, 0
6388, 0
6389, 0
6400, 318143497
6401, 30920407
6408, 11252426
6414, 51267375
6415, 443874585
6419, 10254031
6425, 0
6429, 113910292
6430, 434132800
6433, 0
6437, 10254013
6439, 0
6441, 0
6442, 0
6444, 0
6451, 407929641
6459, 0
6460, 352412717
6461, 0
6462, 0
6463, 0
6466, 205242212
6474, 10265900
6476, 0
6477, 0
6481, 621127377
6485, 139472018
6486, 401382117
6494, 0
6495, 0
6497, 0
6500, 0
6503, 503436336
6506, -615565968
6514, 400939757
6515, 21279357
6517, 0
6518, 779212441
6521, 667769939
6522, 566713140
6526, 0
6531, 94699691
6534, 10274644
6542, 0
6545, -1510980440
6557, 10274872
6565, 0
6566, 206049229
6567, 0
6569, 0
6570, 21987001
6572, 0
6574, 0
6576, 0
6579, 426952376
6588, 33340779
6594, 0
6612, 0
6623, 0
6625, 0
6627, 31312875
6634, 10306781
6637, 168570904
6638, 0
6640, 10306817
6641, 0
6643, 0
6645, 10771397
6646, 1502454483
6647, -1438402925
6649, 0
6650, 0
6651, 536966157
6658, 467371732
6666, -2019348532
6668, 31214391
6670, 242393514
6673, 0
6679, 0
6691, 0
6696, 0
6698, 22799889
6699, 144022670
6700, 30988774
6701, 20657060
6702, 31917978
6710, 0
6713, 0
6714, 0
6715, 10639283
6716, 1973636512
6722, 0
6726, 0
6727, 0
6742, 208455986
6749, 0
6751, 361670893
6753, 391651289
6756, 766729643
6757, 10898356
6761, 0
6766, 1295644298
6768, 260956200
6769, 21804088
6770, 418773184
6771, 159743916
6772, 93901799
6773, -1520507014
6776, 52190421
6779, 10437737
6781, 249222956
6784, 11070590
6787, 838683954
6788, 10433566
6789, 162353800
6793, 22409119
6794, -1277217757
6807, 0
6810, 10502047
6816, 0
6817, 0
6818, 658913759
6827, 589972613
6831, 0
6834, 0
6835, 0
6836, 114831242
6842, 0
6847, 31315276
6853, 0
6854, 0
6855, 0
6856, 787200066
6858, 0
6861, 0
6862, 206709477
6866, 0
6871, 148879026
6872, 188463912
6876, 0
6882, 10446688
6883, 0
6886, 0
6892, 0
6898, 0
6902, 0
6904, 10447084
6905, 0
6906, 0
6916, 0
6921, 261435867
6922, 0
6923, 52364144
6926, 41788495
6936, 715053397
6941, 0
6942, 73131544
6948, 10895420
6949, 42416672
6950, -491883532
6953, 168852848
6958, 0
6960, 0
6976, -1222591818
6979, 63032467
6982, 0
6985, 0
6986, 632408937
6988, 0
6989, 0
6992, 0
6994, 0
6996, 0
6998, 0
7001, 97558462
7002, 198680031
7005, 0
7015, 21601018
7016, 0
7021, 85498058
7023, 0
7028, 10993646
7031, 1921482987
7033, 21009608
7035, 33103149
7037, 0
7041, 10504820
7043, 42439474
7048, 126059390
7049, 0
7050, 0
7053, 31515949
7055, 21010792
7056, 0
7057, 0
7060, 0
7071, 0
7072, 10570649
7076, 463866454
7077, 11486071
7079, 412300540
7081, 0
7083, 0
7086, 0
7089, 0
7092, 168155541
7093, 94594620
7094, 42044210
7095, 0
7103, 0
7106, 0
7107, 0
7108, 0
7110, 55760001
7112, 0
7113, 0
7117, 0
7120, 10510580
7126, 11402775
7132, 0
7134, 0
7137, 31735047
7138, 0
7139, 0
7142, 0
7144, 362629021
7145, 0
7150, 53013435
7152, 0
7153, 0
7154, 536089324
7157, 0
7164, 0
7165, 42047905
7168, 10602630
7170, 42416587
7171, 0
7176, 10511313
7193, 1012013604
7194, 10511823
7200, 10511926
7205, 10570649
7206, 660473004
7207, 0
7209, 0
7218, 0
7219, 0
7222, 10704055
7228, 0
7229, 0
7231, 0
7234, 0
7239, 0
7247, 21204939
7248, 95878359
7252, 915066517
7254, 0
7257, 41342633
7258, 0
7260, 0
7262, 0
7263, 0
7266, 0
7269, 42313458
7279, 0
7281, 456983633
7289, 0
7294, -1810427598
7300, 0
7302, 74890205
7303, 0
7305, 0
7307, 479734072
7311, -1106692003
7313, 75378896
7314, 0
7316, 0
7317, 10601063
7320, 0
7325, 10601077
7326, 10602468
7327, 0
7330, 74229555
7332, 0
7335, 0
7341, 89189905
7343, 0
7346, 10602815
7348, 10603891
7352, 0
7357, 0
7359, 0
7360, 10602913
7361, 127234503
7367, 0
7373, 0
7378, 414098387
7381, 0
7383, 0
7386, 265098839
7391, 10603376
7392, 9574548
7399, 1330410469
7401, 0
7408, 864169642
7409, 11254520
7410, 1026821629
7411, 0
7412, 0
7419, 0
7421, 0
7422, 0
7424, 0
7434, 148956300
7437, 573768734
7438, 0
7440, 42417068
7442, 139217276
7443, 0
7445, 0
7448, 11394126
7456, 21215622
7458, 971007108
7460, 2086370555
7463, 0
7466, 234086250
7467, 0
7475, 0
7482, 0
7486, 202374116
7492, 0
7494, 0
7496, 0
7499, 0
7504, 11205543
7505, 0
7507, -2077761693
7510, 0
7512, 0
7514, 10687320
7515, 0
7516, 0
7521, 1921279754
7526, 10649733
7531, 0
7533, 0
7537, 0
7538, 21375038
7540, 22215333
7554, 0
7573, 0
7575, 0
7576, 0
7590, 0
7591, 53520143
7595, 0
7599, 0
7600, 10687208
7607, 32061971
7608, 42747709
7614, 0
7619, 32061610
7621, 10687207
7626, 0
7630, 0
7631, 66089889
7632, 0
7641, 10770381
7644, 43621409
7646, 0
7647, 0
7651, 0
7653, 10703973
7655, 469563107
7664, 0
7666, 1309127227
7670, 0
7671, 128447235
7672, 0
7673, 0
7674, 0
7681, 0
7685, 0
7687, 0
7690, 11300694
7691, 0
7692, 118450966
7695, 0
7699, 65842385
7702, 0
7705, 0
7709, 22966593
7710, 626946409
7713, 0
7718, 0
7721, 1167768889
7727, 10708995
7732, 213013283
7738, 0
7739, 0
7740, 0
7742, 0
7743, -1477342658
7746, 0
7747, 0
7753, 0
7754, 32293636
7756, 32309603
7758, 0
7759, 21536645
7760, 0
7762, 396472063
7763, 21655948
7767, 10800276
7769, 0
7772, 0
7773, 0
7776, 0
7779, 0
7787, 0
7792, 0
7801, 10866539
7803, 0
7813, 21642214
7814, 0
7820, 10769873
7821, 21542908
7827, 0
7829, 0
7830, 0
7834, 0
7837, 0
7842, 161561940
7844, 0
7845, 764260000
7851, 40596116
7867, 1195437764
7868, 990232880
7869, 0
7875, 10771451
7878, 433101764
7886, 249042055
7890, 0
7891, 0
7894, 0
7895, 0
7903, 21543596
7908, 0
7914, 0
7916, 10771806
7917, 0
7923, 0
7932, 54280504
7934, -36182203
7936, 1778230979
7939, 0
7944, 0
7949, 34489028
7952, 151205964
7956, 53878581
7961, 0
7966, 0
7967, 43587679
7972, 0
7979, 33074785
7982, 1149270768
7983, 0
7987, 0
7990, 0
8004, 0
8008, -464378297
8012, 0
8013, 0
8015, 0
8018, 0
8019, 0
8021, 10965086
8027, 0
8032, -1352158522
8041, 10800280
8047, 97305403
8049, 10800281
8050, 194881306
8051, 0
8054, 0
8055, 0
8056, 0
8070, 0
8075, 140343082
8084, 0
8085, 0
8090, 0
8096, 10811888
8103, 118229864
8105, 0
8112, 0
8119, 0
8122, 0
8124, 0
8130, 10815372
8131, 551576755
8133, 313628170
8134, 232266682
8135, 0
8140, 21630874
8141, 11110844
8146, 315093339
8152, 0
8153, 0
8157, 22303686
8158, 0
8160, 21630761
8162, 0
8168, 0
8176, -473429759
8183, 282174642
8186, 0
8187, 0
8193, 0
8196, 0
8197, 0
8201, 0
8203, 0
8208, 0
8212, 290090362
8215, 0
8216, 65135543
8222, 0
8224, 108563392
8230, 0
8232, 32567843
8234, 0
8235, 0
8239, 210235722
8244, 0
8245, 10856022
8246, 21720771
8248, 32686167
8250, 65136175
8252, 0
8254, 0
8257, 119532147
8268, 0
8272, 32588120
8274, 0
8275, 0
8276, 0
8278, 0
8286, 0
8294, 0
8307, 0
8320, 928253587
8322, 0
8324, 10856537
8334, 0
8338, 729496191
8345, -834332896
8353, 108627174
8354, 10909327
8358, 54317062
8363, 0
8373, 0
8379, 11509452
8381, 0
8382, 57419066
8394, 43637227
8407, 0
8410, 32581108
8415, 32586486
8417, 0
8419, 22398362
8424, 0
8430, -1022636028
8431, 0
8432, 0
8434, 33754835
8436, 10860347
8441, 1079854232
8444, 0
8445, 0
8447, 0
8448, 0
8449, 0
8452, 22419912
8457, 10862726
8460, 0
8469, 0
8472, 319735551
8478, 0
8479, 184672919
8480, 0
8482, 68961200
8494, 1221879612
8496, 0
8500, 0
8504, 21731559
8508, 1919963759
8509, 0
8515, 11024757
8523, 0
8528, 141264257
8536, 0
8538, 10866638
8546, 0
8547, 228303508
8552, 1635702751
8560, 0
8565, 0
8567, 65239357
8574, 0
8582, 0
8584, 0
8585, 10868278
8588, 882700672
8589, 0
8590, 11301357
8594, 22610471
8596, 0
8597, 10868283
8602, 19318584
8604, 0
8613, 32612854
8616, 0
8621, 153126846
8623, 0
8624, 0
8626, 0
8629, 0
8636, 0
8642, 0
8644, 0
8646, 146098755
8648, 11495075
8649, 0
8652, 0
8653, 0
8658, 0
8670, 32716292
8671, 0
8672, 0
8673, 0
8675, 0
8676, -464623756
8679, 0
8680, 435720404
8688, 0
8698, 0
8699, 596606796
8701, 0
8702, 0
8705, 32679284
8707, 11388879
8719, 131349991
8720, 0
8723, 0
8725, 0
8726, 1116653773
8733, 479834581
8735, 0
8736, 0
8737, 0
8739, 120930502
8745, 10895422
8750, 0
8752, 0
8755, 802023221
8761, 141642186
8762, 0
8764, 0
8766, 0
8769, 0
8776, 45610944
8779, 43637519
8782, 0
8784, 0
8786, 43608142
8789, 0
8794, 77236538
8798, 54491933
8799, -1225676926
8801, 0
8802, 10898392
8811, 394769873
8812, 0
8813, 0
8814, 10898380
8824, 0
8826, 0
8828, 0
8838, 11024757
8842, 11112746
8843, 2018567023
8847, 10965406
8850, 32727889
8855, 0
8857, 66017982
8860, 124286158
8864, 10905394
8866, 0
8867, 11158592
8870, 22308528
8871, 10905399
8875, 10905398
8883, 0
8886, 0
8887, 163642809
8891, 102807897
8899, 207205109
8901, 0
8906, 21811248
8913, 0
8914, 185454327
8915, 0
8921, 0
8923, 11024012
8927, 33597453
8931, 0
8932, 214623190
8933, 0
8938, 0
8940, 0
8945, 32728050
8952, 0
8955, 54827816
8962, 0
8965, 0
8966, 0
8974, 0
8977, 10965072
8978, 10909565
8981, 10909838
8987, 21819143
8991, 1236847251
8994, 0
8995, 10909581
8996, 32740644
9000, 0
9002, 0
9003, 33598016
9008, 0
9014, 10913421
9015, 0
9017, 0
9019, 414704441
9021, 22990235
9022, 625210584
9024, 99380195
9025, 1546474358
9026, 0
9035, 442770635
9040, 0
9044, 11024937
9057, 22308492
9059, 0
9061, 0
9062, -1321404962
9066, 0
9067, 0
9068, 481671233
9069, 0
9072, 896998532
9075, 0
9076, 0
9077, 0
9080, 0
9093, 65790479
9096, 21937155
9097, 0
9102, 22303723
9107, 0
9109, 0
9114, 639067566
9124, 229656525
9133, 0
9143, 0
9149, 0
9152, 0
9154, 0
9155, 0
9158, 0
9161, 21936808
9163, 1062323324
9166, 0
9187, 65811372
9189, 77107927
9197, 76955071
9199, 0
9203, 10968582
9205, 0
9206, 0
9211, 11024924
9220, 0
9221, 0
9222, 0
9223, 0
9232, 0
9237, 0
9242, 0
9245, 10866539
9246, 55123627
9248, 66147800
9252, 11024922
9256, 33074262
9269, 1375646943
9277, 0
9286, 0
9292, 0
9293, 0
9300, 221068795
9302, 11067930
9303, 0
9305, 77236075
9306, 0
9307, 0
9310, 1103171847
9313, 453778792
9316, 0
9317, 2067148565
9320, 0
9322, 22137899
9327, 0
9332, 0
9338, 11041795
9342, 166063266
9347, 11041800
9352, 22393122
9354, 0
9355, 0
9369, 0
9372, 0
9375, 0
9379, 33125456
9386, 44167308
9390, 11254644
9391, 22083614
9397, 0
9401, 77368427
9402, 0
9404, 165811620
9407, 0
9411, 22083696
9417, 1052840153
9418, 0
9419, 0
9421, 0
9422, 408623825
9429, 298453193
9433, 0
9442, 0
9449, -422692452
9453, 0
9455, 22136971
9456, 0
9458, 155759882
9462, 0
9463, 0
9468, 33205113
9470, 0
9471, 77070677
9472, 0
9475, 22136963
9481, 11419932
9486, 77479499
9491, 0
9492, 22226840
9493, 0
9497, 0
9498, 0
9501, 132925751
9502, 325337041
9504, 11068733
9514, 144071787
9516, 0
9522, 0
9523, 0
9525, 0
9526, 0
9527, 11068960
9534, 618144234
9535, 0
9542, 11070922
9543, 0
9544, 11110843
9545, 319421957
9546, 0
9547, 22141353
9552, 0
9560, 11070349
9563, 0
9564, 443434681
9565, 11124045
9566, 0
9569, 0
9573, 0
9581, 0
9582, 0
9584, 11124617
9586, 0
9588, 0
9599, 0
9600, 0
9601, 22140721
9610, 0
9617, 634943361
9618, 0
9624, 0
9626, 0
9638, 0
9645, 188203009
9646, 0
9652, 443489359
9658, 395162095
9661, 0
9666, 0
9667, 0
9668, 22145022
9669, 11108072
9672, 1145702396
9684, 88580188
9689, 0
9699, 0
9710, 0
9711, 0
9712, 11261500
9714, 0
9716, 1365134709
9717, 0
9720, 0
9727, 0
9728, 11107690
9732, 11083003
9733, 0
9734, 0
9737, 11083013
9754, 0
9762, 0
9769, 0
9776, 0
9777, 11107467
9778, 0
9779, 0
9791, 0
9792, 0
9793, 22398458
9800, 33718653
9805, 0
9810, 0
9819, 0
9821, 11252724
9825, 33323863
9833, 91088788
9834, 11107998
9835, 0
9839, 0
9840, 75501210
9844, 0
9848, 88863860
9849, 0
9850, 0
9853, 0
9857, 22216122
9858, 33896053
9867, 11246188
9869, 0
9871, 744592254
9872, 0
9878, 0
9880, 0
9881, 0
9883, 0
9885, 0
9889, 0
9890, 310342864
9896, -1471065999
9898, 0
9899, 11112740
9900, 0
9909, 0
9915, 11499463
9919, 66666841
9924, 1954535822
9926, 0
9927, 197395366
9928, -1616631422
9934, 0
9941, 0
9942, 111128528
9944, 45009936
9946, 0
9947, 489628804
9950, 11124021
9951, 0
9960, 55567775
9961, 0
9962, 0
9968, 0
9991, 23015177
9992, 0
10001, 33737829
10004, 0
10007, 166731582
10009, 0
10032, 11115166
10033, 0
10035, 111255711
10041, 0
10043, 11115160
10045, 0
10046, 78368761
10047, 66906391
10049, 0
10050, 0
10053, 0
10054, 0
10059, 1631582471
10061, 0
10062, 0
10071, 0
10072, 0
10073, 111524923
10075, 11115166
10076, 58059208
10079, 0
10082, 0
10083, 0
10086, 11124047
10095, 565805368
10104, 0
10105, 88997315
10106, 919790084
10109, 0
10110, 0
10111, 11226330
10112, 0
10118, 0
10123, 0
10128, 0
10130, 0
10134, 11216090
10137, 0
10147, 22491874
10159, 0
10164, 0
10171, 0
10174, 0
10175, 0
10176, 11148867
10179, 0
10183, 0
10186, 33446697
10189, 22297764
10191, 0
10192, 11151045
10193, 0
10194, -1370385262
10203, 0
10204, 457244455
10205, 0
10206, 245788402
10211, 0
10213, 0
10215, 0
10217, 459693718
10219, 0
10223, 0
10227, 323370212
10231, 666711264
10234, 0
10238, 11151546
10239, 0
10246, 0
10247, 0
10251, 360474959
10255, 0
10256, 0
10258, 0
10264, 0
10265, 915875274
10266, 1604755032
10269, 11151919
10271, 0
10272, 11175324
10273, 0
10276, 22303841
10280, 11157932
10281, 0
10284, 0
10286, 0
10290, 66923592
10292, 0
10299, 66925216
10302, 11152029
10309, 0
10312, 0
10313, 0
10316, 11389612
10322, 11153661
10323, 0
10324, 0
10327, 22350126
10328, 0
10330, 223082487
10332, 0
10333, 45564553
10335, 11154252
10339, 0
10343, 11154057
10350, 11394130
10351, 33462544
10365, 618384413
10366, 1662658685
10368, 425377098
10378, 0
10381, 0
10386, 0
10393, 0
10398, 44617033
10400, 476073460
10401, 0
10408, 44617090
10410, 0
10416, 0
10422, 0
10427, 45254137
10429, 11157637
10435, 0
10436, 0
10443, 11399911
10446, 413740507
10452, 22315315
10453, 0
10454, 33472954
10457, 0
10458, 236443363
10461, 100420760
10462, 0
10466, 0
10468, 0
10469, 11216294
10473, 0
10475, 808483533
10481, 11157934
10482, 102871726
10487, 0
10491, 0
10494, 33586455
10497, 33647997
10500, 0
10503, 493736365
10509, 0
10511, 0
10527, 0
10537, 33586488
10539, 0
10541, 0
10547, 34485340
10551, 0
10552, 0
10555, 0
10557, 0
10563, 22135967
10570, 0
10578, 0
10580, 22967641
10583, 44796848
10585, 11196552
10590, 0
10596, 44796471
10605, 11509772
10608, 11196565
10609, 11196638
10610, 1029482333
10611, 0
10613, 11199099
10614, 0
10617, 0
10622, 0
10626, 0
10627, 0
10629, 11397705
10632, 89589832
10639, 0
10646, 11493623
10650, 0
10657, 22398344
10661, 0
10670, 11385125
10671, 0
10673, 11384664
10675, 703850251
10676, 0
10679, 0
10680, 0
10696, -631247624
10698, 123191892
10700, 0
10701, 0
10705, 11402773
10706, 0
10707, 11199563
10708, 45207676
10712, 11245438
10714, 0
10718, 111993066
10727, 0
10729, 0
10735, 0
10740, 33598651
10744, 44894109
10745, 0
10746, 0
10748, 0
10749, 22845948
10752, 0
10756, 0
10758, 55997324
10763, 0
10766, 0
10769, 22419844
10773, 112056112
10774, 324359562
10775, 627483472
10776, 0
10777, 11393933
10779, 123308523
10809, 0
10811, 134659658
10814, 0
10819, 1639926509
10820, 33650033
10821, 11243381
10827, 0
10828, 91259039
10833, 0
10837, 0
10839, 0
10840, 0
10844, 0
10846, 0
10849, 112054997
10853, 0
10857, 0
10858, 0
10859, 0
10862, 1281929896
10867, 56954597
10868, 0
10871, 0
10872, 0
10875, 0
10876, 22432176
10881, 11252428
10893, 11300714
10898, 214680433
10899, 0
10901, 11216093
10903, 0
10909, 292359219
10918, 78512748
10920, 0
10921, 11296057
10926, 0
10930, 45590862
10931, 33648461
10933, 0
10937, 0
10941, 146104205
10943, 0
10944, 0
10945, 0
10946, 67774038
10947, 22432562
10948, 0
10950, 0
10951, 0
10972, 0
10980, 46037096
10984, 0
10986, 0
10988, 0
11002, 179463856
11009, 67300474
11011, 11246191
11015, 11216647
11016, 1614725781
11018, 0
11025, 11425937
11028, 123485665
11031, 0
11035, 11243380
11038, 0
11039, 0
11042, 0
11043, 22451809
11044, 0
11046, 0
11048, 0
11049, 0
11051, 0
11052, 0
11053, 0
11054, 2002332834
11056, 0
11057, 0
11058, 0
11059, 350841162
11061, 0
11062, 0
11069, 0
11071, 0
11072, 425038956
11081, 1113639348
11089, 11237087
11094, 0
11099, 0
11100, 67566644
11102, 0
11108, 1336642659
11113, 0
11116, 0
11124, 0
11127, 0
11131, 0
11142, -464207312
11143, 0
11145, 252588922
11146, 0
11151, 0
11156, 11243379
11157, 0
11167, 11252441
11172, 22491746
11176, 168790203
11178, 0
11190, 11243391
11192, 0
11206, 0
11211, 23003147
11214, 0
11215, 0
11216, 0
11221, 11243412
11225, 0
11228, 11493493
11230, 0
11239, 0
11241, 0
11244, 11245880
11247, 22591095
11248, 0
11249, 0
11258, 11246191
11259, 34314037
11260, 484613872
11262, 33811519
11264, 11246781
11266, 67477223
11268, 0
11272, 0
11280, 0
11281, 0
11286, 0
11291, 11251571
11299, 0
11300, 33740307
11301, 0
11303, 0
11307, 11246790
11312, 44991431
11317, 0
11318, 1561878318
11319, 0
11322, 0
11332, 318207446
11334, 22495798
11335, 0
11346, 0
11359, 11496153
11360, 0
11361, 0
11362, 0
11366, 0
11376, 0
11378, 0
11380, 11389952
11392, 0
11394, -2142452702
11395, 45176073
11398, 135546168
11399, 0
11405, 0
11413, 0
11414, 0
11417, 732186629
11423, 0
11433, 11252078
11435, 22504152
11438, 22504168
11439, 22504261
11443, 0
11445, 56263145
11449, 22504893
11454, 0
11464, 0
11482, 11252432
11483, 11252440
11484, 0
11491, 0
11500, 0
11502, 0
11504, 214280449
11506, 0
11512, 0
11521, 45009859
11522, 0
11528, 0
11530, 0
11535, 0
11537, 0
11538, 0
11540, 658310628
11541, 11507571
11542, 11276984
11552, 330558439
11556, 22246225
11562, 11254562
11568, 0
11570, 0
11575, 112545451
11576, 11254568
11581, 0
11583, 0
11588, 0
11598, 11254641
11601, 11254569
11608, 0
11618, 236390847
11620, 0
11629, 0
11630, 0
11632, 0
11639, 0
11640, 315127993
11651, 0
11657, 0
11661, 22959833
11670, 0
11682, 55329474
11688, 0
11697, 0
11703, 56306386
11705, 22297074
11714, 0
11716, 78949782
11722, 0
11726, 0
11727, 33784486
11731, 0
11736, 0
11738, 11261462
11751, 56983350
11761, 0
11762, 11261506
11763, 0
11765, -1742537387
11768, 33887445
11771, 1172917650
11773, 0
11780, 0
11786, 2034520945
11796, 0
11797, 0
11798, 33795479
11800, 0
11804, 0
11818, 0
11821, 0
11825, 0
11827, 0
11828, 11275212
11832, 0
11839, 22550437
11846, 11276483
11847, 33826905
11850, 0
11853, 44593598
11854, 0
11860, 11479682
11870, 0
11877, 33901442
11878, 0
11885, 1624872642
11898, 11309987
11900, 0
11901, 0
11909, 0
11910, 22552974
11915, 0
11918, 0
11919, -94462614
11920, 11292095
11921, 0
11923, 0
11926, -1753367154
11928, 68344407
11930, 22590918
11932, 0
11935, 0
11936, 0
11947, 11295472
11964, 22681174
11966, 56477857
11985, 0
11990, 0
12000, 0
12010, 11296058
12017, 0
12018, 0
12027, 34280071
12029, 0
12031, 0
12032, 11296041
12039, 0
12041, 0
12050, 0
12054, 0
12064, 33902092
12065, 0
12069, 0
12078, 0
12082, 22792226
12083, 67776696
12086, 0
12087, 11297045
12088, 79086964
12090, 0
12103, 0
12104, 67782535
12106, 112971713
12107, 1094456594
12109, 11297643
12114, 0
12117, 0
12120, -760309503
12125, 0
12126, 0
12128, 0
12129, 22597358
12136, 0
12137, 0
12138, 0
12142, 11298787
12145, 0
12146, 0
12156, 0
12160, 79091588
12166, 870613137
12170, 11298812
12176, 1329640068
12178, 115076668
12184, 11299094
12185, 0
12187, 0
12192, 67794652
12193, 11299119
12194, 0
12198, 0
12201, 0
12202, 0
12204, 0
12205, 318158699
12208, 11299777
12223, 0
12227, 0
12229, 0
12230, 0
12235, 0
12242, 0
12249, 0
12252, 0
12255, 0
12259, 0
12260, 146909995
12261, 0
12264, 0
12265, 0
12281, 33902690
12282, 0
12289, 135615552
12295, 0
12296, 0
12301, 1559058973
12305, 0
12306, 0
12308, 0
12310, 351051375
12312, 22602744
12325, 11325034
12329, 0
12330, 11391419
12334, 0
12336, 451809250
12337, 233529604
12352, 33904727
12357, 802201708
12360, 33905191
12361, 0
12362, 237335161
12363, 0
12365, 0
12366, 23002551
12370, 0
12380, 0
12383, 68333163
12386, 0
12390, 11478078
12394, 11301828
12397, 0
12400, 0
12402, 80509841
12409, 0
12410, 11301991
12412, 0
12413, 0
12416, 0
12418, 158228771
12419, 0
12420, 11381469
12424, 0
12425, 0
12427, 11422976
12434, 90472271
12436, 0
12438, 0
12444, 0
12445, 11310049
12457, 0
12463, 0
12465, 0
12466, 0
12474, 0
12477, 0
12478, 0
12481, 1298391023
12482, -1767129000
12484, 45239983
12487, 0
12489, 22992133
12491, 0
12494, 11309991
12496, 0
12498, 0
12500, 0
12501, 0
12517, 11390971
12518, 67860175
12520, 0
12522, 33930132
12525, 0
12531, 11310051
12532, 0
12534, 22620128
12547, 0
12563, 0
12570, 0
12572, 0
12573, 0
12578, 0
12595, 0
12597, 22637213
12598, 0
12605, 135611373
12606, 11318610
12610, 193648646
12617, 1732390081
12629, 0
12637, 0
12640, 0
12643, 395248993
12644, 11389193
12646, 0
12653, 0
12660, 79196053
12664, 1176669515
12668, 11482051
12669, 45530948
12674, 34225384
12676, 0
12678, 0
12679, 33975238
12683, 0
12685, 0
12692, 0
12693, 0
12695, 11325365
12699, 0
12703, 11325369
12705, -1052782977
12709, 0
12711, 0
12712, 0
12713, 45526969
12722, 45567958
12723, 0
12725, 0
12727, 0
12730, 0
12734, 56909011
12735, 0
12738, 0
12747, 0
12750, 0
12751, 22765666
12757, 45536486
12758, 0
12761, 0
12763, 0
12767, 56914011
12772, 11382823
12774, 0
12782, 0
12785, 0
12786, 0
12791, 11382827
12792, 0
12793, 0
12799, 0
12800, 11383057
12803, 0
12804, 11383061
12806, 125229279
12812, 0
12823, 0
12824, 11383379
12826, 0
12828, 11385511
12830, 0
12832, 0
12841, 0
12843, 0
12847, 22766870
12856, 45533642
12857, 0
12858, 785537858
12868, 0
12875, 0
12877, 11383446
12878, 0
12879, 11391952
12884, 11384681
12896, 11383450
12897, 0
12898, 113840745
12900, 11383940
12904, 0
12905, 0
12906, 0
12907, 0
12909, 0
12910, 0
12914, 0
12922, 0
12928, 0
12929, 0
12931, 0
12932, 0
12938, 0
12939, 0
12940, 0
12947, 22769323
12952, 0
12956, 0
12961, 0
12962, 11384656
12965, 0
12966, 0
12969, 0
12976, 261862048
12978, 159521998
12980, 0
12981, 0
12983, 0
12986, 0
12987, 11384714
12992, 11384711
12993, 11384716
12996, 56928175
12998, 0
13000, 0
13001, 0
13006, 22770180
13007, 0
13014, 0
13015, 22770206
13022, 0
13024, 112286811
13027, 11385403
13034, 0
13035, 0
13036, 0
13047, 0
13053, 0
13058, 0
13059, 516535343
13061, 0
13064, 0
13069, 0
13070, 102469049
13073, 0
13075, 11385611
13078, 0
13082, 0
13086, 0
13093, 102480058
13099, 45546098
13107, 0
13108, 11388323
13109, 0
13112, 0
13113, 273131095
13119, 261923442
13121, 34166340
13127, 11386522
13129, 0
13132, 136649593
13133, 0
13135, 11386688
13136, 0
13139, 205086651
13145, 91097778
13147, 0
13151, 45555671
13154, 11388321
13156, 0
13160, 11388332
13168, 91350946
13173, 0
13176, 0
13185, 0
13189, 11388459
13196, 0
13199, 0
13206, 11388472
13208, 34165401
13211, 11388482
13213, 22776950
13215, 0
13218, 113886002
13220, 68332543
13223, 11389202
13238, 68334656
13242, 45555169
13244, 0
13245, 0
13249, 22777921
13255, 11388798
13263, 34166406
13265, 1088534977
13268, 470859758
13270, 0
13277, 45556536
13278, 0
13282, 0
13284, 0
13288, 0
13289, 0
13292, 0
13302, 342145803
13311, 0
13321, 11389138
13325, 0
13338, 0
13341, 0
13344, 11389142
13351, 34180278
13353, 0
13356, 91113445
13358, 22781872
13363, 0
13366, 0
13369, 11389192
13373, 11425949
13377, 45588409
13381, 0
13383, 0
13384, 0
13385, 0
13388, 0
13390, 0
13391, 0
13393, 0
13400, 45565822
13402, 0
13403, 11509638
13405, 0
13410, 0
13416, 0
13431, 11390968
13434, 0
13438, 0
13441, 858808579
13444, 11425912
13447, 0
13452, 0
13456, 0
13462, 68338830
13472, 0
13473, 34169867
13475, 136690461
13480, 295561562
13481, 0
13482, 0
13486, 0
13490, 0
13494, 0
13506, 11475927
13508, 0
13519, 11390967
13526, 11426807
13528, 0
13530, 11391414
13536, 0
13547, 0
13550, 0
13552, 135458366
13554, 0
13556, 11391132
13559, 148098249
13562, 0
13566, 158987344
13568, 0
13569, 0
13576, 0
13577, 11391418
13594, 0
13598, 0
13600, 0
13602, 0
13607, 0
13616, 0
13618, 0
13623, 0
13624, 0
13625, 250619064
13627, 0
13628, 68384274
13634, 11391950
13641, 0
13643, 11393750
13650, -1412029199
13661, 11392042
13662, 11402755
13669, 11393714
13670, 0
13673, 0
13678, 0
13679, 0
13684, 0
13691, 11396656
13692, 0
13693, 11393435
13694, 0
13700, 410169121
13707, 34488651
13714, 0
13715, 0
13716, 0
13717, 0
13718, 11393713
13726, 11393751
13731, 0
13733, 22787448
13736, 22959824
13741, 34181216
13743, 0
13747, 0
13753, 809265177
13754, 0
13761, 0
13763, 0
13773, 0
13774, 22815214
13776, 22787492
13778, 0
13785, 11396708
13788, 0
13790, 0
13799, 0
13807, 0
13809, 2006248101
13814, 0
13816, 0
13822, 0
13824, 0
13825, 650044891
13827, 11426809
13834, 0
13835, 79960544
13838, 0
13841, 11393931
13855, 0
13858, 22788265
13859, 0
13863, 0
13874, 0
13875, 0
13877, 0
13878, 685907644
13884, 0
13898, 11396654
13904, 11396656
13905, 0
13911, 0
13913, 0
13915, 0
13921, 11396711
13922, 0
13927, 0
13932, 11396705
13938, 0
13944, 0
13953, 0
13958, 0
13960, 0
13965, 0
13969, 0
13970, 0
13972, 1365414813
13978, 0
13981, 0
13982, 0
13984, 34191252
13992, 91217485
14009, 0
14013, 262134805
14019, 0
14024, 0
14037, 0
14039, 0
14047, 0
14053, 0
14058, 57012018
14063, 11397790
14067, 0
14068, 0
14078, 11483928
14079, 0
14082, 0
14085, 0
14088, 0
14091, 0
14092, 11399929
14094, 170997128
14102, 410481012
14105, 11399931
14114, 0
14118, 0
14120, 0
14121, 0
14129, 0
14139, 0
14143, 34206481
14147, 0
14148, 0
14154, 0
14157, 11402785
14161, 11402224
14163, 11423339
14165, 0
14167, 307862437
14169, 0
14171, 0
14175, 34268964
14178, 0
14179, 0
14181, 0
14187, 11402750
14192, 0
14196, 22805517
14199, 0
14200, 11402768
14211, 0
14213, 0
14216, 0
14226, 0
14230, 11407599
14233, 0
14234, 0
14241, 0
14243, 0
14246, 0
14250, 0
14251, 11478005
14252, 34256837
14253, 0
14254, 11407810
14255, 11402787
14259, 0
14260, 0
14262, 11407548
14266, 0
14277, 34221188
14278, 0
14282, 0
14286, 0
14288, 0
14289, 11407556
14301, 0
14302, 377154168
14304, 0
14308, 0
14312, 0
14319, 0
14324, 45630517
14325, 0
14328, 0
14334, 0
14335, 0
14337, 0
14339, 22815228
14340, 57037850
14350, 0
14351, 0
14354, 11423223
14356, 0
14357, 0
14359, 34222786
14361, 0
14365, 0
14367, 11407798
14371, 0
14378, 0
14379, 228153742
14385, 22815532
14397, 0
14401, 11422438
14419, 0
14422, 0
14424, 11426673
14433, 0
14436, 0
14438, 0
14441, 0
14442, 0
14444, 0
14447, 798847197
14449, 0
14450, 1455646459
14454, 0
14456, 0
14459, 0
14462, 91263837
14464, 34256660
14465, 0
14466, 0
14473, 0
14476, 0
14479, 91351331
14485, 0
14490, 0
14493, 1260175151
14494, 0
14497, 2014563435
14499, 0
14509, 0
14510, 569196488
14514, 0
14515, 0
14517, 22839873
14526, 0
14533, 11422436
14534, 0
14541, 57114242
14546, 0
14548, 11479892
14551, 338231706
14552, 11422899
14553, 0
14556, 0
14558, 0
14559, 0
14561, 0
14566, 11422961
14579, 34439526
14585, 0
14588, 11426663
14591, 0
14593, 0
14595, 11422985
14601, 0
14602, 0
14613, 0
14616, 0
14623, 0
14627, 0
14628, 0
14632, 0
14639, 79395759
14642, 0
14644, 0
14652, 0
14653, 126430261
14654, 0
14660, 0
14667, 0
14672, 442904642
14673, 0
14681, 0
14689, 585505261
14694, 34277781
14695, 11425913
14700, 11425950
14702, 0
14705, 11426924
14706, 0
14711, 0
14716, 11426075
14717, 0
14720, 0
14725, 11426154
14726, 202560669
14735, 11509615
14740, 537665762
14742, 0
14743, 0
14744, 0
14748, 0
14753, 0
14756, 0
14757, 0
14763, 11479680
14768, 0
14771, 251388912
14777, 0
14788, 0
14794, 0
14802, 11495419
14805, 0
14806, 80044240
14807, 0
14809, 11438006
14812, 57389945
14813, 0
14830, -1030051743
14832, 0
14840, 0
14848, 0
14849, 0
14854, 0
14860, 0
14862, 0
14865, 22876043
14869, 11438028
14878, 0
14881, 0
14885, 0
14891, 0
14895, 0
14899, 0
14901, 573926065
14905, 0
14910, 0
14913, 275221986
14915, 614665226
14917, 0
14939, 0
14940, 34434082
14941, 0
14943, 0
14944, 0
14945, 22955992
14948, 11478006
14955, 0
14961, 0
14969, 974200041
14971, 0
14973, 0
14974, 0
14975, 0
14976, 11479835
14993, 0
15002, 0
15020, 22959301
15021, 0
15024, 0
15027, 0
15028, 34438938
15031, 0
15033, 0
15040, 0
15041, 0
15044, 0
15046, 0
15054, 0
15056, 22959326
15059, 0
15060, 0
15071, 0
15072, 0
15073, 11479653
15105, 0
15118, 57398672
15120, 0
15125, 0
15129, 68908406
15132, 11479799
15137, 22959614
15139, 34439615
15143, 0
15147, 0
15155, 126322288
15159, 0
15166, 0
15168, 0
15181, 0
15191, 0
15195, 0
15198, 0
15200, 0
15212, 0
15213, 0
15214, 0
15215, 11479891
15218, 0
15221, 0
15228, 0
15230, 0
15234, 0
15238, 0
15242, 0
15245, 0
15255, 11479901
15268, 0
15274, 0
15280, 0
15283, 0
15289, 0
15292, 0
15293, 543475283
15311, 11482047
15314, 0
15322, 0
15324, 0
15326, 11495393
15328, 0
15331, 0
15338, 0
15349, 0
15351, 11485786
15366, 0
15381, 0
15385, 0
15387, 0
15388, 34483641
15394, 0
15404, 11482415
15405, 0
15411, 11485971
15423, 0
15427, 0
15428, 0
15429, 0
15432, 0
15433, 0
15438, 11483298
15440, 0
15445, 0
15449, 11483301
15454, 11483299
15455, 0
15457, 0
15464, 0
15465, 0
15470, 11483311
15477, 0
15478, 34480372
15484, 11483385
15488, 57416604
15493, 57417010
15494, 0
15499, 0
15503, 22967879
15504, 0
15516, 69013512
15517, 0
15541, 0
15544, 0
15568, 0
15570, 0
15576, 11485767
15578, 0
15587, 0
15595, 0
15597, 0
15600, 34451743
15603, 0
15606, 103355859
15612, 0
15613, 0
15616, 11484991
15617, 0
15620, 34455062
15625, 0
15629, 1947745036
15630, 103455813
15632, 0
15635, 0
15638, 0
15641, 0
15642, 68912855
15644, 0
15650, 45940162
15654, 0
15659, 0
15666, 45941476
15667, 0
15671, 0
15673, 34457222
15679, 0
15684, 0
15696, 11485763
15700, 0
15706, 0
15719, 0
15721, 11485737
15727, 0
15728, 11485757
15735, 57428743
15743, 0
15750, 0
15752, 0
15754, 11485761
15756, 11485768
15764, 11485770
15765, 0
15770, 11485789
15776, 0
15777, 22971590
15780, 11501779
15781, 0
15782, 0
15783, 11493478
15794, 0
15797, 11507585
15798, 0
15805, 0
15808, 0
15809, 0
15811, 0
15814, 0
15815, 0
15816, 0
15820, 0
15825, 0
15826, 0
15828, 0
15830, 0
15833, 0
15837, 801641651
15839, 0
15841, 0
15843, 0
15850, 0
15852, 11485803
15856, 11485974
15865, 0
15871, 0
15873, 0
15877, 0
15882, 68916144
15887, 126440422
15900, 0
15910, 0
15918, 0
15928, 0
15931, 0
15933, 114934314
15934, -1918201278
15951, 0
15955, 0
15956, 0
15962, 0
15969, 11493470
15977, 0
15980, 0
15983, 0
15994, 0
16002, 23002771
16006, 0
16007, 103446343
16008, 11493920
16009, 0
16012, 80455954
16019, 0
16023, 0
16024, 0
16028, 0
16031, 0
16033, 22987462
16034, 0
16036, 22987452
16041, 0
16044, 22987833
16046, 91950614
16048, 34481731
16049, 0
16050, 0
16054, 0
16060, 0
16062, 0
16066, 0
16074, 0
16077, 0
16078, 0
16082, 0
16089, 0
16100, 0
16107, 0
16109, 0
16120, 0
16122, 11496053
16123, 0
16129, 0
16143, 0
16144, 0
16147, 0
16160, 11494626
16178, 11496954
16183, 11494797
16185, 0
16193, 0
16200, 0
16215, 0
16246, 0
16267, 0
16274, 0
16275, 0
16280, 34488473
16298, 0
16321, 11509379
16326, 0
16329, 0
16336, 0
16343, 80465874
16361, 11495110
16364, 0
16367, 0
16373, 0
16389, 23002043
16391, 0
16393, 11495127
16404, 0
16409, 11496945
16425, 0
16430, 0
16433, 0
16436, 0
16447, 23002888
16456, 0
16468, 0
16477, 0
16486, 0
16494, 0
16497, 11495409
16498, 11495395
16504, 0
16510, 11495400
16515, 0
16516, 0
16518, 11496222
16526, 11495410
16530, 0
16537, 0
16543, 0
16545, 0
16546, 0
16548, 0
16549, 11495420
16554, 11495921
16556, 413845106
16557, 0
16559, 11495426
16561, 0
16571, 0
16578, 252891127
16600, 0
16609, 0
16620, 0
16622, 0
16625, 11496125
16629, 0
16639, 11499467
16641, 0
16645, 11496151
16646, 0
16653, 0
16654, 0
16665, 0
16669, 0
16673, 0
16679, 0
16684, 0
16698, 21152236
16702, 11509202
16703, 0
16704, 0
16707, 0
16709, 11496209
16711, 34488595
16722, 22992636
16728, 0
16729, 0
16746, 0
16750, 0
16751, 91657831
16756, 0
16757, 0
16758, 22992594
16766, 0
16767, 0
16784, 0
16791, 0
16793, 0
16801, 0
16811, 0
16813, 0
16819, 0
16826, 34489068
16831, 0
16832, 22992838
16839, 0
16842, 0
16845, 0
16855, 0
16857, 69011291
16858, 80475221
16859, 11496445
16862, 34489565
16864, 0
16872, 0
16876, 11496473
16877, 0
16882, 0
16883, 0
16886, 0
16887, 11501278
16894, 0
16904, 0
16906, 0
16914, 0
16920, 11496475
16924, 0
16925, 11496479
16934, 34489498
16937, 22994954
16939, 115008637
16944, 34489463
16947, 0
16948, 0
16952, 0
16953, 0
16957, 0
16959, 57482557
16960, 11496506
16969, 0
16972, 0
16981, 0
16983, 0
16988, 0
16989, 149457835
16994, 0
16996, 0
17007, 0
17008, 0
17009, 0
17015, 0
17017, 11501028
17036, 0
17039, 0
17042, 0
17045, 0
17050, 0
17051, 0
17052, 0
17053, 103475727
17057, 0
17064, 0
17069, 0
17071, 0
17073, 0
17074, 0
17081, 0
17082, 0
17098, 0
17100, 0
17106, 0
17110, 0
17111, 0
17113, 0
17114, 11509218
17115, 0
17117, 0
17118, 11507728
17121, 0
17128, 0
17137, 0
17157, 11501014
17164, 46004574
17181, 0
17187, 0
17193, 0
17204, 0
17212, 0
17214, 0
17217, 0
17218, 23002125
17219, 11501069
17220, 0
17227, 0
17246, 11501068
17253, 0
17255, 0
17261, 11501333
17263, 57507107
17267, 23002565
17273, 0
17277, 23002132
17280, 0
17294, 0
17298, 0
17304, 0
17306, 0
17308, 184027662
17323, 0
17326, 34503309
17332, 0
17333, 0
17336, 0
17337, 0
17338, 0
17340, 0
17345, 0
17349, 11501273
17350, 11501131
17353, 0
17356, 11501272
17363, 0
17366, 0
17370, 0
17371, 0
17377, 0
17378, 0
17384, 11501319
17385, 0
17388, 0
17391, 46005295
17394, 0
17396, 0
17417, 0
17422, 0
17441, 0
17443, 0
17445, 0
17452, 0
17456, 11501339
17457, 172502781
17459, 0
17462, 23002761
17463, 0
17464, 0
17467, 0
17472, 0
17476, 0
17477, 0
17482, 0
17489, 0
17492, 0
17495, 0
17497, 0
17500, 0
17502, 0
17513, 0
17515, 0
17525, 0
17531, 0
17539, 0
17545, 0
17547, 0
17551, 0
17553, 0
17559, 0
17565, 11501434
17580, 0
17581, 34128280
17588, 0
17591, 11501435
17600, 0
17602, 0
17607, 23002875
17614, 0
17617, 0
17619, 0
17624, 11501572
17626, 0
17637, 0
17638, 0
17648, 0
17649, 0
17657, 11501738
17660, 0
17662, 0
17671, 0
17687, 0
17693, 0
17695, 0
17705, 0
17707, 0
17708, 0
17714, 0
17719, 0
17720, 0
17721, 0
17725, 11501756
17732, 11501774
17734, 11502280
17735, 0
17745, 0
17755, 11501809
17761, 0
17764, 11509650
17767, 0
17768, 0
17773, 8477861
17779, 0
17780, 0
17787, 69011179
17798, 0
17800, 0
17802, 0
17804, 11502224
17806, 80283601
17807, 0
17812, 0
17813, 0
17828, 0
17829, 0
17836, 57510967
17842, 11502212
17846, 0
17847, 0
17855, 0
17860, 0
17879, 0
17880, 0
17882, 0
17883, 11502226
17887, 0
17888, 0
17901, 23004550
17905, 0
17907, 0
17913, 0
17923, 0
17926, 0
17945, 22909895
17950, 0
17963, 0
17969, 0
17970, 0
17980, 34508305
17988, 240143754
17995, 0
18000, 0
18006, 0
18014, 0
18019, 11502800
18025, 0
18030, 0
18031, 0
18032, 0
18033, 11502801
18035, 0
18036, 0
18039, 0
18045, 11502804
18047, 0
18049, 0
18050, 264700748
18054, 0
18057, 0
18060, -2059704106
18063, 0
18064, 0
18069, 0
18080, 0
18086, 103584650
18089, 0
18093, 0
18098, 0
18108, 0
18111, 0
18119, 0
18122, 0
18126, 11507560
18127, 0
18128, 389103814
18136, 0
18142, 11507562
18143, 0
18158, 0
18159, 11507572
18168, 0
18173, 0
18178, 0
18181, 0
18183, 11509408
18184, 0
18187, 0
18191, 11507725
18207, 0
18212, 0
18216, 0
18231, 0
18237, 11507717
18238, 11507593
18256, 23018349
18260, 0
18263, 23015459
18279, 0
18283, 11509161
18286, 0
18301, 11509173
18305, 0
18310, 0
18345, 0
18349, 0
18353, 0
18355, 0
18372, 0
18373, 0
18376, 0
18377, 0
18380, 0
18382, 0
18393, 0
18405, 0
18406, 0
18410, 0
18420, 0
18425, 0
18433, 0
18440, 0
18446, 0
18450, 0
18451, 0
18464, 0
18465, 69056189
18474, 0
18478, 0
18483, 11509214
18494, 11509369
18497, 0
18500, 0
18502, 0
18505, 0
18508, 0
18512, 0
18524, 0
18526, 0
18529, 0
18538, 0
18539, 11509456
18540, 0
18543, 0
18546, 11509223
18571, 0
18583, 34528183
18590, 0
18593, 0
18596, 0
18598, 0
18602, 46036946
18618, 0
18628, 0
18629, 0
18630, 0
18632, 11509305
18635, 0
18639, 0
18642, 11509308
18645, 0
18651, 0
18654, 0
18657, 0
18662, 11509485
18666, 0
18671, 0
18684, 11509414
18686, 0
18692, 11509484
18693, 0
18717, 0
18719, 11509443
18722, 0
18725, 0
18730, 0
18731, 0
18741, 0
18742, 0
18744, 0
18750, 11509458
18755, 0
18756, 0
18757, 0
18765, 0
18772, 11509460
18783, 0
18794, 0
18800, 0
18805, 0
18807, 0
18810, 0
18814, 92076479
18822, 0
18823, 0
18827, 0
18836, 0
18849, 0
18854, 0
18857, 0
18858, 11509624
18861, 0
18863, 0
18866, 11509494
18867, 23018978
18875, 0
18879, 0
18894, 34529199
18903, 0
18913, 0
18925, 0
18931, 0
18934, 0
18935, 0
18939, 0
18943, 69057896
18944, 34528855
18953, 0
18954, 0
18957, 0
18960, 0
18961, 0
18964, 0
18968, 0
18969, 0
18995, 0
19000, 0
19001, 11509634
19004, 0
19006, 0
19012, 0
19024, 0
19029, 0
19033, 0
19045, 0
19048, 34528958
19050, 34529005
19051, 0
19054, 0
19063, 0
19068, 0
19071, 0
19074, 0
19075, 11509757
19077, 23019503
19088, 0
19090, 0
19091, 0
19092, 0
19109, 0
19111, 0
19115, 0
19129, 0
19130, 0
19132, 11509765
19134, 0
19149, 0
19150, 0
19152, 11509765
19154, 11509768
19162, 0
19175, 0
19184, 11509769
19189, 0
19206, 0
19209, 0
19216, 0
19240, 0
19246, 0
19254, 0
19265, 0
19276, 11509776
19282, 0
19290, 0
19318, 0
19324, 0
19333, 0
19334, 0
19350, 0
19360, 0
19363, 0
19368, 11509777
19369, 0
19373, 0
19394, 0
19399, 0
19410, 0
19475, 1403342794
19949, 137704675
20038, 1232456626
20584, 0
21684, 0
22846, 0
23571, 1523557448
23873, 11196594
24134, 0
25726, 94949988
26801, 523666015
27140, 11483948
27783, 0
30395, 177480574
32332, 0
32916, 0
33663, 10771506
33841, 88886565
35336, 509663854
35353, 446220925
35357, 1811624172
35416, 2025250871
35428, 0
35482, 0
35575, 1007749085
35833, -724520594
35840, 1136708656
36067, 99969371
36108, 2060072988
36285, 137991488
36466, 367608152
36720, 0
36814, 760960337
37021, 159437646
37691, 11151933
39082, 0
39663, 34447166
39719, 0
39723, 0
39742, 0
39843, 0
40578, 0
40739, 0
43085, 113939493
44243, 11484511
44739, 11107964
47274, 31949221
47710, 37643988
49924, 0
50854, 0
57583, 0
62165, 0
62607, 0
66825, 0
76792, 0
81883, 6246258

run time: 1.84s (00:45:45)
