Temporalmotifs. build: 00:47:59, Apr 20 2018. Time: 00:48:10 [Apr 19 2018]
==========================================================================
usage: temporalmotifsmain
   -i:Input directed temporal graph file (default:'data/tp3/sx-mathoverflow-a2q-tp3.txt')
   -o:Output file in which to write counts (default:'temporal-motif-a2q-tp3.txt')
   -delta:Time window delta (default:1.32188e+09)
   -nt:Number of threads for parallelization (default:4)
1, 29224
2, 0
3, 0
4, 0
7, 33568
11, 0
21, 0
22, 404044
32, 0
40, 0
45, 0
49, 2930827
51, 0
65, 41226
66, 1019499
75, 2287753
78, 1724634
83, 0
93, 0
100, 0
102, 0
110, 0
121, 304263
135, 0
136, 0
143, 0
175, 0
184, 450470
238, 74724
250, 0
262, 0
271, 0
274, 0
284, 262092
288, 0
290, 11035085
293, 0
296, 0
297, 8683758
299, 0
300, 66177
303, 42623
310, 0
317, 147235
318, 616941
321, 0
327, 0
332, 0
340, 0
342, 0
343, 0
344, 186208
345, 0
347, 0
348, 0
349, 109450
351, 175
353, 287556
359, 0
360, 751853
362, 2
370, 0
381, 445797
382, 0
385, 0
391, 1554257
394, 387489
396, 28406
398, 280135
401, 15209
402, 330743
404, 0
405, 76363
406, 28797
416, 3
421, 0
425, 143442
428, 0
429, 27686
430, 0
431, 72046
437, 220260
438, 253082
439, 0
440, 1249851
445, 0
447, 0
450, 0
451, 39027
454, 1433126
459, 0
460, 0
461, 0
467, 0
468, 17
469, 0
477, 0
492, 0
493, 0
498, 0
519, 41821
532, 41811
550, 0
577, 0
582, 115749
586, 21176
587, 0
602, 0
605, 0
613, 1241840
617, 0
622, 75281
630, 386872
644, 72647
651, 0
658, 27973
668, 42898
675, 0
683, 33141
699, 0
703, 69198
707, 0
712, 0
717, 0
728, 0
730, 0
732, 0
733, 0
745, 85086
750, 0
763, 728749
766, 1605123
767, 0
774, 0
778, 94644
785, 0
788, 29270
791, 0
795, 0
797, 0
798, 0
799, 227495
800, 0
801, 515824
802, 0
805, 0
806, 100773
812, 3
824, 0
825, 0
828, 0
840, 0
848, 40960
856, 0
881, 0
889, 0
890, 0
892, 122577
908, 30844
913, 0
919, 0
934, 432832
935, 77691
940, 0
942, 0
943, 33506
947, 0
949, 0
955, 1386030
956, 0
960, 0
961, 0
965, 0
972, 0
973, 0
979, 0
987, 0
1000, 0
1004, 0
1015, 63500
1017, 4
1021, 0
1027, 0
1034, 0
1044, 0
1046, 0
1047, 0
1048, 41607
1049, 0
1050, 17679
1056, 5701112
1058, 19388
1059, 0
1061, 0
1073, 283674
1074, 0
1075, 0
1079, 0
1084, 0
1094, 19666
1096, 0
1098, 89332
1100, 42618
1102, 0
1106, 61189
1107, 66429
1114, 0
1121, 0
1131, 381714
1139, 0
1148, 0
1149, 27166
1161, 0
1162, 532117
1165, 0
1172, 0
1173, 0
1176, 1145321
1184, 0
1186, 0
1190, 0
1197, 0
1198, 0
1223, 0
1227, 0
1228, 0
1229, 0
1231, 0
1233, 0
1234, 0
1238, 0
1243, 0
1245, 8
1261, 103935
1265, 0
1266, 167480
1281, 0
1291, 148857
1302, 5
1305, 83955
1306, 1477102
1310, 2122511
1328, 1
1335, 0
1337, 0
1345, 1167441
1353, 0
1355, 133253
1358, 2191188
1369, 0
1384, 37417
1389, 0
1392, 0
1401, 0
1406, 0
1407, 0
1409, 170624
1437, 0
1441, 2539446
1445, 0
1446, 0
1447, 0
1450, 4
1459, 1862805
1462, 0
1463, 383481
1464, 63565
1465, 134510
1474, 0
1478, 0
1481, 6
1492, 291069
1508, 49850
1516, 0
1521, 1
1532, 3671885
1537, 42580
1539, 0
1540, 85560
1541, 0
1546, 0
1556, 0
1557, 95973
1568, 35926
1570, 0
1573, 444412
1574, 0
1579, 0
1580, 41775
1587, 74087
1590, 0
1593, 0
1610, 0
1619, 0
1645, 38384
1648, 0
1649, 33716
1650, 950393
1651, 0
1657, 0
1662, 0
1664, 0
1674, 0
1680, 0
1681, 41808
1682, 189912
1688, 1070524
1693, 0
1698, 48727
1703, 371523
1710, 0
1715, 0
1716, 0
1724, 0
1737, 202941
1759, 0
1763, 0
1770, 0
1778, 0
1784, 0
1792, 0
1797, 0
1811, 0
1816, 0
1822, 112980
1826, 72135
1832, 37663
1837, 39181
1840, 404873
1841, 0
1847, 739085
1849, 0
1851, 1
1857, 0
1867, 37224
1874, 0
1877, 0
1887, 0
1898, 833728
1907, 0
1916, 0
1946, 11792228
1947, 0
1948, 0
1950, 0
1966, 0
1985, 0
1988, 9
1992, 0
1993, 0
2000, 1325569
2003, 0
2011, 0
2014, 0
2024, 0
2028, 0
2029, 0
2039, 389487
2042, 183178
2046, 0
2051, 659024
2056, 0
2060, 0
2082, 196495
2083, 0
2085, 0
2095, 123110
2097, 0
2106, 4
2117, 0
2126, 0
2138, 0
2147, 0
2149, 0
2158, 41606
2162, 0
2164, 0
2177, 0
2181, 33637
2183, 43045
2189, 0
2191, 231306
2192, 0
2196, 0
2197, 0
2209, 0
2225, 0
2233, 2000718
2234, 112616
2237, 0
2259, 0
2266, 0
2273, 156266
2274, 0
2275, 0
2284, 234710
2290, 1327294
2294, 0
2306, 0
2308, 0
2310, 0
2312, 0
2318, 0
2330, 0
2344, 0
2348, 0
2349, 152639
2356, 0
2361, 0
2362, 1437613
2363, 107955
2381, 0
2383, 240351
2384, 743215
2386, 0
2391, 0
2415, 589594
2416, 0
2418, 0
2436, 0
2467, 0
2480, 83163
2481, 845458
2497, 0
2498, 0
2502, 77781
2503, 79969
2525, 0
2530, 886482
2536, 1
2554, 489989
2555, 0
2570, 0
2575, 454643
2578, 303659
2586, 0
2592, 0
2597, 3
2612, 0
2614, 0
2616, 0
2620, 0
2622, 1256018
2623, 38530
2625, 0
2627, 40903
2628, 0
2631, 0
2641, 39739
2642, 0
2653, 73233
2660, 0
2663, 0
2664, 0
2666, 67829
2669, 0
2672, 490553
2678, 0
2689, 941699
2692, 0
2698, 0
2701, 39574
2702, 0
2720, 0
2727, 0
2731, 0
2733, 206917
2738, 0
2757, 0
2784, 157715
2805, 0
2807, 2386978
2811, 101311
2819, 0
2821, 0
2823, 0
2837, 0
2841, 1927533
2865, 0
2868, 31943
2873, 0
2884, 0
2893, 1221913
2900, 5
2901, 0
2903, 0
2906, 51173
2912, 0
2926, 2339300
2933, 0
2937, 10801
2938, 0
2954, 1135215
2968, 0
2985, 28375
2989, 0
3000, 0
3027, 45403
3032, 119760
3040, 0
3041, 47602
3065, 0
3075, 556121
3077, 0
3106, 3470937
3108, 0
3118, 20941
3121, 146209
3124, 23174
3132, 0
3143, 0
3149, 0
3172, 0
3183, 0
3186, 0
3193, 15
3199, 1110757
3206, 976602
3208, 0
3214, 0
3233, 0
3272, 341022
3277, 0
3282, 0
3315, 0
3318, 0
3319, 0
3324, 431887
3333, 0
3338, 0
3365, 0
3377, 231089
3380, 37085
3384, 0
3385, 0
3394, 0
3396, 0
3400, 37084
3402, 292367
3404, 0
3405, 0
3409, 0
3441, 0
3460, 522488
3461, 0
3465, 26137
3473, 0
3475, 148378
3487, 0
3491, 0
3502, 42829
3503, 27564
3509, 0
3513, 0
3521, 177665
3525, 0
3536, 0
3537, 0
3539, 0
3544, 0
3545, 43354
3548, 0
3554, 0
3560, 0
3578, 0
3593, 79144
3602, 0
3603, 0
3615, 0
3621, 1171048
3623, 115545
3627, 77989
3634, 1158338
3635, 87538
3651, 557944
3659, 36452
3669, 0
3675, 0
3676, 23831
3680, 0
3681, 0
3684, 2971045
3698, 0
3701, 45487
3709, 167176
3710, 0
3711, 43031
3723, 0
3725, 0
3736, 0
3737, 0
3753, 5
3756, 0
3757, 0
3759, 0
3803, 239653
3811, 4
3816, 40911
3822, 0
3824, 0
3837, 0
3840, 0
3847, 617499
3848, 0
3859, 33125
3873, 40902
3888, 0
3891, 92848
3897, 0
3900, 0
3901, 0
3902, 61577
3919, 0
3922, 0
3928, 32926
3931, 0
3937, 0
3948, 701869
3958, 0
3959, 21527
3960, 0
3969, 134800
3970, 181636
3992, 0
3993, 182227
3995, 255322
3996, 2
4002, 386507
4003, 0
4011, 0
4013, 0
4020, 0
4037, 177918
4040, 0
4042, 42899
4047, 0
4053, 168779
4054, 0
4061, 0
4069, 31551
4086, 37051
4096, 181055
4097, 0
4111, 0
4112, 0
4117, 0
4118, 74453
4119, 0
4129, 0
4137, 0
4140, 89682
4144, 800353
4149, 478931
4155, 2
4158, 83184
4160, 0
4162, 0
4177, 439376
4181, 194576
4183, 0
4194, 0
4231, 2961344
4241, 15271
4248, 0
4250, 0
4262, 0
4272, 0
4274, 0
4279, 0
4281, 0
4298, 115754
4312, 8940684
4315, 37223
4324, 0
4325, 0
4333, 434578
4336, 44411
4351, 0
4354, 0
4362, 1773235
4366, 13
4367, 0
4377, 0
4379, 0
4384, 0
4398, 0
4405, 0
4422, 0
4423, 729910
4428, 665138
4433, 0
4435, 0
4446, 0
4463, 446848
4477, 0
4486, 37229
4494, 0
4497, 56747
4500, 0
4503, 0
4504, 60108
4517, 0
4519, 0
4520, 0
4528, 446736
4556, 289165
4558, 0
4572, 32946
4600, 4310109
4613, 0
4614, 96100
4619, 0
4621, 0
4622, 27907
4624, 0
4636, 0
4639, 79783
4642, 0
4648, 0
4649, 316736
4653, 0
4654, 0
4658, 0
4661, 0
4672, 0
4677, 0
4678, 0
4685, 0
4690, 0
4692, 0
4696, 38461
4701, 0
4706, 2
4707, 314987
4709, 0
4710, 0
4720, 30681
4721, 787988
4745, 1
4753, 0
4760, 0
4767, 315279
4780, 0
4782, 0
4789, 0
4790, 0
4794, 0
4800, 0
4803, 0
4807, 0
4814, 67758
4832, 586402
4833, 0
4842, 0
4854, 0
4872, 40833
4890, 0
4896, 0
4903, 0
4910, 0
4923, 153030
4925, 0
4948, 45351
4953, 105825
4959, 0
4961, 710125
4971, 19714
4987, 5
4991, 0
5002, 192532
5010, 241923
5015, 15321
5017, 0
5018, 0
5031, 0
5034, 249460
5043, 38877
5045, 0
5081, 0
5082, 0
5091, 96939
5094, 28470
5096, 0
5098, 0
5100, 0
5101, 2041361
5107, 0
5122, 0
5124, 0
5152, 634
5181, 24
5184, 0
5197, 0
5199, 2
5200, 0
5210, 0
5217, 0
5229, 0
5239, 36046
5250, 0
5259, 49120
5263, 317133
5274, 37085
5279, 0
5281, 23016
5292, 0
5301, 15151
5309, 0
5310, 0
5323, 0
5337, 0
5339, 0
5340, 0
5357, 0
5360, 0
5370, 0
5371, 0
5373, 0
5387, 0
5399, 0
5407, 36283
5417, 0
5420, 58967
5428, 0
5429, 0
5442, 26247
5450, 0
5463, 0
5482, 0
5486, 0
5495, 39239
5496, 39165
5498, 114826
5506, 0
5513, 0
5516, 21
5519, 0
5534, 0
5555, 0
5556, 0
5572, 0
5575, 0
5583, 0
5584, 0
5585, 134939
5587, 19249
5610, 0
5613, 0
5627, 31447
5628, 127272
5656, 7
5659, 0
5678, 0
5679, 0
5690, 1938979
5697, 156552
5701, 31563
5708, 0
5709, 0
5710, 45047
5712, 2476811
5714, 0
5732, 0
5734, 31466
5736, 0
5737, 0
5740, 4094
5743, 0
5744, 0
5751, 0
5753, 0
5756, 0
5761, 0
5762, 0
5768, 0
5775, 0
5784, 0
5789, 0
5792, 0
5793, 0
5801, 7
5810, 37808
5831, 0
5849, 0
5869, 0
5887, 0
5897, 0
5917, 113861
5937, 16846
5952, 0
5963, 163474
5970, 0
5984, 135756
5993, 0
6003, 0
6005, 0
6013, 0
6015, 0
6027, 0
6030, 0
6031, 0
6032, 135201
6035, 0
6043, 59558
6059, 47820
6066, 2
6084, 132762
6085, 255401
6094, 22570273
6096, 0
6099, 0
6101, 1258088
6104, 0
6107, 0
6113, 0
6121, 0
6129, 583637
6133, 0
6146, 0
6153, 27948
6205, 113495
6206, 27677
6209, 0
6210, 0
6214, 31936
6223, 0
6249, 99169
6262, 124681
6263, 0
6269, 228095
6278, 0
6307, 0
6316, 1465092
6319, 0
6321, 0
6322, 79186
6325, 0
6339, 0
6342, 79789
6345, 0
6348, 28819
6355, 0
6357, 0
6382, 0
6415, 259240
6442, 0
6451, 41776
6460, 74165
6481, 0
6485, 0
6494, 52049
6506, 260936
6514, 41139
6515, 0
6517, 56664
6518, 164571
6521, 0
6545, 0
6566, 0
6574, 115901
6575, 0
6576, 0
6594, 0
6618, 0
6619, 0
6628, 0
6634, 0
6646, 0
6647, 140012
6649, 25146
6666, 715685
6671, 135704
6698, 0
6751, 0
6756, 245307
6761, 0
6766, 0
6771, 0
6772, 0
6776, 0
6779, 73055
6781, 18077
6784, 0
6794, 1207461
6797, 0
6801, 0
6818, 295642
6827, 0
6836, 0
6842, 0
6856, 87930
6872, 52250
6892, 0
6936, 150553
6941, 0
6942, 286857
6948, 0
6949, 0
6950, 248779
6976, 0
6985, 0
6986, 2
6989, 0
6998, 0
6999, 3
7005, 0
7015, 0
7020, 0
7021, 0
7031, 3
7041, 0
7043, 0
7048, 0
7060, 0
7063, 43796
7066, 0
7076, 1126902
7079, 82955
7081, 0
7089, 0
7092, 75304
7107, 0
7108, 325099
7110, 0
7113, 0
7120, 0
7144, 36448
7150, 0
7206, 2378475
7227, 0
7252, 36606
7258, 0
7262, 0
7263, 0
7265, 0
7288, 0
7294, 45042
7302, 0
7311, 0
7313, 0
7316, 0
7324, 0
7325, 0
7332, 0
7333, 0
7335, 0
7341, 58075
7360, 0
7368, 402789
7378, 0
7383, 0
7386, 0
7392, 0
7399, 0
7402, 162631
7409, 0
7410, 1076215
7420, 0
7422, 0
7434, 0
7442, 0
7443, 19713
7448, 0
7458, 27264
7460, 2016692
7482, 0
7494, 0
7507, 61743
7519, 17774
7521, 0
7576, 199227
7580, 0
7591, 54328
7602, 0
7606, 36057
7607, 0
7631, 606507
7644, 3
7646, 0
7655, 0
7666, 163371
7667, 0
7681, 0
7687, 0
7691, 0
7692, 0
7693, 0
7699, 0
7709, 420952
7710, 261556
7717, 80150
7721, 4940
7726, 0
7732, 0
7742, 0
7743, 102420
7762, 0
7776, 0
7780, 239534
7813, 0
7821, 0
7827, 0
7839, 0
7845, 0
7868, 0
7869, 0
7878, 0
7894, 23802
7931, 0
7932, 38028
7934, 0
7935, 1
7949, 0
7952, 368748
7967, 0
7979, 0
7998, 0
8003, 0
8008, 963549
8012, 0
8032, 9
8041, 36605
8045, 0
8050, 0
8065, 0
8066, 0
8080, 0
8084, 0
8092, 0
8099, 0
8103, 1108884
8105, 0
8106, 295820
8112, 123883
8131, 94399
8133, 4454145
8134, 0
8135, 0
8140, 0
8146, 0
8157, 0
8166, 0
8176, 425718
8183, 0
8187, 0
8193, 20729
8196, 0
8201, 0
8212, 0
8216, 0
8217, 2
8239, 0
8250, 37799
8252, 58393
8297, 0
8320, 95244
8329, 0
8337, 0
8338, 33036
8345, 0
8354, 0
8366, 0
8369, 92402
8381, 31785
8385, 2665208
8391, 0
8410, 0
8415, 0
8419, 426604
8430, 1141598
8435, 83510
8452, 0
8457, 40936
8460, 0
8504, 0
8506, 0
8508, 0
8528, 0
8536, 0
8542, 0
8588, 191879
8590, 0
8602, 0
8621, 33029
8628, 8424204
8639, 0
8652, 0
8653, 0
8699, 0
8719, 5
8721, 0
8725, 0
8726, 0
8737, 118612
8745, 0
8751, 0
8755, 0
8756, 0
8769, 0
8784, 45565
8794, 0
8799, 3668366
8800, 0
8809, 0
8811, 0
8818, 0
8833, 0
8838, 0
8846, 37206
8850, 0
8857, 44437
8871, 0
8887, 33793
8899, 0
8916, 0
8922, 0
8929, 0
8938, 44004
8955, 0
8966, 0
8974, 0
8982, 0
8991, 161723
9017, 0
9022, 0
9024, 0
9025, 1828122
9044, 0
9061, 0
9062, 0
9068, 0
9072, 887755
9086, 0
9091, 245892
9093, 28443
9101, 0
9102, 0
9110, 0
9121, 0
9124, 0
9139, 0
9144, 0
9161, 82471
9164, 0
9187, 0
9189, 0
9211, 0
9232, 235854
9245, 0
9253, 9
9269, 585692
9275, 0
9292, 0
9300, 33575
9304, 0
9305, 0
9317, 1488288
9335, 0
9344, 0
9377, 0
9379, 0
9381, 0
9401, 31717
9404, 0
9417, 43848
9422, 0
9430, 42081
9449, 154173
9456, 0
9469, 0
9471, 0
9481, 0
9485, 431531
9502, 0
9534, 0
9547, 0
9550, 266029
9564, 0
9581, 0
9586, 0
9610, 0
9611, 0
9617, 104435
9645, 0
9652, 187720
9658, 79866
9668, 0
9672, 236530
9684, 109592
9694, 401202
9714, 0
9716, 0
9762, 0
9800, 0
9804, 0
9809, 0
9833, 139591
9834, 0
9836, 0
9840, 0
9849, 0
9850, 0
9871, 0
9878, 0
9881, 0
9890, 0
9896, 214071
9915, 0
9924, 469739
9926, 0
9928, 0
9934, 0
9942, 0
9945, 0
9946, 0
9947, 351316
10001, 0
10007, 39485
10035, 4408089
10059, 220828
10061, 0
10072, 36734
10075, 0
10076, 737229
10083, 0
10095, 0
10110, 127746
10127, 0
10134, 79685
10146, 0
10186, 0
10194, 38148
10203, 0
10206, 0
10217, 0
10219, 0
10220, 0
10221, 0
10235, 0
10265, 0
10266, 349664
10271, 0
10273, 268822
10286, 0
10290, 100530
10300, 113959
10304, 216404
10306, 0
10322, 0
10330, 51478
10333, 90141
10335, 0
10341, 0
10350, 0
10365, 157774
10366, 3105399
10368, 55427
10384, 0
10400, 147833
10423, 0
10443, 0
10446, 395266
10450, 0
10454, 36552
10458, 42320
10475, 0
10481, 0
10482, 56757
10494, 0
10503, 203092
10518, 27702
10546, 0
10547, 0
10591, 91494
10605, 104676
10610, 0
10626, 0
10646, 0
10668, 0
10670, 0
10671, 0
10696, 264623
10700, 0
10707, 161826
10708, 0
10712, 0
10718, 0
10724, 0
10735, 15440
10744, 0
10747, 0
10758, 0
10774, 0
10814, 0
10834, 0
10839, 0
10846, 84165
10847, 0
10858, 0
10862, 0
10875, 0
10881, 58745
10887, 0
10893, 118695
10898, 3191798
10903, 0
10909, 533723
10918, 0
10926, 100512
10929, 0
10930, 0
10941, 0
10980, 166425
11009, 69982
11010, 0
11011, 0
11016, 0
11025, 192049
11028, 101457
11051, 26404
11054, 1157860
11056, 0
11071, 0
11072, 0
11081, 0
11083, 0
11084, 0
11100, 841005
11105, 0
11115, 3525017
11124, 37452
11132, 0
11142, 28024646
11145, 1832888
11146, 0
11178, 0
11206, 0
11211, 86553
11214, 0
11216, 0
11233, 33954
11236, 27920
11259, 0
11260, 7472355
11262, 0
11263, 0
11264, 0
11266, 0
11273, 0
11286, 30790
11290, 0
11304, 0
11317, 87149
11332, 0
11335, 0
11361, 0
11376, 0
11392, 61685
11394, 90480
11395, 22515
11417, 30629
11427, 0
11437, 0
11445, 0
11475, 0
11500, 0
11504, 124510
11521, 0
11538, 0
11540, 402253
11541, 0
11546, 323883
11552, 30858
11555, 0
11561, 0
11570, 0
11574, 0
11576, 45352
11598, 0
11599, 0
11609, 0
11618, 0
11621, 0
11632, 0
11640, 1071067
11647, 0
11682, 0
11705, 72555
11716, 0
11727, 0
11765, 503228
11768, 0
11781, 0
11791, 0
11825, 84648
11846, 30508
11856, 0
11859, 0
11863, 76299
11877, 221975
11897, 0
11919, 3026863
11920, 28227
11926, 3513676
11936, 0
11945, 0
11949, 0
11966, 222030
11978, 0
11987, 0
12008, 0
12027, 0
12064, 0
12081, 0
12087, 0
12106, 0
12117, 0
12120, 215248
12126, 0
12138, 42230
12156, 228655
12166, 780671
12170, 39013
12176, 157459
12178, 264379
12192, 0
12204, 45088
12205, 0
12213, 0
12218, 0
12221, 0
12226, 0
12233, 0
12242, 0
12248, 0
12259, 0
12281, 0
12283, 0
12301, 37154
12310, 284823
12320, 0
12324, 0
12325, 0
12337, 136077
12357, 57613
12395, 84293
12402, 59251
12419, 58544
12473, 71861
12481, 5948687
12482, 25151
12484, 0
12485, 0
12487, 25333
12489, 223599
12498, 0
12503, 0
12518, 0
12547, 146350
12554, 0
12565, 0
12585, 0
12605, 0
12610, 0
12617, 0
12640, 0
12643, 39101
12644, 0
12651, 0
12653, 0
12664, 0
12674, 36667
12705, 1913790
12706, 0
12710, 0
12713, 0
12722, 0
12744, 0
12755, 0
12782, 0
12793, 0
12803, 0
12826, 0
12830, 0
12844, 0
12858, 61458
12873, 0
12878, 0
12884, 36053
12898, 69829
12905, 256152
12911, 0
12914, 0
12922, 0
12930, 0
12947, 0
12961, 0
12968, 0
12976, 432806
12978, 422737
13001, 0
13008, 0
13012, 0
13015, 0
13022, 0
13027, 0
13034, 0
13042, 42291
13059, 0
13061, 0
13070, 0
13093, 0
13099, 0
13113, 404413
13119, 149999
13132, 0
13139, 0
13158, 0
13168, 0
13211, 0
13213, 0
13215, 0
13218, 0
13244, 0
13251, 37446
13265, 2235555
13268, 49198
13288, 0
13302, 0
13326, 0
13356, 524
13358, 0
13360, 195391
13381, 36170
13388, 79820
13400, 0
13402, 0
13410, 0
13431, 0
13439, 0
13441, 382075
13462, 0
13480, 302245
13491, 0
13503, 0
13506, 0
13514, 40884
13525, 37444
13530, 0
13542, 0
13552, 100716
13556, 0
13566, 0
13583, 0
13625, 326335
13641, 0
13643, 0
13647, 0
13650, 4094139
13653, 0
13693, 0
13694, 250828
13700, 37402
13731, 0
13739, 0
13742, 0
13767, 436375
13774, 0
13787, 0
13825, 9152
13832, 0
13834, 0
13838, 0
13883, 0
13890, 0
13898, 0
13904, 232819
13915, 150761
13917, 0
13921, 0
13922, 0
13923, 47448
13938, 0
13965, 0
13972, 4354257
13981, 0
13991, 0
14006, 0
14009, 0
14024, 415686
14030, 0
14031, 0
14037, 41822
14059, 0
14064, 0
14078, 0
14094, 1079553
14105, 83121
14111, 0
14120, 0
14124, 0
14143, 0
14154, 0
14155, 0
14163, 0
14166, 0
14167, 0
14181, 0
14192, 0
14211, 0
14226, 0
14230, 0
14233, 3060197
14246, 0
14257, 0
14266, 0
14289, 0
14302, 0
14305, 0
14319, 102001
14340, 268719
14349, 0
14354, 0
14379, 24043
14385, 0
14390, 37447
14414, 21207
14424, 41983
14425, 0
14436, 0
14440, 0
14443, 0
14447, 931561
14450, 4822367
14454, 185375
14464, 0
14493, 130505
14497, 495
14508, 0
14510, 0
14514, 1945606
14515, 896115
14527, 33030
14547, 0
14549, 0
14551, 195074
14555, 0
14556, 0
14566, 40857
14567, 0
14581, 0
14593, 0
14601, 0
14639, 0
14644, 0
14653, 0
14660, 0
14663, 0
14672, 0
14688, 41954
14725, 0
14740, 0
14806, 0
14807, 0
14809, 0
14819, 0
14830, 1954699
14835, 209295
14865, 0
14869, 37040
14875, 0
14895, 0
14901, 6084
14915, 876005
14961, 0
14967, 0
14969, 0
14972, 0
14973, 0
14974, 0
14988, 0
14993, 0
15002, 35471
15017, 0
15023, 0
15054, 194085
15086, 0
15092, 42603
15114, 0
15129, 430032
15148, 0
15155, 66690
15161, 0
15192, 0
15194, 0
15197, 0
15214, 0
15221, 0
15232, 0
15234, 0
15235, 0
15242, 1096517
15247, 0
15289, 0
15293, 323252
15311, 0
15342, 0
15351, 0
15385, 0
15388, 0
15393, 0
15427, 0
15438, 0
15482, 207449
15488, 22689
15503, 0
15505, 0
15517, 37646
15540, 144136
15566, 0
15570, 117603
15597, 0
15604, 0
15606, 0
15629, 408406
15650, 0
15667, 0
15684, 0
15704, 0
15728, 0
15735, 315920
15743, 185926
15752, 0
15770, 41501
15780, 14670
15782, 0
15808, 0
15811, 0
15819, 0
15833, 0
15843, 0
15856, 0
15860, 0
15884, 0
15887, 0
15899, 74376
15915, 0
15933, 0
15934, 1887575
15938, 0
15946, 0
15980, 0
15981, 0
16002, 26141
16019, 0
16023, 0
16031, 0
16033, 0
16040, 0
16042, 0
16044, 0
16046, 0
16049, 0
16082, 0
16089, 0
16107, 14669
16109, 0
16113, 0
16120, 0
16139, 0
16143, 40973
16178, 0
16183, 3364285
16185, 0
16186, 0
16215, 23243
16246, 0
16302, 0
16321, 0
16323, 0
16326, 41630
16343, 0
16371, 0
16409, 0
16419, 45231
16436, 0
16503, 0
16507, 26079
16510, 241507
16518, 0
16530, 38029
16533, 0
16537, 479803
16545, 0
16557, 0
16559, 29519
16578, 0
16591, 0
16607, 0
16615, 0
16623, 0
16639, 128644
16649, 0
16653, 0
16659, 0
16671, 0
16678, 405654
16684, 0
16702, 1144618
16710, 0
16716, 0
16722, 0
16739, 0
16750, 0
16751, 0
16758, 0
16785, 192429
16793, 0
16839, 0
16852, 39182
16858, 0
16862, 0
16877, 0
16881, 0
16888, 0
16914, 0
16934, 42251
16939, 0
16943, 0
16959, 100794
16981, 0
16988, 0
17009, 0
17022, 0
17029, 61833
17047, 118516
17064, 230586
17073, 0
17086, 0
17087, 0
17092, 0
17114, 0
17115, 0
17118, 12691
17121, 0
17146, 0
17164, 406558
17169, 27730
17176, 0
17218, 226705
17219, 0
17243, 0
17261, 42530
17263, 0
17276, 42183
17280, 0
17294, 218400
17308, 0
17353, 0
17386, 39015
17408, 0
17440, 38459
17457, 236888
17492, 37642
17503, 0
17506, 36487
17509, 171230
17532, 0
17546, 0
17565, 56945
17581, 1315842
17582, 0
17596, 0
17599, 0
17600, 0
17602, 0
17630, 0
17644, 0
17653, 71120
17697, 0
17708, 0
17734, 131187
17768, 0
17773, 369427
17787, 271300
17812, 0
17835, 73450
17836, 780388
17845, 9935
17846, 0
17857, 0
17864, 0
17879, 0
17883, 0
17896, 0
17901, 39239
17907, 316878
17913, 0
17926, 0
17945, 0
17965, 0
17968, 0
17980, 41242
17988, 124181
18000, 0
18017, 250644
18048, 0
18050, 0
18060, 7516062
18086, 92304
18088, 0
18116, 0
18126, 0
18128, 308588
18137, 0
18229, 17184
18238, 14939
18261, 245536
18263, 407993
18279, 0
18283, 0
18286, 196873
18335, 0
18338, 0
18376, 0
18403, 0
18406, 0
18420, 0
18447, 0
18465, 0
18474, 0
18496, 0
18512, 0
18516, 0
18526, 0
18571, 0
18583, 225501
18598, 36284
18606, 0
18628, 0
18645, 0
18659, 0
18662, 0
18678, 0
18698, 38591
18702, 0
18739, 1863433
18744, 0
18755, 0
18756, 26148
18763, 0
18768, 0
18785, 37387
18801, 0
18810, 27404
18814, 0
18827, 39575
18836, 0
18839, 0
18850, 37368
18889, 0
18910, 0
18934, 0
18938, 0
18939, 26110
18943, 97194
18950, 77294
18957, 0
18965, 0
18974, 0
18984, 0
19008, 0
19012, 0
19018, 0
19029, 0
19045, 37412
19051, 0
19072, 0
19073, 0
19075, 421137
19077, 0
19078, 0
19088, 0
19096, 0
19113, 0
19126, 0
19129, 0
19142, 0
19149, 0
19158, 0
19172, 0
19186, 298760
19205, 0
19216, 0
19243, 0
19252, 0
19272, 0
19276, 1006258
19313, 0
19322, 0
19324, 0
19325, 11049
19334, 0
19341, 0
19354, 0
19368, 0
19369, 0
19399, 0
19425, 0
19431, 0
19436, 0
19444, 0
19471, 0
19475, 317239
19510, 0
19520, 0
19534, 0
19545, 0
19593, 84023
19603, 0
19673, 0
19706, 0
19729, 59512
19739, 0
19801, 0
19821, 0
19838, 0
19844, 59331
19860, 0
19864, 0
19874, 11857
19877, 0
19885, 684624
19889, 4093
19894, 0
19899, 37222
19926, 0
19927, 0
19928, 0
19929, 0
19938, 0
19943, 0
19949, 188703
19956, 0
19965, 0
19969, 0
19985, 0
20026, 0
20031, 0
20033, 77966
20052, 83511
20072, 0
20084, 0
20105, 0
20162, 0
20186, 848648
20200, 0
20233, 147297
20242, 0
20272, 0
20281, 0
20282, 0
20300, 0
20302, 2134566
20341, 400301
20343, 119457
20356, 0
20381, 0
20391, 40884
20408, 36611
20460, 0
20468, 0
20471, 0
20507, 0
20516, 38148
20521, 0
20550, 0
20562, 0
20584, 0
20595, 941020
20597, 1715085
20598, 23018
20674, 0
20709, 0
20716, 44411
20729, 36449
20744, 0
20748, 0
20757, 14982
20764, 0
20781, 507081
20782, 0
20783, 0
20787, 244425
20793, 30510
20796, 0
20803, 76852
20838, 0
20870, 0
20883, 182583
20978, 0
20982, 0
20994, 0
20995, 0
21007, 0
21014, 0
21029, 56884
21035, 0
21051, 400191
21052, 16876
21054, 0
21059, 17057
21061, 0
21090, 0
21095, 0
21100, 0
21108, 0
21123, 127186
21124, 0
21136, 0
21146, 775119
21152, 0
21157, 0
21163, 0
21179, 0
21230, 0
21252, 45405
21256, 0
21258, 0
21271, 0
21278, 13275
21291, 212827
21302, 0
21325, 0
21339, 202014
21349, 445484
21369, 520266
21375, 0
21399, 0
21402, 0
21482, 0
21488, 0
21491, 26726
21519, 0
21564, 239987
21566, 0
21574, 783798
21606, 0
21620, 0
21652, 0
21684, 462543
21688, 0
21690, 0
21694, 0
21697, 0
21698, 0
21724, 0
21746, 0
21753, 42869
21762, 0
21778, 0
21781, 0
21800, 61342
21815, 1442173
21816, 0
21821, 0
21850, 0
21857, 0
21860, 0
21870, 155261
21885, 0
21899, 0
21902, 0
21907, 1408974
21917, 0
21919, 0
21929, 0
21940, 0
21956, 23409
21965, 63082
21985, 0
22002, 0
22019, 204344
22049, 0
22051, 1438403
22052, 79119
22055, 0
22064, 0
22079, 0
22088, 0
22094, 0
22119, 0
22131, 1415743
22139, 73247
22156, 0
22157, 0
22170, 37182
22180, 0
22189, 0
22191, 0
22216, 0
22236, 0
22238, 0
22253, 0
22260, 0
22271, 0
22277, 3175337
22294, 67350
22296, 0
22298, 0
22332, 0
22337, 45404
22339, 0
22377, 0
22388, 0
22389, 121513
22429, 0
22431, 36486
22447, 0
22470, 0
22491, 0
22500, 0
22516, 0
22530, 0
22591, 0
22599, 36594
22606, 480666
22608, 127326
22620, 0
22709, 42462
22714, 0
22721, 0
22722, 0
22733, 0
22748, 0
22749, 0
22758, 197604
22763, 0
22773, 0
22781, 0
22804, 0
22810, 127781
22815, 0
22846, 0
22873, 0
22878, 308446
22880, 0
22882, 0
22925, 0
22930, 0
22943, 0
22954, 0
22967, 0
22971, 489074
22989, 1195866
23007, 0
23008, 271660
23009, 0
23015, 0
23016, 0
23028, 0
23034, 0
23064, 291752
23078, 0
23104, 0
23106, 0
23122, 0
23141, 1079553
23179, 0
23193, 100071
23197, 0
23202, 0
23204, 0
23228, 0
23232, 0
23240, 39573
23242, 42427
23272, 0
23291, 344875
23297, 0
23310, 256978
23317, 0
23355, 0
23388, 0
23422, 0
23444, 27975
23476, 0
23501, 88425
23504, 43802
23519, 0
23542, 39008
23571, 56922
23572, 106109
23661, 118339
23743, 0
23753, 0
23754, 45275
23758, 664401
23772, 0
23797, 0
23827, 50764
23829, 0
23835, 26287
23850, 0
23853, 0
23860, 7468
23862, 0
23869, 0
23873, 0
23900, 0
23902, 0
23907, 0
23913, 0
23917, 0
23935, 0
23945, 0
23950, 115364
23951, 37445
23959, 0
23964, 0
23980, 483873
24021, 0
24041, 0
24060, 0
24076, 251133
24078, 1445552
24094, 0
24114, 0
24119, 0
24122, 0
24132, 0
24133, 0
24156, 0
24165, 103343
24179, 0
24196, 0
24201, 0
24221, 46091
24224, 0
24226, 0
24233, 0
24271, 0
24274, 0
24309, 131783
24386, 0
24389, 0
24392, 0
24394, 0
24421, 0
24448, 0
24451, 120017
24474, 0
24478, 359011
24482, 0
24483, 0
24494, 205432
24525, 31754
24541, 16894
24551, 0
24563, 27732
24580, 0
24586, 0
24611, 100448
24634, 0
24637, 0
24642, 0
24669, 0
24676, 44425
24681, 0
24703, 0
24706, 36197
24757, 167118
24768, 27726
24792, 0
24798, 0
24815, 38531
24820, 0
24854, 0
24864, 0
24872, 0
24891, 0
24916, 119863
24935, 0
24942, 222273
24953, 57334
24955, 0
24965, 550897
24993, 0
25011, 0
25028, 471012
25051, 0
25054, 0
25080, 0
25097, 0
25104, 0
25109, 0
25121, 51983
25122, 37091
25123, 0
25145, 42793
25198, 0
25199, 233414
25218, 0
25229, 128637
25246, 0
25256, 350818
25257, 0
25309, 62928
25311, 37025
25326, 0
25329, 0
25331, 43518
25355, 0
25356, 42877
25358, 321167
25369, 0
25376, 45287
25437, 0
25477, 0
25485, 5282
25490, 42405
25494, 0
25499, 0
25505, 0
25510, 5875879
25511, 290124
25514, 0
25516, 61401
25527, 0
25542, 0
25544, 0
25549, 0
25563, 0
25565, 0
25585, 0
25590, 0
25602, 0
25619, 0
25622, 0
25630, 0
25642, 68059
25643, 0
25654, 0
25674, 0
25684, 0
25692, 0
25696, 0
25700, 0
25715, 0
25726, 0
25730, 0
25743, 0
25762, 0
25792, 0
25812, 100211
25854, 83132
25863, 0
25887, 38428
25905, 47666
25947, 31646
25980, 0
26002, 0
26012, 0
26031, 0
26038, 0
26039, 322119
26040, 0
26052, 0
26059, 0
26069, 27962
26080, 1389705
26081, 0
26085, 0
26116, 0
26138, 0
26178, 0
26208, 153093
26218, 0
26223, 0
26226, 0
26238, 0
26250, 0
26265, 0
26273, 0
26288, 0
26310, 0
26319, 210543
26327, 0
26349, 0
26355, 0
26375, 0
26380, 0
26415, 0
26437, 0
26470, 0
26486, 0
26510, 0
26522, 1512725
26536, 28324
26538, 0
26576, 0
26591, 79799
26608, 112246
26619, 0
26631, 0
26635, 122350
26640, 0
26659, 0
26674, 0
26689, 0
26700, 30726
26705, 116503
26709, 0
26710, 0
26737, 0
26748, 0
26762, 57144
26766, 52496
26778, 40855
26798, 0
26801, 0
26809, 72110
26832, 0
26834, 0
26847, 0
26878, 0
26885, 0
26901, 0
26935, 1524536
26978, 0
27004, 0
27013, 39329
27040, 0
27058, 0
27066, 45092
27069, 0
27073, 0
27111, 33714
27121, 0
27125, 37391
27140, 0
27153, 0
27160, 0
27164, 0
27188, 0
27203, 0
27205, 0
27219, 0
27224, 0
27229, 0
27249, 15876
27304, 0
27328, 0
27330, 0
27366, 0
27398, 47209
27400, 0
27404, 0
27433, 0
27445, 0
27453, 376520
27456, 28325
27459, 0
27465, 55827
27467, 88441
27469, 0
27513, 0
27526, 0
27559, 0
27566, 0
27626, 0
27712, 0
27735, 42198
27736, 0
27742, 87686
27767, 0
27770, 0
27790, 0
27807, 0
27816, 177564
27828, 72562
27829, 22792
27831, 0
27832, 0
27870, 41765
27871, 0
27909, 0
27923, 53173
27932, 0
27933, 4095
27941, 0
27962, 38532
27970, 0
27974, 87649
27976, 0
28011, 0
28033, 0
28037, 0
28041, 0
28070, 0
28104, 2325833
28128, 1388080
28143, 0
28145, 0
28161, 35219
28199, 0
28209, 0
29218, 0
29231, 0
29241, 43797
29256, 0
29273, 37658
29294, 0
29316, 865528
29319, 39738
29322, 0
29323, 0
29326, 0
29337, 0
29341, 0
29404, 0
29422, 0
29430, 0
29437, 0
29444, 0
29491, 79805
29500, 36487
29510, 0
29546, 0
29548, 0
29557, 0
29566, 19087
29577, 0
29611, 0
29616, 0
29625, 0
29638, 0
29661, 0
29685, 0
29689, 0
29697, 485269
29730, 404311
29738, 0
29747, 76373
29781, 0
29783, 1686003
29787, 0
29808, 0
29818, 0
29827, 0
29850, 36451
29853, 0
29873, 223350
29879, 0
29883, 0
29887, 68052
29916, 0
29961, 162286
29979, 0
29981, 0
29992, 0
30004, 0
30026, 0
30062, 0
30081, 98378
30104, 82458
30115, 15405
30116, 0
30147, 0
30155, 0
30158, 0
30170, 41979
30172, 0
30178, 0
30182, 0
30186, 2251976
30196, 0
30252, 41823
30264, 71799
30266, 0
30267, 0
30352, 0
30366, 61353
30375, 0
30376, 0
30395, 0
30412, 296876
30419, 0
30462, 0
30480, 0
30491, 0
30500, 40976
30510, 0
30516, 0
30525, 0
30537, 0
30554, 0
30582, 0
30633, 0
30638, 0
30679, 0
30682, 0
30684, 21887
30685, 0
30691, 0
30706, 0
30721, 58917
30726, 388885
30755, 0
30776, 0
30790, 0
30791, 0
30800, 0
30804, 0
30827, 156638
30850, 42084
30853, 0
30889, 0
30905, 0
30948, 0
30954, 0
30967, 0
30971, 0
30999, 32736
31016, 0
31026, 64530
31035, 499578
31040, 0
31045, 250223
31051, 0
31055, 0
31058, 0
31084, 57162
31090, 0
31092, 0
31102, 0
31105, 0
31134, 212740
31151, 0
31179, 0
31194, 0
31233, 23831
31234, 0
31261, 27713
31308, 0
31310, 3181370
31317, 0
31324, 0
31327, 111030
31331, 0
31339, 0
31342, 0
31356, 237143
31371, 126486
31391, 0
31410, 0
31429, 33142
31437, 0
31441, 43726
31446, 113797
31451, 0
31469, 1637112
31475, 315276
31476, 0
31495, 0
31524, 0
31532, 0
31548, 0
31574, 0
31603, 0
31604, 0
31647, 0
31722, 0
31724, 86632
31747, 0
31751, 0
31760, 12683
31771, 0
31774, 0
31807, 38533
31814, 223896
31821, 0
31830, 0
31856, 0
31864, 0
31883, 43031
31888, 0
31899, 0
31928, 0
31937, 0
31944, 0
31952, 0
31978, 0
31990, 0
32019, 0
32022, 169184
32026, 0
32036, 0
32057, 0
32151, 3795
32178, 61711
32185, 0
32210, 0
32216, 0
32221, 0
32259, 0
32261, 23015
32273, 0
32274, 0
32292, 0
32307, 0
32316, 0
32325, 979
32330, 0
32332, 275967
32344, 0
32355, 0
32389, 3170068
32409, 0
32454, 0
32459, 0
32460, 0
32467, 0
32470, 30787
32489, 0
32507, 0
32538, 0
32591, 0
32592, 42375
32608, 0
32631, 0
32657, 40990
32660, 27896
32741, 0
32779, 81943
32796, 0
32798, 0
32803, 0
32812, 0
32831, 6315
32850, 0
32851, 0
32864, 0
32866, 72087
32898, 85601
32906, 27700
32917, 0
32922, 0
32961, 0
32968, 0
32972, 10355
32985, 38230
33018, 247570
33032, 0
33039, 388006
33047, 0
33059, 0
33064, 38527
33083, 0
33084, 0
33088, 0
33090, 0
33121, 0
33122, 26149
33128, 326040
33129, 0
33135, 130
33141, 0
33156, 0
33163, 0
33199, 0
33209, 0
33223, 0
33232, 0
33286, 0
33290, 38880
33322, 0
33351, 0
33377, 0
33449, 0
33468, 0
33479, 0
33492, 0
33509, 0
33518, 0
33530, 0
33538, 0
33544, 0
33550, 0
33573, 0
33588, 0
33640, 0
33646, 37204
33647, 0
33650, 0
33664, 0
33672, 60405
33699, 0
33701, 0
33724, 0
33725, 0
33741, 68809
33746, 31539
33757, 308695
33768, 158834
33792, 0
33804, 86487
33820, 0
33842, 0
33849, 0
33854, 39012
33878, 0
33889, 0
33891, 0
33900, 0
33927, 42930
33944, 0
33948, 0
33958, 0
33996, 0
34007, 0
34011, 0
34050, 23390
34063, 0
34082, 0
34096, 0
34106, 0
34109, 0
34142, 0
34151, 0
34155, 0
34170, 0
34180, 694167
34191, 0
34217, 0
34256, 0
34259, 0
34275, 0
34309, 0
34341, 37990
34435, 0
34436, 0
34444, 0
34445, 0
34448, 0
34461, 580543
34464, 0
34473, 0
34481, 0
34483, 0
34490, 42643
34515, 0
34518, 28552
34538, 2359798
34544, 0
34575, 171280
34589, 0
34633, 0
34640, 0
34649, 0
34671, 0
34679, 0
34686, 0
34719, 0
34735, 0
34766, 0
34774, 0
34776, 0
34823, 0
34858, 0
34859, 58577
34866, 0
34884, 0
34916, 0
34919, 30862
34942, 0
34951, 0
34984, 0
35080, 0
35098, 0
35116, 0
35150, 0
35158, 116058
35160, 0
35167, 0
35183, 0
35216, 0
35222, 0
35261, 0
35269, 0
35313, 0
35330, 0
35344, 0
35349, 0
35353, 703290
35357, 0
35360, 45407
35370, 0
35394, 0
35397, 226815
35410, 0
35416, 69778
35419, 140530
35428, 0
35445, 0
35453, 0
35478, 0
35480, 0
35482, 27731
35486, 0
35508, 0
35520, 643768
35529, 72551
35545, 0
35552, 0
35575, 0
35593, 0
35603, 37203
35610, 0
35615, 0
35626, 410161
35648, 0
35651, 0
35652, 0
35660, 101218
35673, 0
35683, 0
35687, 0
35702, 75444
35706, 0
35714, 0
35731, 42909
35733, 0
35734, 42636
35745, 0
35779, 0
35800, 0
35810, 0
35840, 1806409
35873, 0
35898, 0
35899, 0
35927, 0
35936, 143652
35946, 0
35959, 352921
36014, 0
36024, 0
36035, 45405
36060, 183704
36067, 284921
36073, 0
36075, 0
36085, 0
36090, 27731
36098, 0
36103, 0
36105, 0
36119, 0
36146, 81967
36155, 0
36162, 0
36164, 0
36185, 0
36212, 301813
36221, 0
36254, 87627
36259, 0
36263, 0
36272, 0
36282, 0
36302, 0
36310, 0
36340, 0
36350, 0
36356, 0
36367, 0
36370, 0
36372, 0
36383, 0
36385, 0
36414, 0
36441, 0
36445, 0
36452, 0
36466, 53291
36469, 0
36477, 0
36497, 0
36502, 0
36517, 0
36527, 0
36530, 0
36554, 638944
36562, 0
36563, 164573
36564, 0
36572, 0
36575, 72209
36579, 83561
36586, 0
36588, 0
36591, 28832
36601, 0
36604, 0
36611, 0
36614, 0
36619, 0
36622, 0
36625, 0
36640, 0
36672, 163071
36677, 0
36687, 0
36688, 4792987
36690, 0
36696, 0
36697, 0
36703, 0
36707, 0
36720, 0
36721, 1218474
36735, 0
36744, 0
36758, 0
36766, 0
36779, 44473
36799, 0
36805, 0
36814, 61691
36826, 0
36856, 0
36862, 222553
36867, 33809
36871, 0
36883, 45073
36886, 257833
36889, 0
36895, 0
36904, 33267
36924, 0
36931, 55117
36934, 0
36939, 43801
36946, 0
36950, 40975
36952, 0
36961, 0
36965, 0
36972, 0
36974, 27760
36977, 33502
36982, 0
36985, 0
36987, 0
36997, 0
37002, 0
37003, 0
37006, 0
37017, 0
37021, 18603
37026, 64087
37028, 0
37059, 111356
37072, 36047
37087, 87659
37096, 0
37099, 41803
37103, 2312177
37110, 0
37118, 42951
37119, 0
37126, 0
37129, 0
37158, 0
37159, 0
37179, 0
37202, 0
37211, 0
37214, 157560
37238, 0
37239, 0
37242, 0
37254, 0
37257, 0
37259, 0
37266, 0
37268, 0
37269, 0
37302, 67261
37308, 0
37336, 0
37338, 56730
37352, 0
37353, 0
37354, 199367
37366, 0
37370, 0
37371, 0
37373, 0
37383, 0
37385, 585162
37389, 0
37392, 0
37405, 0
37421, 0
37432, 0
37433, 0
37434, 0
37436, 0
37439, 0
37503, 42945
37537, 0
37555, 1072571
37580, 53647
37582, 0
37600, 0
37612, 0
37644, 23832
37646, 0
37656, 0
37657, 27724
37659, 0
37661, 0
37681, 0
37687, 0
37691, 89071
37695, 0
37708, 0
37738, 0
37757, 42145
37759, 0
37777, 0
37781, 0
37807, 0
37808, 14550
37813, 0
37822, 270651
37840, 0
37841, 0
37843, 0
37850, 208003
37855, 30866
37861, 0
37875, 0
37893, 0
37902, 0
37919, 0
37934, 0
37942, 0
37987, 0
37998, 0
38002, 0
38010, 0
38023, 0
38037, 0
38052, 0
38062, 0
38066, 0
38068, 36550
38075, 29526
38085, 80631
38088, 0
38104, 0
38109, 0
38114, 0
38136, 0
38145, 0
38168, 0
38190, 0
38192, 0
38196, 0
38200, 176192
38203, 0
38236, 0
38249, 0
38254, 0
38257, 0
38258, 0
38267, 47888
38276, 80330
38283, 0
38290, 42143
38302, 0
38308, 0
38319, 36059
38322, 0
38324, 0
38330, 0
38331, 0
38361, 0
38379, 0
38386, 0
38407, 0
38416, 0
38418, 0
38434, 24007
38435, 0
38448, 575969
38468, 752835
38477, 0
38490, 0
38495, 180852
38496, 0
38512, 76417
38513, 0
38523, 0
38529, 0
38532, 0
38536, 0
38547, 0
38566, 41465
38585, 36087
38600, 30780
38620, 80514
38624, 3148945
38626, 0
38629, 0
38630, 0
38654, 0
38698, 57321
38703, 0
38711, 0
38712, 0
38722, 0
38729, 0
38730, 0
38744, 83052
38762, 0
38764, 0
38783, 105904
38805, 570354
38807, 0
38816, 0
38821, 0
38825, 0
38832, 0
38835, 0
38851, 311236
38852, 166017
38854, 0
38862, 0
38866, 486652
38867, 43556
38869, 0
38878, 0
38889, 3506155
38900, 0
38926, 0
38943, 0
38947, 14018
38952, 0
38960, 0
38965, 0
38966, 255801
38981, 0
38989, 59859
38990, 0
39004, 535555
39015, 0
39026, 45246
39039, 0
39066, 0
39082, 160277
39086, 0
39091, 0
39115, 607467
39116, 0
39117, 0
39120, 0
39129, 230554
39142, 217619
39146, 0
39153, 0
39163, 0
39184, 0
39187, 0
39203, 0
39212, 0
39229, 0
39246, 0
39261, 0
39270, 0
39280, 0
39284, 0
39297, 0
39304, 1746
39307, 0
39310, 0
39322, 0
39331, 0
39332, 0
39342, 0
39348, 0
39351, 0
39359, 130626
39360, 0
39362, 0
39374, 0
39380, 381900
39387, 0
39389, 0
39419, 0
39421, 241706
39428, 0
39472, 0
39475, 10548
39489, 0
39495, 243942
39507, 0
39521, 672109
39537, 0
39552, 379140
39580, 0
39602, 0
39630, 0
39639, 0
39654, 0
39655, 0
39663, 0
39677, 0
39684, 0
39713, 0
39714, 0
39715, 0
39717, 0
39725, 0
39742, 0
39744, 0
39747, 220189
39752, 0
39754, 0
39756, 0
39758, 0
39762, 0
39764, 0
39773, 0
39774, 0
39777, 0
39799, 0
39805, 0
39815, 374686
39820, 0
39836, 0
39843, 0
39874, 0
39885, 0
39915, 0
39922, 0
39936, 26405
39939, 0
39954, 0
39997, 28650
40003, 0
40014, 0
40023, 764079
40033, 0
40038, 143815
40042, 0
40046, 0
40053, 0
40074, 0
40078, 54914
40086, 0
40087, 0
40090, 0
40096, 0
40109, 0
40117, 123719
40120, 137945
40128, 0
40133, 0
40145, 22870
40199, 0
40206, 33217
40213, 0
40218, 0
40220, 27899
40231, 0
40232, 0
40238, 0
40246, 0
40248, 0
40262, 0
40263, 0
40264, 0
40272, 0
40291, 0
40297, 2522386
40321, 0
40322, 0
40323, 0
40324, 0
40345, 30696
40349, 0
40352, 0
40368, 0
40381, 26022
40386, 0
40409, 0
40432, 0
40439, 39527
40458, 0
40460, 0
40476, 30844
40479, 0
40484, 0
40491, 0
40513, 0
40520, 0
40549, 0
40551, 0
40564, 201103
40571, 0
40581, 0
40588, 0
40591, 0
40595, 0
40637, 0
40640, 0
40644, 0
40653, 0
40675, 0
40700, 0
40707, 0
40722, 0
40723, 128992
40734, 0
40739, 0
40746, 0
40779, 79217
40780, 68732
40782, 0
40789, 0
40793, 434073
40804, 127122
40819, 0
40821, 46935
40832, 0
40834, 0
40835, 0
40847, 30507
40862, 42962
40883, 263853
40888, 0
40893, 0
40911, 28367
40919, 0
40921, 0
40924, 0
40932, 0
40950, 41500
40968, 0
40983, 394495
40984, 0
40992, 0
40996, 0
40998, 57039
41028, 0
41032, 118929
41035, 0
41051, 0
41060, 1841082
41064, 0
41065, 0
41069, 0
41071, 68762
41075, 1579595
41094, 0
41103, 42950
41109, 0
41123, 27407
41139, 240559
41142, 41788
41156, 0
41178, 0
41187, 0
41194, 0
41219, 27726
41220, 0
41233, 0
41235, 0
41255, 0
41258, 0
41263, 0
41274, 629716
41283, 43551
41285, 0
41288, 0
41290, 0
41291, 3058764
41301, 22780
41305, 0
41314, 38631
41322, 0
41345, 17781
41364, 0
41376, 0
41379, 0
41383, 0
41407, 0
41416, 0
41452, 0
41486, 0
41487, 42363
41514, 0
41522, 61719
41530, 0
41541, 0
41560, 0
41562, 46151
41568, 0
41577, 0
41585, 0
41590, 0
41593, 0
41612, 0
41619, 62621
41626, 199155
41627, 0
41632, 0
41635, 0
41638, 0
41644, 533499
41650, 63887
41654, 925751
41666, 0
41686, 0
41720, 0
41734, 0
41736, 0
41756, 0
41757, 42251
41769, 0
41777, 0
41782, 0
41801, 0
41807, 0
41823, 0
41826, 26049
41827, 0
41837, 0
41840, 0
41851, 0
41862, 0
41873, 0
41900, 90671
41901, 0
41916, 0
41928, 0
41932, 82590
41938, 0
41940, 0
41947, 0
41953, 490191
41970, 265690
41978, 0
41979, 0
41998, 0
42001, 49682
42004, 0
42006, 0
42015, 16893
42021, 0
42040, 0
42042, 0
42047, 97839
42049, 0
42059, 0
42078, 42233
42087, 0
42100, 33666
42137, 0
42139, 0
42140, 0
42154, 0
42160, 45425
42161, 0
42181, 0
42196, 0
42202, 0
42207, 0
42261, 0
42278, 552376
42286, 0
42292, 0
42293, 0
42302, 0
42304, 0
42325, 0
42326, 665856
42355, 0
42367, 0
42369, 0
42371, 10797
42384, 0
42387, 0
42388, 0
42397, 0
42409, 0
42440, 255597
42454, 0
42455, 122961
42501, 25993
42506, 0
42507, 0
42511, 39183
42531, 0
42537, 0
42542, 0
42567, 0
42571, 45348
42572, 0
42586, 0
42598, 0
42622, 0
42636, 0
42645, 0
42656, 66093
42676, 0
42677, 18078
42690, 180838
42695, 0
42703, 0
42714, 0
42716, 0
42721, 0
42736, 41221
42768, 0
42774, 0
42804, 158087
42816, 0
42849, 0
42851, 0
42864, 37026
42895, 0
42913, 0
42915, 0
42922, 0
42971, 0
42993, 0
42995, 29274
43000, 0
43014, 0
43017, 0
43020, 0
43022, 0
43027, 0
43037, 0
43054, 69849
43056, 0
43062, 0
43076, 0
43085, 0
43088, 0
43107, 29308
43108, 3062787
43122, 87202
43129, 0
43138, 0
43143, 0
43158, 17183
43166, 0
43172, 0
43195, 0
43198, 34346
43247, 0
43258, 36446
43263, 118673
43265, 0
43266, 254823
43267, 0
43270, 0
43296, 0
43305, 27725
43307, 0
43309, 0
43313, 0
43318, 0
43322, 0
43324, 0
43326, 20439
43354, 468053
43364, 0
43383, 0
43385, 0
43405, 0
43418, 0
43423, 171156
43429, 0
43438, 0
43439, 0
43444, 0
43445, 157751
43455, 0
43459, 63115
43460, 0
43462, 0
43465, 0
43467, 0
43501, 0
43516, 0
43525, 0
43528, 11620
43535, 0
43549, 0
43555, 0
43557, 42232
43559, 760800
43560, 0
43593, 0
43639, 0
43645, 0
43672, 0
43681, 139088
43683, 0
43687, 0
43693, 0
43696, 67356
43697, 0
43701, 22773
43715, 0
43716, 0
43723, 0
43737, 39010
43741, 11717
43771, 0
43792, 0
43795, 0
43796, 0
43821, 0
43839, 0
43849, 0
43850, 0
43889, 0
43899, 0
43915, 0
43928, 0
43941, 242731
43946, 0
43951, 0
43954, 45359
43959, 7471
43967, 0
44005, 0
44006, 20731
44022, 0
44050, 0
44079, 0
44094, 0
44134, 0
44137, 0
44138, 0
44143, 916910
44152, 0
44155, 0
44162, 0
44169, 31542
44172, 42349
44175, 0
44189, 0
44191, 0
44192, 0
44194, 0
44201, 0
44220, 118049
44250, 0
44254, 0
44255, 0
44291, 0
44293, 139004
44331, 0
44362, 91449
44376, 12739
44405, 0
44464, 19705
44484, 0
44498, 0
44499, 0
44505, 0
44534, 122858
44539, 0
44547, 0
44551, 0
44555, 0
44557, 0
44565, 0
44590, 0
44591, 0
44602, 0
44610, 0
44633, 0
44637, 0
44641, 0
44642, 39176
44651, 99399
44678, 0
44691, 0
44692, 0
44693, 0
44722, 0
44768, 214462
44785, 0
44790, 0
44797, 30153
44812, 43850
44817, 0
44860, 18998
44862, 0
44873, 0
44879, 0
44881, 0
44897, 0
44931, 0
44937, 0
44949, 250181
44953, 280502
44967, 0
44979, 0
44980, 0
44981, 0
44992, 0
45000, 0
45002, 0
45004, 0
45005, 43951
45027, 0
45045, 0
45057, 88444
45065, 0
45070, 14773
45078, 0
45092, 0
45115, 0
45116, 0
45118, 35938
45119, 0
45125, 0
45138, 0
45145, 0
45165, 0
45171, 0
45188, 0
45198, 0
45207, 0
45209, 0
45210, 0
45212, 0
45223, 0
45231, 0
45242, 0
45255, 59691
45262, 0
45285, 0
45288, 0
45300, 0
45301, 0
45305, 0
45317, 0
45340, 0
45347, 167536
45354, 0
45356, 0
45379, 0
45392, 116801
45393, 0
45397, 12901
45413, 0
45416, 0
45433, 0
45438, 0
45448, 0
45451, 0
45454, 0
45468, 0
45469, 0
45470, 0
45482, 0
45494, 0
45501, 0
45505, 0
45510, 0
45520, 0
45522, 0
45523, 0
45524, 0
45532, 0
45546, 0
45549, 0
45552, 0
45555, 0
45558, 0
45560, 0
45564, 0
45570, 32953
45580, 0
45581, 0
45582, 0
45586, 0
45587, 0
45594, 0
45597, 0
45600, 33636
45603, 0
45609, 0
45611, 0
45614, 6137
45615, 5857
45624, 0
45630, 0
45631, 0
45640, 0
45644, 0
45652, 0
45653, 0
45655, 0
45657, 0
45658, 0
45664, 0
45668, 0
45669, 0
45672, 0
45673, 0
45677, 0
45679, 10802
45681, 60147
45682, 0
45685, 0
45693, 0
45694, 10928
45704, 0
45707, 43792
45722, 0
45726, 0
45728, 0
45729, 62132
45730, 0
45731, 0
45733, 0
45740, 0
45742, 0
45745, 0
45746, 0
45747, 0
45758, 0
45764, 13672
45766, 0
45776, 0
45781, 0
45786, 0
45789, 0
45791, 0
45799, 0
45807, 0
45814, 0
45818, 0
45838, 0
45842, 0
45846, 0
45852, 0
45855, 0
45859, 0
45861, 0
45864, 0
45868, 0
45874, 0
45897, 0
45898, 0
45902, 0
45908, 0
45915, 0
45923, 0
45926, 0
45929, 0
45932, 0
45933, 0
45935, 0
45942, 0
45947, 64243
45951, 0
45964, 18076
45968, 0
45974, 0
45976, 26079
45979, 0
45982, 0
45983, 0
45990, 0
45995, 0
45998, 17076
46002, 0
46007, 0
46013, 0
46018, 0
46023, 0
46025, 0
46030, 0
46035, 0
46039, 0
46046, 0
46062, 0
46064, 0
46065, 0
46071, 54123
46072, 0
46078, 0
46083, 0
46086, 0
46087, 0
46088, 0
46094, 19454
46102, 0
46104, 135578
46106, 0
46108, 0
46113, 0
46119, 0
46121, 0
46127, 0
46129, 0
46130, 0
46135, 0
46137, 0
46141, 0
46142, 0
46144, 0
46155, 0
46164, 0
46167, 0
46176, 0
46181, 0
46184, 0
46191, 0
46193, 0
46211, 0
46214, 0
46217, 0
46219, 0
46227, 0
46230, 0
46237, 0
46238, 0
46243, 0
46245, 0
46253, 0
46254, 0
46267, 0
46288, 0
46290, 711315
46291, 0
46292, 0
46298, 73571
46307, 0
46308, 43019
46317, 0
46326, 0
46332, 0
46343, 0
46344, 0
46346, 0
46348, 0
46356, 0
46397, 0
46406, 0
46416, 0
46424, 22525
46433, 0
46448, 0
46454, 0
46460, 106282
46461, 0
46464, 0
46471, 0
46472, 0
46495, 0
46510, 37446
46511, 0
46514, 0
46519, 0
46522, 0
46536, 0
46538, 0
46541, 0
46546, 0
46551, 0
46566, 0
46573, 110104
46575, 0
46577, 0
46578, 193330
46589, 0
46591, 0
46599, 0
46612, 0
46626, 0
46629, 0
46632, 31370
46634, 23095
46638, 36045
46641, 0
46660, 0
46668, 0
46677, 0
46681, 0
46683, 0
46690, 248943
46703, 0
46712, 0
46718, 0
46719, 0
46735, 0
46737, 0
46744, 0
46747, 0
46762, 0
46773, 73103
46774, 0
46775, 0
46784, 0
46785, 0
46788, 0
46793, 0
46810, 0
46824, 0
46835, 0
46836, 0
46845, 0
46846, 0
46848, 26008
46852, 272150
46855, 299212
46856, 0
46859, 0
46866, 52155
46867, 0
46870, 0
46877, 0
46880, 0
46884, 0
46889, 0
46891, 0
46897, 0
46900, 0
46903, 0
46907, 0
46908, 0
46913, 0
46918, 0
46921, 0
46929, 0
46931, 0
46936, 0
46938, 0
46952, 0
46956, 0
46958, 0
46973, 0
46975, 26115
46987, 270895
46992, 0
46997, 0
47005, 0
47016, 0
47018, 0
47024, 0
47027, 0
47043, 0
47044, 0
47046, 26596
47047, 0
47069, 0
47071, 268802
47073, 0
47084, 0
47090, 0
47094, 0
47095, 0
47109, 0
47116, 42264
47118, 0
47120, 26826
47121, 0
47125, 0
47135, 0
47136, 108676
47144, 0
47146, 0
47147, 0
47148, 0
47162, 0
47163, 0
47167, 0
47181, 0
47182, 0
47183, 0
47184, 0
47189, 0
47191, 0
47195, 84597
47209, 0
47210, 0
47224, 0
47227, 0
47228, 0
47239, 0
47244, 0
47245, 27731
47248, 0
47249, 0
47250, 0
47253, 0
47256, 0
47260, 0
47264, 0
47267, 0
47269, 0
47273, 0
47274, 0
47279, 0
47280, 0
47285, 0
47286, 0
47290, 0
47294, 0
47295, 27857
47296, 0
47300, 0
47301, 0
47302, 0
47305, 886561
47312, 94522
47322, 0
47328, 0
47330, 0
47336, 0
47343, 0
47344, 152577
47345, 0
47347, 0
47349, 0
47354, 0
47355, 0
47356, 0
47365, 0
47368, 0
47369, 0
47370, 0
47371, 0
47372, 0
47373, 0
47383, 0
47384, 0
47386, 0
47391, 0
47396, 45108
47402, 0
47412, 0
47415, 0
47418, 0
47419, 27936
47430, 0
47434, 0
47437, 55885
47438, 0
47443, 0
47447, 28398
47449, 0
47453, 0
47455, 0
47462, 0
47464, 0
47467, 28306
47468, 0
47469, 0
47482, 56609
47483, 0
47484, 0
47485, 0
47489, 0
47491, 0
47494, 0
47499, 118090
47510, 0
47517, 0
47518, 56620
47522, 0
47533, 0
47541, 0
47544, 56627
47547, 0
47552, 0
47560, 0
47569, 0
47571, 0
47573, 31754
47575, 0
47586, 0
47593, 0
47627, 28457
47628, 0
47638, 42190
47640, 0
47658, 39610
47659, 0
47682, 0
47683, 0
47687, 0
47692, 0
47700, 0
47704, 0
47707, 0
47709, 0
47710, 0
47711, 0
47713, 28471
47719, 0
47722, 0
47725, 0
47729, 0
47734, 0
47739, 0
47741, 0
47751, 0
47752, 0
47753, 0
47757, 0
47762, 0
47763, 194439
47770, 0
47772, 0
47778, 0
47786, 0
47795, 129578
47796, 171930
47797, 0
47804, 28663
47807, 0
47818, 0
47821, 0
47823, 0
47832, 0
47836, 0
47837, 42532
47840, 0
47841, 0
47849, 0
47851, 0
47855, 0
47856, 0
47861, 0
47862, 0
47864, 28817
47873, 28827
47878, 0
47887, 0
47888, 0
47889, 0
47892, 0
47893, 0
47897, 0
47900, 0
47915, 0
47925, 0
47931, 0
47932, 0
47937, 0
47945, 0
47948, 0
47958, 421269
47964, 0
47969, 0
47970, 0
47971, 0
47973, 290216
47999, 0
48001, 0
48006, 0
48007, 0
48009, 0
48010, 0
48013, 0
48018, 0
48020, 0
48029, 0
48031, 0
48041, 0
48055, 0
48056, 30501
48065, 0
48066, 0
48067, 0
48080, 0
48084, 500554
48085, 0
48094, 0
48096, 0
48102, 0
48109, 0
48111, 0
48127, 0
48136, 0
48137, 29486
48140, 0
48141, 0
48142, 1552024
48144, 0
48151, 0
48157, 29505
48161, 0
48162, 0
48168, 0
48172, 0
48183, 0
48184, 0
48186, 0
48190, 0
48208, 0
48214, 0
48222, 30157
48223, 0
48226, 0
48241, 0
48251, 0
48255, 0
48257, 0
48261, 0
48263, 0
48265, 0
48266, 0
48273, 0
48275, 0
48276, 0
48278, 0
48279, 0
48280, 0
48296, 0
48301, 0
48303, 0
48307, 0
48309, 0
48312, 0
48331, 0
48332, 42365
48334, 0
48337, 0
48339, 0
48342, 0
48351, 0
48354, 0
48356, 13670
48362, 0
48365, 0
48366, 0
48374, 30674
48378, 0
48379, 0
48386, 0
48391, 0
48403, 0
48408, 133850
48410, 0
48413, 0
48417, 0
48420, 0
48431, 0
48434, 0
48436, 0
48438, 578529
48440, 0
48441, 0
48444, 0
48446, 0
48448, 0
48449, 0
48457, 0
48458, 0
48466, 0
48474, 30735
48476, 0
48481, 425428
48483, 0
48489, 0
48492, 0
48499, 30880
48501, 30794
48503, 0
48504, 0
48505, 0
48506, 0
48519, 0
48525, 0
48531, 0
48532, 0
48539, 30841
48540, 0
48544, 0
48547, 0
48549, 0
48552, 0
48554, 585364
48562, 0
48582, 0
48584, 30852
48585, 0
48586, 0
48609, 61729
48614, 0
48615, 0
48618, 0
48621, 0
48635, 0
48646, 0
48647, 0
48652, 0
48661, 0
48662, 0
48665, 0
48667, 0
48672, 0
48675, 0
48678, 0
48680, 123535
48688, 92725
48693, 44876
48716, 0
48729, 31333
48737, 0
48745, 0
48748, 0
48752, 0
48757, 31461
48759, 0
48760, 0
48767, 0
48772, 31343
48790, 0
48792, 0
48796, 0
48797, 0
48807, 0
48813, 0
48814, 0
48815, 0
48826, 39841
48827, 39582
48831, 0
48838, 0
48839, 3241156
48840, 0
48841, 0
48851, 31541
48855, 0
48856, 0
48857, 0
48859, 0
48865, 0
48866, 300783
48867, 0
48871, 0
48877, 0
48880, 0
48883, 0
48893, 0
48896, 0
48903, 0
48911, 0
48924, 0
48929, 0
48932, 0
48933, 31714
48944, 0
48949, 0
48954, 0
48958, 0
48960, 0
48967, 0
48970, 0
48971, 0
48977, 0
48978, 0
48985, 63504
48990, 0
48995, 0
49002, 0
49003, 0
49009, 0
49012, 0
49013, 0
49021, 0
49027, 0
49031, 0
49035, 0
49036, 0
49044, 0
49045, 0
49056, 0
49058, 0
49066, 0
49079, 0
49089, 0
49105, 0
49117, 0
49119, 37224
49122, 0
49129, 0
49135, 0
49136, 0
49151, 0
49156, 0
49182, 0
49193, 0
49203, 0
49208, 902829
49213, 0
49217, 0
49221, 33120
49223, 0
49227, 0
49230, 0
49233, 0
49234, 0
49236, 0
49242, 33134
49244, 0
49245, 0
49247, 318235
49249, 0
49265, 0
49266, 0
49267, 0
49268, 66271
49270, 0
49280, 0
49283, 0
49288, 0
49292, 0
49301, 0
49313, 0
49340, 0
49345, 0
49349, 33747
49355, 0
49357, 0
49370, 0
49372, 0
49381, 0
49394, 0
49398, 226408
49402, 0
49404, 33208
49406, 0
49407, 0
49409, 0
49410, 0
49413, 0
49420, 0
49425, 0
49433, 0
49434, 0
49438, 66425
49440, 0
49443, 0
49445, 0
49446, 0
49449, 0
49450, 0
49460, 0
49461, 0
49467, 0
49468, 0
49472, 0
49474, 0
49483, 0
49485, 0
49490, 0
49491, 66619
49492, 0
49500, 0
49507, 0
49520, 0
49525, 0
49528, 0
49530, 0
49533, 0
49535, 0
49537, 67020
49544, 0
49550, 0
49551, 0
49556, 88977
49561, 0
49567, 0
49570, 0
49572, 0
49595, 0
49598, 0
49603, 0
49605, 0
49607, 0
49611, 0
49620, 0
49624, 0
49625, 0
49628, 33633
49639, 0
49642, 0
49644, 0
49655, 0
49656, 0
49664, 36030
49668, 0
49672, 0
49673, 218490
49684, 0
49691, 0
49710, 0
49716, 0
49720, 0
49726, 0
49727, 0
49731, 0
49739, 0
49740, 33748
49746, 0
49750, 0
49753, 0
49761, 0
49765, 0
49771, 0
49777, 0
49778, 0
49787, 0
49793, 0
49794, 0
49822, 71845
49825, 0
49830, 0
49831, 71857
49838, 0
49839, 0
49849, 0
49854, 0
49857, 0
49870, 0
49871, 0
49887, 0
49898, 0
49900, 0
49907, 0
49911, 0
49915, 0
49916, 0
49917, 0
49919, 0
49923, 0
49924, 0
49927, 0
49928, 0
49933, 0
49936, 0
49945, 0
49952, 0
49954, 0
49956, 0
49957, 0
49968, 0
49975, 36052
49983, 0
49985, 0
49990, 0
49997, 0
49998, 0
50006, 0
50009, 0
50011, 0
50039, 0
50057, 0
50064, 0
50066, 0
50068, 149723
50070, 0
50073, 0
50077, 0
50081, 72347
50086, 0
50087, 0
50091, 0
50099, 0
50110, 0
50128, 0
50132, 0
50133, 0
50138, 0
50145, 37225
50148, 36090
50154, 36172
50157, 0
50163, 0
50164, 0
50174, 0
50178, 0
50181, 0
50182, 0
50190, 0
50191, 0
50203, 38888
50210, 0
50212, 0
50216, 0
50237, 0
50244, 0
50249, 38879
50259, 0
50262, 0
50265, 0
50267, 0
50274, 0
50278, 0
50280, 0
50282, 0
50302, 0
50304, 36285
50307, 0
50309, 0
50310, 0
50311, 0
50314, 0
50324, 0
50331, 0
50339, 0
50353, 72574
50355, 0
50356, 0
50366, 0
50382, 0
50384, 0
50388, 36447
50401, 0
50402, 0
50407, 0
50409, 77682
50411, 0
50417, 0
50426, 0
50427, 0
50433, 0
50437, 0
50438, 152854
50442, 0
50447, 0
50449, 0
50457, 36450
50465, 0
50467, 0
50471, 0
50473, 0
50487, 0
50488, 0
50489, 0
50498, 0
50500, 0
50505, 0
50507, 0
50509, 0
50511, 0
50519, 0
50524, 0
50531, 0
50534, 0
50537, 0
50538, 0
50548, 0
50551, 0
50553, 0
50560, 0
50562, 39343
50563, 0
50566, 0
50568, 0
50569, 0
50572, 0
50580, 0
50584, 0
50586, 0
50592, 0
50606, 0
50609, 0
50610, 0
50611, 0
50614, 286629
50615, 0
50620, 0
50621, 0
50629, 109667
50650, 0
50651, 0
50655, 36593
50656, 0
50658, 38885
50660, 0
50662, 0
50666, 0
50667, 0
50673, 0
50678, 0
50683, 36608
50685, 0
50687, 0
50693, 0
50699, 0
50708, 36607
50710, 0
50718, 36611
50721, 73225
50735, 0
50739, 0
50742, 0
50744, 0
50746, 81963
50749, 0
50752, 0
50754, 38592
50758, 0
50759, 0
50762, 0
50764, 0
50767, 0
50768, 0
50770, 0
50772, 0
50774, 0
50777, 0
50784, 0
50785, 0
50786, 0
50791, 0
50793, 0
50796, 109858
50797, 0
50806, 42292
50816, 0
50818, 0
50820, 0
50824, 0
50838, 0
50846, 991035
50847, 0
50849, 0
50854, 0
50856, 0
50857, 0
50859, 0
50860, 0
50868, 0
50874, 0
50879, 0
50880, 0
50884, 0
50886, 0
50891, 0
50893, 0
50898, 0
50901, 434855
50903, 0
50916, 0
50922, 0
50925, 0
50928, 0
50933, 0
50937, 0
50943, 0
50947, 0
50951, 0
50958, 0
50965, 0
50969, 37054
50973, 0
50982, 0
50987, 0
50993, 0
50996, 0
50997, 0
51004, 0
51005, 0
51008, 0
51018, 0
51031, 37092
51035, 0
51040, 0
51041, 0
51043, 0
51044, 0
51071, 0
51073, 0
51074, 0
51080, 0
51085, 0
51088, 0
51091, 0
51099, 0
51107, 74811
51116, 0
51119, 0
51123, 0
51133, 0
51134, 0
51137, 42936
51143, 0
51145, 0
51150, 0
51156, 0
51164, 598316
51167, 0
51174, 0
51176, 148788
51178, 0
51189, 0
51197, 0
51203, 131767
51207, 0
51209, 0
51212, 0
51216, 0
51223, 85401
51229, 0
51241, 0
51244, 0
51247, 0
51250, 0
51251, 0
51260, 0
51263, 0
51267, 0
51268, 0
51272, 0
51275, 0
51280, 0
51286, 0
51290, 0
51301, 0
51303, 0
51305, 0
51311, 0
51312, 0
51313, 0
51320, 0
51322, 0
51323, 310115
51325, 111792
51326, 0
51327, 0
51331, 0
51333, 0
51335, 0
51338, 0
51339, 0
51343, 0
51345, 0
51347, 0
51353, 0
51364, 0
51380, 0
51382, 0
51383, 0
51389, 223454
51391, 0
51399, 0
51400, 0
51401, 0
51403, 0
51413, 0
51414, 0
51415, 0
51417, 0
51419, 0
51420, 0
51424, 0
51427, 0
51428, 0
51431, 0
51432, 0
51436, 0
51444, 0
51450, 0
51454, 0
51455, 0
51456, 0
51466, 0
51469, 186907
51478, 209082
51479, 0
51484, 112190
51492, 0
51498, 0
51500, 0
51505, 0
51506, 0
51508, 0
51514, 0
51521, 0
51522, 0
51524, 0
51525, 0
51526, 0
51537, 0
51542, 0
51546, 40812
51547, 0
51557, 0
51569, 0
51578, 0
51579, 40940
51585, 0
51594, 0
51596, 0
51601, 0
51604, 0
51615, 0
51625, 0
51628, 0
51632, 115818
51633, 0
51644, 37443
51649, 0
51659, 0
51663, 2796229
51667, 0
51668, 45343
51669, 0
51679, 0
51681, 0
51685, 37450
51689, 0
51690, 0
51693, 0
51694, 0
51697, 0
51703, 0
51713, 0
51716, 43764
51717, 0
51719, 0
51720, 0
51725, 0
51727, 0
51733, 0
51734, 0
51743, 0
51757, 0
51761, 0
51764, 0
51770, 0
51776, 39009
51778, 341688
51780, 0
52782, 37638
52796, 0
52805, 0
52808, 0
52811, 0
52812, 0
52822, 0
52824, 0
52825, 0
52830, 0
52833, 0
52834, 0
52842, 0
52843, 0
52845, 0
52847, 0
52860, 90281
52863, 0
52868, 0
52871, 79022
52874, 0
52877, 0
52896, 0
52903, 0
52904, 0
52913, 0
52914, 0
52918, 0
52920, 0
52926, 0
52929, 38029
52933, 0
52935, 0
52936, 0
52944, 0
52945, 0
52953, 0
52954, 0
52957, 0
52959, 0
52960, 0
52963, 0
52964, 0
52981, 0
52997, 0
53000, 0
53008, 0
53009, 0
53012, 0
53015, 0
53017, 0
53031, 0
53035, 0
53039, 0
53046, 0
53048, 0
53059, 292327
53061, 0
53064, 76336
53065, 45155
53070, 0
53071, 0
53075, 0
53079, 0
53083, 0
53088, 0
53089, 0
53091, 38163
53094, 0
53100, 0
53103, 0
53107, 0
53110, 0
53111, 0
53114, 0
53119, 0
53122, 0
53126, 0
53127, 114515
53130, 0
53135, 0
53137, 0
53140, 38184
53143, 0
53152, 0
53155, 38637
53157, 0
53163, 0
53165, 0
53170, 0
53180, 0
53181, 0
53197, 293311
53199, 0
53200, 0
53206, 0
53211, 0
53221, 0
53222, 0
54238, 0
54239, 472495
54240, 0
54245, 0
54258, 0
54263, 0
54264, 38536
54267, 0
54268, 0
54269, 38537
54276, 0
54283, 0
54297, 0
54305, 0
54306, 38376
54311, 0
54315, 0
54320, 0
54330, 0
54337, 0
54339, 0
54343, 0
54347, 0
54348, 0
54349, 0
54362, 0
54365, 0
54367, 0
54368, 0
54369, 350054
54370, 0
54372, 0
54378, 38423
54379, 0
54380, 0
54386, 76876
54395, 0
54396, 38434
54403, 0
54405, 0
54415, 0
54430, 0
54440, 0
54441, 0
54442, 0
54446, 0
54454, 0
54455, 0
54458, 236223
54463, 0
54464, 0
54470, 0
54471, 0
54475, 0
54479, 38459
54483, 0
54486, 0
54487, 0
54495, 0
54510, 0
54524, 0
54526, 0
54529, 0
54530, 0
54536, 0
54540, 0
54541, 0
54547, 0
54548, 0
54551, 0
54552, 126501
54555, 0
54557, 0
54562, 0
54573, 0
54577, 38517
54585, 0
54600, 0
54608, 0
54609, 0
54610, 0
54611, 0
54612, 0
54613, 0
54616, 0
54622, 0
54623, 0
54625, 0
54628, 38521
54631, 0
54632, 0
54634, 0
54638, 0
54649, 0
54650, 0
54654, 0
54655, 0
54656, 0
54660, 0
54661, 0
54665, 0
54667, 0
54668, 0
54678, 0
54681, 0
54690, 0
54695, 0
54702, 0
54711, 0
54715, 0
54718, 0
54721, 0
54729, 77069
54731, 0
54732, 0
54736, 0
54750, 0
54752, 0
54756, 38594
54759, 0
54761, 0
54780, 460313
54783, 0
54788, 0
54789, 0
54794, 0
54797, 0
54805, 0
54820, 0
54821, 0
54823, 0
54824, 0
54830, 0
55841, 0
55844, 0
55851, 0
55853, 0
55859, 0
55865, 0
55866, 0
55868, 0
55871, 0
55875, 0
55876, 0
55881, 0
55885, 0
55889, 0
55892, 77278
55893, 2458753
55895, 0
55896, 0
55904, 0
55912, 0
55915, 115929
55916, 0
55922, 0
55927, 0
55931, 0
55932, 0
55934, 0
55956, 0
55963, 0
55971, 0
55976, 38820
55980, 0
55982, 0
55991, 0
55992, 0
55998, 0
55999, 0
56003, 0
56010, 0
56012, 0
56017, 0
56018, 0
56026, 0
56034, 0
56037, 0
56050, 0
56057, 0
56059, 0
56060, 0
56076, 0
56086, 0
56094, 0
56095, 0
56096, 0
56097, 352623
56099, 0
56101, 0
56120, 38880
56123, 0
56127, 0
56137, 0
56140, 38887
56144, 0
56150, 0
56158, 0
56162, 0
56165, 0
56169, 0
56179, 0
56180, 0
56182, 0
56185, 0
56187, 0
56188, 0
56191, 120588
56198, 38980
56199, 0
56207, 0
56217, 0
56222, 0
56225, 0
56228, 0
56229, 0
56234, 0
56238, 0
56254, 0
56259, 295695
56261, 0
56266, 0
56273, 0
56286, 125319
56287, 0
56289, 0
56292, 0
56299, 0
56304, 0
56306, 0
56312, 0
56316, 0
56318, 0
56320, 0
56325, 39597
56328, 0
56336, 0
56337, 0
56340, 0
56345, 0
56348, 0
56349, 0
56353, 0
56354, 0
56357, 0
56362, 0
56364, 0
56365, 0
56372, 39014
56379, 0
56382, 0
56383, 0
56384, 0
56391, 0
56396, 0
56397, 0
56399, 0
56403, 0
56415, 78063
56418, 0
56421, 0
56430, 0
56431, 0
56432, 0
56434, 38877
56443, 0
56444, 0
56445, 0
56449, 0
56459, 0
56461, 0
56462, 127616
56465, 39040
56470, 0
56478, 0
56494, 0
56505, 391476
56524, 0
56525, 39178
56531, 78359
56534, 0
56547, 0
56552, 0
56553, 565167
56556, 0
56563, 0
56565, 0
56570, 0
56571, 0
56577, 0
56578, 0
56588, 0
56591, 0
56594, 0
56595, 0
56606, 0
56611, 0
56615, 0
56617, 42329
56620, 0
56622, 0
56623, 0
56624, 29130
56625, 0
56639, 0
56649, 0
56651, 0
56654, 0
56664, 0
56665, 0
56666, 0
56667, 0
56668, 42531
56669, 0
56670, 0
56671, 0
56674, 0
56678, 0
56682, 0
56693, 0
56702, 0
56703, 0
56704, 0
56711, 0
56718, 0
56721, 0
56727, 0
56731, 0
56733, 0
56739, 0
56756, 0
56757, 0
56763, 0
56773, 0
56775, 0
56778, 157322
56779, 0
56791, 0
56793, 0
56800, 0
56818, 0
56819, 118019
56820, 0
56824, 0
56827, 432839
56831, 39357
56833, 78720
56835, 0
56839, 0
56843, 0
56847, 0
56851, 0
56859, 0
56862, 0
56865, 78725
56873, 0
56878, 85897
56884, 0
56885, 0
56890, 0
56892, 0
56901, 0
56906, 0
56910, 39586
56913, 82597
56916, 0
56920, 421857
56921, 0
56926, 0
56931, 0
56932, 0
56938, 354772
56939, 0
56942, 0
56947, 78895
56961, 0
56972, 0
56980, 0
56989, 84431
56994, 0
56995, 39520
57010, 0
57014, 0
57020, 79143
57021, 0
57022, 0
57025, 0
57037, 0
57043, 0
57044, 0
57054, 0
57055, 0
57059, 0
57064, 0
57067, 0
57070, 0
57088, 0
57093, 0
57097, 0
57103, 0
57108, 0
57119, 0
57122, 0
57128, 0
57129, 0
57132, 0
57133, 0
57139, 0
57145, 0
57153, 0
57159, 0
57161, 0
57166, 0
57170, 0
57178, 0
57191, 0
57201, 0
57222, 0
57234, 0
57241, 118461
57245, 0
57247, 0
57250, 0
57252, 0
57255, 158040
57256, 0
57257, 0
57264, 0
57266, 0
57270, 0
57278, 79437
57280, 207405
57285, 0
57286, 0
57287, 0
57291, 39521
57297, 39522
57302, 0
57309, 39570
57310, 0
57311, 0
57319, 0
57321, 0
57323, 0
57325, 0
57330, 79155
57335, 0
57338, 0
57344, 0
57346, 0
57348, 0
57349, 0
57351, 39581
57356, 0
57368, 0
57370, 0
57373, 0
57385, 0
57388, 0
57398, 0
57401, 0
57405, 83653
57410, 0
57413, 0
57425, 0
57428, 39588
57431, 0
57432, 40831
57448, 0
57454, 0
57455, 0
57458, 0
57464, 39598
57467, 0
57468, 0
57469, 0
57472, 0
57473, 0
57474, 0
57475, 0
57476, 0
57479, 0
57483, 0
57499, 0
57506, 0
57514, 0
57518, 0
57519, 0
57532, 0
57534, 0
57544, 0
57562, 0
57571, 204660
57582, 0
57583, 793508
57600, 0
57609, 45422
57610, 0
57612, 0
57615, 0
57617, 0
57620, 0
57628, 0
57631, 0
57635, 40856
57639, 40883
57641, 0
57648, 39716
57655, 0
57656, 0
57657, 0
57668, 0
57680, 0
57697, 0
57698, 0
57699, 0
57703, 0
57704, 0
57709, 0
57711, 0
57712, 0
57713, 0
57714, 0
57736, 0
57751, 0
57752, 40852
57757, 0
57764, 0
57771, 44452
57782, 0
57784, 0
57804, 198622
57823, 0
57836, 39728
57842, 0
57856, 0
57858, 0
57859, 0
57861, 0
57871, 0
57872, 0
57879, 0
57888, 0
57891, 0
57892, 39729
57910, 0
57925, 0
57926, 0
57941, 39730
57958, 0
57961, 0
57965, 0
57966, 0
57973, 39732
57975, 39734
57976, 0
57977, 0
57980, 0
57982, 43804
57983, 0
57992, 0
57993, 0
57994, 0
57995, 0
58005, 0
58011, 0
58014, 0
58017, 0
58018, 397627
58022, 0
58028, 0
58029, 0
58032, 0
58039, 0
58042, 0
58044, 0
58046, 0
58051, 0
58057, 39735
58068, 0
58072, 0
58080, 0
58082, 0
58087, 39788
58089, 0
58096, 676883
58112, 0
58114, 0
58117, 0
58124, 0
58125, 163914
58132, 0
58141, 41484
58171, 0
58180, 0
58188, 0
58196, 0
58201, 0
58203, 203099
58206, 0
58211, 0
58218, 159513
58226, 0
58228, 39890
58229, 0
58233, 0
58235, 0
58240, 0
58247, 0
58262, 0
58271, 0
58281, 0
58306, 0
58307, 0
58314, 0
58320, 0
58327, 0
58328, 0
58340, 0
58345, 0
58346, 39916
58349, 0
58356, 0
58361, 0
58364, 0
58366, 0
58367, 0
58368, 0
58372, 39917
58387, 0
58392, 0
58395, 0
58396, 0
58415, 81641
58420, 0
58424, 0
58432, 0
58439, 0
58443, 0
58455, 0
58456, 0
58457, 40833
58459, 122505
58478, 0
58488, 0
58492, 0
58499, 40853
58503, 0
58508, 40837
58510, 0
58516, 42364
58532, 0
58536, 0
58541, 0
58550, 85744
58551, 0
58552, 0
58559, 0
58562, 0
58563, 0
58567, 0
58585, 0
58588, 0
58590, 0
58592, 0
58593, 0
58604, 0
58609, 0
58618, 0
58619, 0
58620, 0
58623, 0
58628, 81763
58630, 0
58637, 0
58656, 0
58660, 0
58664, 0
58669, 0
58671, 0
58673, 0
58675, 0
58682, 612322
58688, 90229
58702, 0
58706, 40889
58718, 0
58719, 0
58729, 0
58730, 0
58744, 0
58745, 0
58752, 0
58753, 0
58769, 0
58777, 163589
58779, 40892
58781, 0
58784, 0
58786, 0
58787, 0
58789, 0
58793, 0
58797, 0
58802, 0
58804, 0
58818, 0
58823, 0
58825, 0
58835, 0
58842, 0
58847, 0
58860, 0
58861, 0
58871, 0
58880, 0
58883, 0
58888, 0
58899, 40910
58905, 0
58913, 0
58931, 0
58933, 0
58934, 0
58938, 0
58939, 0
58940, 0
58944, 0
58947, 0
58951, 0
58952, 40912
58954, 0
58975, 0
58976, 0
58980, 0
58993, 0
58996, 0
59003, 0
59010, 0
59011, 0
59012, 0
59018, 0
59021, 0
59023, 0
59026, 0
59028, 0
59029, 0
59033, 0
59042, 0
59043, 0
59044, 0
59046, 0
59047, 0
59053, 0
59056, 0
59088, 0
59107, 0
59115, 0
59120, 40913
59134, 0
59142, 45058
59151, 81916
59153, 0
59166, 81830
59172, 0
59176, 0
59178, 0
59182, 0
59184, 0
59189, 0
59196, 0
59199, 0
59200, 0
59203, 0
59204, 0
59205, 81875
59209, 0
59215, 45124
59219, 0
59221, 0
59225, 0
59227, 0
59232, 0
59234, 40918
59235, 0
59237, 0
59239, 0
59245, 0
59248, 142674
59249, 0
59256, 0
59259, 0
59271, 0
59279, 0
59282, 81909
59283, 0
59289, 0
59292, 0
59294, 0
59298, 0
59302, 0
59303, 0
59312, 0
59313, 0
59322, 0
59338, 0
59341, 0
59343, 0
59348, 0
59353, 0
59355, 0
59376, 0
59377, 0
59387, 0
60426, 0
60430, 40974
60431, 0
60435, 426828
60437, 0
60439, 0
60441, 0
60457, 0
60460, 0
60461, 0
60470, 0
60476, 40973
60480, 0
60483, 0
60491, 0
60492, 0
60504, 0
60511, 0
60515, 0
60517, 0
60519, 0
60535, 0
60542, 0
60548, 0
60554, 0
60556, 0
60559, 0
60561, 0
60575, 0
60577, 43807
60589, 0
60596, 0
60602, 0
60603, 0
60609, 0
60618, 37412
60638, 0
60641, 0
60642, 0
60650, 0
60651, 40985
60659, 0
60660, 0
60665, 972647
60675, 40991
60676, 0
60682, 0
60684, 41232
60686, 0
60690, 0
60691, 0
60692, 0
60693, 0
60706, 0
60708, 0
60716, 0
60717, 0
60724, 0
60726, 0
60728, 0
60731, 130589
60732, 205664
60745, 0
60751, 0
60757, 0
60766, 123669
60777, 0
60783, 0
60790, 0
60791, 0
60807, 0
60810, 0
60814, 0
60815, 0
60820, 41225
60830, 0
60840, 0
60841, 41234
60846, 0
60847, 0
60848, 0
60850, 0
60853, 0
60855, 0
60861, 0
60863, 0
60866, 0
60869, 0
60872, 0
60877, 0
60878, 0
60880, 0
60893, 0
60901, 0
60903, 0
60904, 0
60910, 0
60913, 0
60925, 0
60929, 0
60934, 0
60960, 0
60968, 0
60976, 0
60982, 0
60984, 41233
60985, 41237
60986, 0
60987, 0
60990, 0
60991, 0
60995, 0
61015, 0
61018, 0
61028, 0
61043, 0
61052, 0
61055, 0
61058, 0
61066, 0
61069, 0
61075, 0
61077, 0
61091, 0
61093, 0
61094, 0
61101, 0
61106, 0
61107, 0
61123, 0
61125, 0
61129, 42319
61136, 41289
61138, 0
61146, 0
61149, 0
61177, 0
61197, 0
61201, 0
61210, 0
61217, 0
61219, 0
61228, 0
61235, 0
61257, 0
61273, 0
61276, 0
61278, 0
61279, 0
61281, 82974
61282, 0
61286, 0
61293, 41499
61299, 0
61301, 0
61308, 0
61318, 0
61321, 0
61328, 326817
61338, 0
61342, 0
61349, 0
61355, 0
61360, 0
61364, 0
61367, 0
61368, 0
61372, 124527
61380, 41574
61381, 0
61384, 0
61387, 41605
61389, 0
61400, 0
61405, 0
61411, 0
61413, 0
61416, 0
61420, 0
61426, 768183
61430, 0
61448, 0
61459, 0
61460, 0
61461, 0
61470, 0
61471, 0
61472, 0
61473, 0
61474, 0
61479, 0
61485, 0
61489, 0
61494, 0
61502, 0
61504, 0
61506, 42080
61509, 0
61515, 0
61516, 0
61519, 0
61520, 0
61522, 584692
61523, 0
61526, 41631
61530, 0
61531, 0
61532, 0
61533, 0
61536, 218697
61541, 0
61549, 0
61567, 0
61573, 41696
61586, 43560
61588, 0
61597, 0
61598, 0
61605, 0
61608, 41756
61609, 0
61617, 0
61621, 0
61626, 0
61629, 0
61630, 0
61632, 0
61637, 0
61653, 0
61662, 0
61664, 41757
61671, 0
61674, 0
61677, 0
61680, 0
61681, 0
61682, 0
61684, 0
61687, 0
61697, 0
61704, 41758
61709, 41759
61712, 0
61714, 0
61723, 45371
61727, 0
61732, 0
61736, 0
61737, 41771
61738, 83539
61739, 0
61743, 0
61759, 0
61767, 0
61771, 0
61778, 0
61780, 0
61783, 0
61785, 0
61786, 0
61795, 0
61808, 0
61811, 0
61815, 0
61817, 0
61820, 0
61826, 0
61837, 0
61845, 0
61852, 0
61853, 0
61857, 0
61860, 0
61871, 0
61879, 0
61887, 41797
61894, 0
61910, 0
61911, 0
61921, 0
61922, 0
61926, 0
61927, 0
61930, 0
61931, 0
61938, 0
61939, 0
61943, 0
61944, 0
61949, 0
61957, 0
61960, 41777
61965, 83572
61966, 0
61967, 0
61968, 0
61978, 0
61993, 125401
62001, 0
62003, 0
62013, 0
62014, 0
62028, 0
62032, 0
62034, 0
62037, 0
62040, 0
62043, 0
62047, 0
62049, 0
62062, 0
62064, 0
62068, 0
62083, 0
62091, 0
62105, 0
62107, 0
62113, 0
62130, 0
62135, 0
62146, 0
62153, 0
62154, 125416
62163, 0
62166, 0
62172, 0
62178, 0
62190, 0
62195, 0
62196, 0
62200, 0
62201, 0
62217, 0
62229, 0
62237, 0
62241, 41956
62242, 0
62246, 45087
62252, 0
62272, 84408
62279, 0
62280, 0
62288, 0
62302, 0
62310, 0
62322, 0
62334, 0
62345, 0
62347, 41824
62356, 0
62357, 0
62367, 668320
62374, 0
62384, 0
62398, 41828
62399, 0
62402, 0
62405, 0
62410, 0
62412, 0
62420, 0
62421, 0
62425, 0
62434, 42141
62438, 83915
62439, 0
62446, 0
62456, 0
62466, 0
62471, 167874
62488, 0
62491, 83951
62497, 0
62503, 0
62507, 0
62513, 0
62518, 0
62519, 0
62534, 41985
62540, 0
62554, 0
62555, 0
62558, 0
62560, 168298
62562, 125967
62563, 0
62575, 41993
62590, 0
62593, 0
62601, 0
62605, 0
62629, 83814
62635, 0
62636, 0
62639, 0
62641, 0
62647, 83983
62652, 42969
62656, 0
62668, 42077
62672, 0
62673, 0
62674, 0
62675, 909036
62680, 325563
62682, 0
62684, 0
62686, 0
62688, 0
62694, 0
62695, 42079
62709, 0
62716, 0
62724, 0
62729, 0
62735, 0
62742, 0
62753, 0
62762, 0
62763, 0
62766, 0
62780, 0
62782, 0
62786, 0
62787, 0
62791, 0
62797, 0
62798, 0
62800, 0
62803, 0
62805, 0
62810, 210762
62813, 42140
62819, 0
62826, 0
62830, 0
62832, 0
62833, 0
62839, 0
62840, 42160
62849, 0
63850, 0
63858, 0
63869, 0
63877, 141279
63889, 0
63896, 0
63913, 0
63920, 0
63926, 0
63927, 0
63930, 42184
63931, 0
63935, 0
63936, 0
63938, 0
63939, 0
63943, 0
63957, 0
63958, 0
63959, 42193
63960, 0
63961, 0
63974, 0
63981, 0
63984, 87697
63986, 0
63996, 0
64003, 0
64020, 0
64028, 0
64029, 0
64035, 0
64043, 0
64044, 0
64045, 126945
64057, 42952
64066, 0
64067, 0
64068, 0
64071, 0
64074, 0
64076, 0
64080, 0
64102, 0
64121, 84440
64133, 0
64136, 0
64140, 0
64141, 84414
64143, 0
64161, 42210
64163, 0
64167, 0
64175, 0
64181, 0
64184, 0
64194, 0
64203, 0
64212, 0
64224, 0
64226, 0
64231, 42226
64234, 0
64235, 0
64244, 0
64248, 0
64252, 0
64253, 0
64264, 0
64274, 0
64281, 0
64289, 0
64308, 0
64314, 0
64319, 0
64323, 0
64329, 0
64341, 0
64349, 0
64351, 0
64354, 0
64355, 0
64365, 0
64369, 0
64379, 0
64384, 0
64387, 0
64390, 0
64395, 0
64399, 0
64404, 0
64413, 0
64420, 0
64433, 0
64444, 0
64447, 0
64449, 0
64457, 0
64466, 0
64469, 0
64472, 0
64473, 0
64495, 0
64499, 0
64523, 0
64529, 42258
64534, 84553
64538, 0
64541, 42252
64546, 0
64548, 0
64552, 0
64556, 0
64564, 0
64571, 0
64581, 0
64590, 0
64591, 0
64594, 0
64605, 0
64608, 0
64612, 0
64613, 0
64615, 0
64619, 0
64623, 0
64634, 42279
64639, 0
64642, 42278
64643, 0
64646, 0
64649, 0
64650, 0
64653, 0
64663, 84565
64667, 0
64672, 0
64681, 0
64689, 0
64701, 84579
64702, 0
64704, 0
65707, 0
65718, 0
65730, 0
65734, 0
65741, 42293
65756, 0
65759, 0
65764, 0
65773, 0
65775, 0
65776, 0
65778, 0
65787, 0
65792, 0
65798, 0
65800, 882424
65801, 0
65811, 0
65815, 0
65818, 127246
65819, 0
65820, 0
65841, 0
65844, 0
65857, 0
65864, 0
65871, 0
65878, 242458
65879, 0
65899, 0
65906, 42318
65910, 0
65911, 0
65913, 0
65915, 42351
65916, 0
65922, 0
65927, 0
65933, 0
65937, 0
65943, 0
65949, 0
65954, 0
65956, 0
65971, 0
65972, 0
65975, 0
65976, 0
65977, 0
65985, 0
65988, 0
65991, 0
65993, 0
65994, 0
66004, 0
66009, 222164
66010, 0
66012, 0
66016, 0
66017, 0
66022, 42350
66025, 0
66033, 0
66034, 0
66035, 0
66044, 85087
66045, 0
66046, 0
66047, 0
66052, 42353
66054, 0
66066, 0
66084, 0
66094, 0
66108, 0
66109, 42354
66112, 0
66130, 0
66131, 0
66132, 0
66133, 0
66134, 0
66144, 0
66148, 0
66155, 0
66166, 0
66167, 0
66171, 0
66189, 0
66195, 42366
66201, 0
66205, 0
66209, 0
66216, 0
66220, 0
66223, 0
66230, 0
66255, 0
66266, 0
66275, 0
66278, 0
66282, 0
66285, 0
66287, 0
66288, 0
66291, 0
66292, 0
66312, 0
66313, 0
66315, 0
66316, 0
66321, 0
66323, 0
66332, 0
66333, 0
66338, 0
66346, 0
66349, 0
66365, 0
66369, 0
66372, 0
66375, 0
66383, 0
66386, 0
66387, 0
66393, 0
66397, 84793
66401, 0
66403, 0
66404, 0
66407, 0
66413, 0
66419, 42675
66422, 0
66425, 0
66436, 0
66441, 0
66443, 0
66444, 0
66461, 0
66471, 0
66473, 0
66474, 0
66475, 0
66476, 0
66490, 0
66497, 0
66501, 0
66513, 0
66517, 0
66520, 0
66528, 169604
66536, 0
66543, 0
66544, 0
66556, 0
66559, 0
66580, 0
66582, 0
66593, 0
66594, 0
66597, 0
66599, 0
66605, 0
66607, 255677
66608, 0
66615, 0
66620, 0
66622, 0
66623, 0
66638, 0
66649, 0
66650, 0
66673, 0
66678, 0
66682, 0
66686, 43565
66688, 973562
66693, 0
66700, 0
66718, 0
66721, 0
66731, 0
66740, 0
66745, 0
66747, 0
66751, 0
66759, 0
66764, 0
66772, 0
66774, 0
66777, 0
66783, 0
66787, 0
66789, 0
66818, 0
66820, 0
66825, 0
66832, 0
66833, 42530
66847, 0
66849, 0
66851, 0
66857, 0
66877, 0
66880, 0
66889, 0
66894, 0
66898, 42804
66904, 0
66910, 0
66920, 0
66923, 0
66929, 0
66936, 42596
66943, 0
66946, 0
66993, 0
66997, 0
67002, 44223
67007, 0
67011, 0
67018, 0
67019, 0
67031, 0
67034, 85627
67035, 0
67036, 0
67038, 42584
67040, 0
67042, 0
67050, 0
67066, 0
67077, 0
67078, 0
67083, 0
67097, 0
67103, 0
67107, 0
67113, 0
67115, 0
67116, 0
67118, 0
67125, 0
67128, 0
67129, 0
67135, 0
67140, 42605
67144, 0
67149, 0
67150, 0
67151, 0
67152, 0
67157, 0
67162, 0
67166, 0
67179, 0
67193, 0
68203, 0
68204, 0
68207, 0
68208, 131878
68212, 0
68213, 0
68217, 42605
68219, 0
68222, 0
68230, 0
68232, 0
68236, 0
68242, 0
68248, 0
68279, 0
68280, 0
68283, 42619
68294, 0
68295, 0
68301, 0
68302, 0
68305, 139931
68306, 0
68313, 0
68327, 0
68347, 0
68356, 0
68366, 0
68368, 0
68372, 0
68373, 0
68374, 0
68375, 0
68382, 0
68383, 0
68384, 0
68390, 0
68391, 0
68399, 0
68401, 0
68408, 0
68409, 0
68410, 0
68411, 0
68415, 0
68420, 0
68421, 0
68440, 256119
68448, 0
68449, 0
68463, 0
68468, 0
68473, 0
68479, 0
68480, 0
68491, 0
68514, 0
68515, 0
68517, 0
68519, 0
68520, 0
68521, 0
68522, 0
68526, 0
68529, 0
68530, 0
68534, 0
68544, 0
68554, 0
68559, 0
68564, 0
68568, 0
68572, 0
68573, 0
68579, 42702
68582, 0
68587, 0
68599, 0
68614, 0
68628, 0
68629, 0
68645, 0
68650, 0
68660, 85885
68663, 213720
68687, 0
68693, 0
68701, 0
68708, 0
68718, 0
68719, 0
68722, 256844
68726, 0
68727, 0
68730, 0
68732, 0
68742, 0
68746, 0
68757, 0
68773, 0
68777, 0
68778, 0
68779, 0
68790, 0
68794, 0
68797, 0
68799, 0
68804, 0
68805, 42795
68822, 0
68827, 0
68830, 0
68835, 0
68845, 0
68847, 0
68849, 0
68857, 0
68858, 0
68861, 0
68866, 0
68893, 0
68895, 0
68899, 0
68903, 0
68907, 0
68910, 45230
68916, 0
68920, 0
68933, 0
68935, 128433
68936, 0
68937, 0
68938, 0
68943, 0
68946, 0
68950, 0
68953, 0
68958, 0
68962, 0
68971, 0
68974, 0
68981, 0
68987, 0
68992, 0
69014, 0
69016, 0
69017, 0
69029, 0
69037, 257098
69039, 0
69045, 0
69051, 0
69052, 0
69063, 0
69066, 0
69067, 85727
69076, 0
69078, 90212
69091, 0
69103, 0
69107, 0
69110, 0
69112, 0
69116, 0
69118, 42836
69123, 0
69133, 0
69143, 0
69144, 0
69147, 0
69151, 0
69155, 0
69169, 0
69173, 0
69182, 0
69183, 0
69184, 0
69194, 42862
69196, 0
69205, 0
69208, 0
69214, 0
69216, 0
69218, 0
69222, 0
69226, 0
69232, 42868
69236, 0
69244, 0
69245, 0
69264, 0
69272, 42871
69275, 0
69283, 0
69289, 43966
69292, 0
69295, 0
69301, 0
69310, 0
69312, 0
69313, 0
69320, 42874
69323, 0
69331, 0
69335, 0
69341, 0
69353, 0
69356, 42872
69368, 0
69371, 0
69380, 0
69386, 0
69387, 0
69389, 0
69391, 0
69392, 0
69405, 42876
69412, 0
69419, 0
69424, 0
69429, 0
69443, 0
69444, 0
69446, 0
69452, 0
69461, 0
69463, 0
69466, 0
69470, 0
69474, 0
69475, 0
69482, 0
69486, 0
69488, 0
69491, 0
69495, 0
69497, 0
69505, 0
69507, 42887
69516, 0
69520, 0
69525, 257411
69531, 42888
69533, 0
69534, 0
69540, 0
69542, 0
69546, 0
69547, 0
69548, 0
69556, 0
69558, 42911
69559, 0
69573, 42907
69579, 0
69583, 0
69584, 0
69586, 0
69591, 0
69610, 0
69613, 0
69621, 42937
69627, 42908
69630, 0
69640, 0
69642, 0
69644, 0
69647, 0
69650, 0
69653, 0
69665, 0
69667, 0
69678, 0
69681, 0
69696, 0
69703, 0
69709, 82434
69724, 0
69733, 0
69747, 0
69757, 214603
69760, 0
69763, 128747
69764, 0
69766, 0
69770, 0
69773, 42924
69775, 0
69782, 0
69792, 45317
69796, 0
69797, 44444
69800, 0
69801, 0
69820, 0
69827, 0
69838, 85915
69843, 0
69845, 0
69850, 45404
69851, 0
69852, 0
69859, 0
69862, 0
69868, 0
69874, 0
69887, 0
69895, 0
69902, 0
69907, 0
69909, 0
69919, 42939
69922, 0
69929, 0
69931, 44483
69932, 0
69938, 0
69940, 85904
69949, 0
69953, 0
69954, 0
69955, 0
69967, 0
69974, 0
69977, 219458
69991, 0
69992, 0
69994, 0
69999, 42944
70000, 0
70005, 0
70008, 0
70012, 0
70015, 0
70019, 0
70035, 0
70044, 0
70051, 0
70059, 0
70060, 255631
70064, 0
70079, 0
70086, 0
70100, 42946
70104, 0
70105, 0
70110, 0
70111, 0
70116, 0
70119, 42947
70126, 0
70137, 0
70138, 0
70143, 0
70148, 43519
70150, 0
70156, 0
70164, 0
70168, 0
70171, 0
70172, 0
70173, 0
70175, 0
70179, 0
70190, 392943
70197, 0
70198, 0
70211, 256265
70216, 0
70222, 0
70229, 0
70233, 0
70247, 0
70251, 0
70252, 0
70264, 0
70266, 0
70270, 0
70295, 42963
70300, 0
70301, 0
70307, 0
70313, 43883
70317, 0
70322, 0
70326, 0
70331, 0
70335, 0
70341, 0
70342, 0
70345, 0
70355, 1013958
70367, 0
70370, 42970
70373, 0
70380, 0
70384, 128900
70386, 0
70403, 0
70404, 0
70407, 0
70418, 0
70431, 0
70432, 42973
70452, 0
70453, 0
70458, 0
70461, 0
70462, 0
70463, 0
70464, 131496
70478, 0
70491, 0
70494, 0
70498, 225484
70501, 0
70508, 0
70521, 0
70528, 0
70529, 0
70531, 0
70533, 0
70564, 0
70567, 0
70572, 0
70574, 0
70593, 38537
70595, 0
70602, 0
70603, 0
70604, 0
70618, 1001461
70621, 0
70622, 0
70638, 0
70647, 0
70652, 0
70653, 0
70654, 0
70656, 0
70666, 0
70672, 0
70676, 0
70684, 0
70686, 0
70693, 0
70704, 0
70706, 0
70717, 0
70731, 0
70739, 0
70741, 0
70751, 87109
70757, 0
70760, 0
70779, 0
70786, 0
70787, 0
70788, 0
70808, 582073
70809, 385035
70816, 0
70826, 0
70829, 0
70853, 43679
70856, 0
70858, 0
70865, 0
70873, 0
70881, 0
70918, 0
70921, 0
70925, 0
70926, 0
70928, 0
70947, 0
70951, 0
70952, 0
70962, 0
70964, 43716
70986, 0
70989, 0
70997, 0
71011, 43845
71013, 0
71015, 0
71024, 0
71035, 0
71040, 0
71042, 0
71045, 0
71046, 131167
71056, 0
71061, 0
71069, 0
71070, 0
71071, 0
71074, 0
71088, 0
71090, 0
71094, 0
71096, 0
71102, 0
71104, 87437
71105, 0
71110, 0
71111, 0
71116, 0
71117, 0
71126, 0
71127, 0
71137, 0
71143, 0
71158, 0
71164, 0
71166, 0
71171, 0
71177, 0
71180, 0
71182, 0
71190, 0
71198, 0
71200, 0
71218, 0
71225, 0
71227, 0
71234, 0
71239, 0
71254, 0
72268, 0
72273, 0
72276, 43727
72283, 0
72287, 0
72288, 43756
72294, 0
72302, 45120
72311, 0
72314, 0
72317, 43757
72322, 0
72327, 43761
72328, 0
72330, 0
72331, 0
72350, 0
72351, 0
73371, 0
73380, 0
73383, 0
73384, 0
73388, 43763
73395, 0
73410, 0
73412, 0
73423, 43791
73430, 394033
73432, 0
73436, 0
73437, 0
73451, 0
73453, 0
73454, 0
73462, 0
73467, 0
73469, 0
73483, 0
73493, 0
73500, 43793
73502, 43794
73508, 0
73518, 0
73529, 0
73530, 0
73532, 0
73535, 0
73536, 0
73547, 0
73569, 0
73577, 0
73579, 0
73583, 0
73594, 0
73617, 0
73621, 0
73622, 0
73623, 0
73647, 0
73649, 0
73657, 43798
73658, 0
73660, 0
73669, 0
73670, 0
73676, 0
73680, 0
73698, 0
73701, 0
73702, 0
73708, 0
73712, 0
73713, 0
73716, 0
73724, 0
73733, 0
73734, 0
73735, 0
73739, 0
73755, 43802
73756, 0
73761, 0
73776, 0
73783, 0
73784, 44486
73785, 0
73790, 0
73791, 0
73798, 0
73805, 0
73807, 0
73824, 0
73842, 0
73846, 0
73850, 0
73851, 0
73869, 0
73874, 0
73879, 0
73880, 0
73881, 0
73884, 0
73885, 0
73886, 0
73887, 43806
73888, 0
73890, 0
73892, 0
73897, 0
73900, 0
73920, 0
73923, 0
73925, 0
73938, 0
73944, 0
73954, 0
73955, 0
73956, 0
73959, 0
73967, 0
73972, 0
73974, 0
73979, 43817
73980, 0
73982, 0
73992, 0
74011, 0
74016, 0
74019, 0
74022, 0
74024, 0
74026, 135508
74027, 0
74044, 0
74045, 0
74061, 0
74066, 0
74068, 0
74073, 0
74080, 0
74090, 0
74104, 0
74112, 0
74113, 0
74115, 43818
74129, 0
74138, 43819
74156, 131475
74161, 0
74167, 0
74168, 0
74169, 0
74185, 0
74186, 0
74199, 0
74210, 0
74220, 0
74231, 0
74239, 0
74240, 0
74249, 0
74261, 0
74262, 0
74264, 0
74268, 0
74273, 0
74274, 0
74281, 0
74288, 0
74300, 0
74301, 0
74305, 0
74307, 0
74319, 0
74330, 310337
74343, 0
74359, 0
74367, 0
74404, 0
74408, 0
74411, 0
74413, 0
74425, 0
74434, 0
74435, 43841
74447, 43835
74448, 0
74453, 309698
74456, 0
74459, 0
74463, 0
74492, 0
74494, 0
74497, 0
74498, 0
74500, 0
74516, 0
74530, 0
74542, 43845
74548, 0
74550, 0
74564, 0
74565, 43846
74573, 0
74576, 0
74590, 0
74593, 0
74594, 0
74597, 0
74600, 45242
74601, 0
74606, 43847
74613, 0
74630, 0
74631, 0
74634, 0
74641, 0
74651, 87928
74653, 0
74657, 0
74661, 0
74676, 0
74682, 0
74683, 0
74688, 0
74696, 0
74697, 0
74703, 0
74706, 0
74717, 0
74720, 0
74729, 0
74753, 0
74761, 0
74762, 0
74763, 0
74766, 0
74772, 0
74773, 0
74786, 0
74794, 43886
74797, 0
74799, 45118
74805, 0
74814, 0
74816, 0
74819, 0
74842, 0
74850, 0
74856, 0
74858, 0
74864, 0
74865, 0
74875, 0
74880, 0
74883, 0
74889, 0
74895, 0
74899, 0
74904, 0
74910, 0
74913, 0
74914, 0
74920, 0
74928, 0
74936, 0
74942, 0
74951, 45074
74962, 0
74964, 0
75027, 0
75039, 0
75041, 0
75050, 0
75053, 0
75058, 0
75062, 0
75063, 0
75065, 0
75066, 0
75068, 0
75070, 0
75080, 0
75081, 0
75096, 0
75102, 0
75106, 0
75113, 0
75114, 0
75127, 0
75130, 0
75145, 0
75153, 45490
75158, 0
75168, 0
75171, 0
75176, 0
75178, 0
75185, 0
75187, 0
75191, 0
75192, 0
75200, 87793
75201, 0
75209, 0
75210, 0
75217, 0
75219, 0
75220, 0
75226, 0
75227, 0
75229, 0
75246, 0
75249, 43898
75260, 0
75264, 0
75274, 87859
75279, 0
75280, 0
75282, 0
75283, 0
75284, 0
75288, 0
75290, 0
75291, 0
75293, 469036
75295, 0
75303, 0
75307, 0
75308, 0
75309, 0
75312, 0
75321, 0
75338, 43918
75341, 0
75342, 0
75343, 45113
75344, 0
75349, 0
75353, 0
75354, 0
75379, 0
75380, 0
75381, 0
75382, 133426
75388, 0
75392, 0
75401, 0
75402, 43944
75418, 0
75420, 0
75422, 45227
75424, 0
75426, 0
75427, 0
75428, 0
75430, 0
75432, 43945
75440, 0
75441, 0
75449, 0
75461, 0
75470, 0
75471, 0
75478, 0
75496, 87906
75499, 0
75500, 0
75528, 0
75536, 43957
75544, 0
75546, 0
75549, 43955
75553, 0
75556, 0
75562, 0
75572, 0
75573, 0
75578, 0
75584, 0
75591, 0
75600, 43956
75614, 0
75616, 0
75619, 221977
75643, 0
75659, 0
75660, 0
75670, 0
75673, 0
75682, 0
75685, 43990
75693, 0
75698, 0
75701, 0
75706, 0
75707, 0
75718, 0
75719, 0
75735, 368363
75742, 0
75749, 44219
75753, 0
75756, 0
75760, 0
75761, 0
75765, 0
75769, 0
75773, 44224
75776, 44225
75786, 0
75788, 0
75795, 0
75801, 0
75810, 0
75811, 0
75812, 0
75816, 0
75818, 0
75826, 0
75830, 0
75831, 0
75835, 0
75840, 0
75842, 44256
75853, 0
75870, 0
75873, 0
75874, 0
75884, 0
75889, 0
75905, 0
75912, 0
75916, 0
75918, 0
75921, 0
75925, 0
75933, 88909
75934, 0
75938, 0
75940, 0
75949, 0
75954, 0
75959, 0
75965, 0
75968, 0
75970, 44257
75972, 0
75977, 0
75992, 0
76004, 0
76006, 0
76007, 0
76011, 0
76018, 0
76025, 0
76026, 0
76029, 0
76035, 0
76036, 0
76042, 132931
76046, 0
76051, 0
76055, 0
76057, 0
76060, 0
76076, 0
76080, 44345
76083, 0
76085, 0
76098, 603350
76102, 88833
76103, 0
76104, 0
76105, 0
76106, 0
76108, 0
76111, 0
76115, 0
76118, 0
76120, 44377
76126, 0
76128, 0
76134, 0
76155, 0
76162, 0
76166, 0
76167, 0
76169, 0
76178, 0
76183, 0
76189, 0
76193, 0
76210, 0
76211, 0
76219, 0
76238, 0
76239, 0
76240, 0
76241, 0
76248, 44451
76255, 0
76259, 0
76263, 0
76265, 0
76284, 0
76296, 0
76299, 0
76306, 0
76315, 44456
76317, 0
76318, 0
76332, 0
76333, 90397
76335, 0
76345, 0
76347, 0
76352, 45111
76354, 0
76356, 0
76359, 0
76360, 0
76377, 0
76378, 0
76391, 0
76402, 0
76409, 0
76412, 0
76414, 0
76417, 0
76437, 0
76439, 0
76442, 44458
76452, 0
76453, 0
76454, 0
76462, 0
76468, 0
76479, 1617428
76483, 0
76498, 0
76500, 0
76501, 0
76506, 0
76513, 0
76515, 0
76516, 0
76521, 0
76536, 0
76541, 0
76548, 0
76556, 0
76558, 0
76565, 0
76570, 0
76572, 404937
76574, 0
76586, 0
76588, 0
76590, 0
76593, 45448
76597, 0
76600, 0
76601, 0
76602, 0
76608, 0
76620, 0
76625, 0
76633, 0
76635, 0
76639, 0
76649, 0
76665, 45066
76671, 0
76679, 0
76680, 0
76685, 0
76689, 0
76695, 0
76698, 0
76700, 0
76709, 0
76715, 0
76723, 0
76731, 0
76736, 0
76738, 0
76743, 0
76745, 0
76748, 0
76758, 0
76762, 0
76771, 0
76775, 0
76782, 0
76788, 0
76792, 0
76827, 0
76839, 0
76840, 44485
76845, 0
76846, 0
76857, 0
76875, 0
76883, 0
76887, 0
76894, 0
76906, 0
77908, 0
77919, 44490
77921, 0
77923, 133476
77927, 0
77929, 225389
77930, 0
77936, 0
77945, 0
77954, 0
77963, 0
77965, 0
77968, 0
77977, 0
77998, 0
78010, 0
78029, 0
78032, 0
78041, 0
78061, 75299
78062, 0
78064, 0
78065, 0
78079, 0
78087, 0
78095, 0
78100, 0
78101, 44495
78108, 44496
78112, 0
78135, 0
78138, 0
78148, 0
78149, 0
78162, 0
78164, 0
78172, 0
78175, 0
78180, 44510
78182, 0
78193, 0
78196, 0
78199, 0
78204, 0
78215, 0
78216, 44506
78223, 0
78228, 0
78247, 0
78254, 0
78256, 0
78262, 0
78265, 0
78273, 89016
78287, 0
78294, 44511
78301, 0
78306, 0
78316, 0
78321, 0
78324, 0
78334, 0
78340, 0
78347, 0
78358, 0
78375, 0
78386, 0
78387, 0
78392, 0
78400, 44513
78401, 0
78416, 0
78417, 0
78422, 0
78423, 0
78424, 0
78434, 0
78446, 0
78451, 0
78458, 0
78465, 0
78474, 0
78479, 0
78484, 0
78486, 0
78493, 0
78495, 0
78499, 0
78500, 0
78512, 0
78517, 0
78521, 0
78524, 0
78525, 1151248
78532, 0
78535, 90122
78539, 0
78551, 0
78554, 90204
78557, 0
78574, 0
78581, 0
78582, 0
78588, 90088
78589, 0
78603, 0
78606, 0
78621, 90106
78626, 0
78627, 90099
78628, 0
78647, 0
78648, 0
78655, 0
78657, 0
78672, 0
78673, 180228
78678, 0
78690, 0
78693, 45063
78695, 0
78703, 0
78704, 0
78713, 0
78716, 0
78726, 0
78738, 0
78739, 45064
78756, 0
78761, 0
78762, 0
78764, 0
78773, 0
78781, 0
78785, 0
78788, 0
78789, 0
78792, 135204
78804, 0
78812, 45072
78817, 0
78825, 0
78831, 0
78846, 0
78847, 0
78849, 0
78856, 0
78857, 0
78865, 45337
78867, 0
78870, 0
78871, 0
78872, 0
79885, 0
79888, 0
79894, 0
79901, 0
79906, 180333
79910, 0
79911, 0
79914, 0
79942, 45320
79949, 0
79956, 0
79962, 0
79963, 0
79979, 0
79986, 0
79991, 0
79998, 0
80000, 45089
80011, 0
80013, 45109
80022, 0
80025, 0
80028, 0
80029, 0
80030, 0
80034, 0
80051, 0
80058, 0
80081, 0
80085, 0
80090, 0
80092, 0
80096, 0
80104, 0
80109, 0
80110, 45110
80111, 0
80115, 0
80127, 0
80128, 0
80135, 0
80160, 0
80162, 0
80168, 0
80173, 0
80175, 0
80186, 0
80194, 0
80212, 45104
80216, 0
80241, 0
80242, 0
80247, 0
80248, 0
80267, 45108
80268, 0
80269, 0
80276, 0
80289, 0
80296, 0
80302, 0
80304, 0
80311, 0
80315, 0
80317, 0
80323, 0
80326, 0
80337, 0
80338, 0
80354, 0
80361, 0
80363, 0
80366, 0
80376, 0
80377, 0
80384, 0
80388, 0
80390, 0
80399, 0
80430, 0
80437, 0
80449, 0
80464, 0
80473, 0
80483, 0
80485, 0
80488, 0
80489, 0
80490, 0
80501, 0
80527, 0
80533, 0
80552, 0
80559, 0
80560, 0
80565, 0
80571, 0
80574, 0
80575, 0
80578, 0
80579, 0
80588, 0
80601, 0
80604, 0
80607, 45119
80646, 0
80651, 0
80663, 0
80668, 45121
80675, 0
80695, 0
80705, 45125
80709, 0
80710, 0
80722, 0
80735, 0
80736, 0
80739, 0
80741, 0
80744, 0
80747, 0
80750, 0
80751, 45127
80764, 0
80767, 0
80774, 0
80787, 0
80791, 0
80794, 0
80808, 0
80819, 0
80842, 0
80853, 0
80859, 0
80871, 0
80874, 0
80885, 0
80886, 0
80891, 42595
80894, 45128
80912, 0
80925, 0
80940, 0
80965, 90313
80972, 0
80975, 0
80979, 45159
80984, 0
80985, 0
81000, 0
81011, 135595
81013, 0
81039, 45179
81044, 0
81050, 0
81051, 248459
81052, 0
81077, 0
81087, 0
81090, 0
81094, 0
81095, 0
81096, 0
81100, 0
81101, 45190
81103, 0
81107, 0
81109, 0
81111, 0
81126, 0
81127, 0
81130, 0
81135, 0
81136, 0
81143, 0
81148, 0
81151, 0
81155, 0
81169, 0
81174, 0
81177, 0
81180, 45191
81192, 0
81206, 0
81216, 0
81220, 0
81224, 0
81229, 0
81243, 0
81250, 0
81258, 0
81262, 0
81263, 0
81273, 0
81285, 0
81287, 0
81290, 0
81293, 45313
81305, 0
81307, 0
81309, 0
81311, 0
81313, 0
81319, 0
81320, 0
81332, 0
81335, 90385
81349, 180782
81354, 0
81366, 0
81368, 0
81373, 0
81400, 0
81401, 0
81409, 0
81412, 0
81414, 0
81415, 0
81420, 0
81421, 0
81429, 0
81443, 0
81448, 0
81462, 0
81468, 0
81477, 0
81483, 0
81488, 205478
81489, 0
81490, 0
81494, 0
81508, 90453
81520, 0
81527, 0
81528, 0
81529, 90441
81530, 0
81544, 0
81562, 0
81567, 0
81573, 0
81577, 0
81583, 45229
81587, 45289
81601, 0
81605, 0
81607, 0
81613, 0
81621, 0
81626, 0
81629, 0
81632, 0
81633, 0
81636, 0
81639, 0
81645, 0
81649, 0
81677, 0
81698, 0
81703, 0
81709, 0
81710, 0
81738, 0
81745, 0
81746, 0
81758, 0
81760, 0
81776, 0
81784, 0
81786, 0
81803, 0
81811, 0
81815, 0
81819, 0
81828, 0
81835, 0
81838, 0
81841, 0
81847, 0
81854, 0
81856, 0
81857, 0
81860, 0
81883, 0
81895, 0
81899, 0
81900, 0
81901, 0
81903, 0
81917, 0
81920, 45245
81925, 45240
81927, 0
81928, 0
81934, 0
81936, 45232
81948, 45239
81970, 0
81978, 0
81986, 0
81988, 0
81998, 0
81999, 0
82006, 0
82010, 45240
82019, 0
82020, 0
82032, 0
82037, 0
82041, 0
82042, 0
82045, 0
82048, 0
82056, 0
82057, 0
82059, 0
82067, 179480
82084, 0
82095, 45244
82096, 0
82102, 0
82104, 0
82111, 0
82116, 0
82122, 45257
82132, 0
82143, 45240
82162, 45249
82166, 0
82171, 0
82173, 0
82176, 0
82179, 0
82181, 0
82192, 45250
82193, 0
82194, 0
82197, 90506
82201, 0
82207, 0
82209, 0
82218, 0
82229, 90521
82230, 0
82233, 0
82243, 0
82245, 0
82270, 0
82273, 0
82276, 0
82283, 0
82298, 0
82303, 0
82307, 0
82318, 0
82320, 0
82323, 0
82328, 0
82330, 0
82331, 0
82336, 0
82338, 0
82343, 0
82358, 0
82367, 0
82370, 0
82376, 0
82377, 0
82390, 0
82408, 0
82414, 0
82420, 0
82426, 0
82434, 0
82435, 0
82436, 0
82439, 0
82441, 0
82443, 0
82450, 0
82484, 0
82491, 0
82497, 0
82500, 0
82504, 0
82505, 0
82510, 90525
82520, 0
82522, 0
82533, 0
82538, 0
82544, 0
82546, 0
82560, 0
82561, 0
82566, 0
82568, 403049
82572, 0
82573, 0
82582, 0
82583, 0
82584, 0
82588, 0
82595, 0
82599, 0
82616, 0
82627, 0
82634, 0
82637, 0
82645, 0
82649, 0
82650, 0
82659, 0
82664, 0
82666, 0
82672, 0
82674, 45285
82685, 45288
82691, 0
82695, 0
82698, 0
82704, 0
82709, 0
82713, 0
82719, 0
82724, 0
82725, 0
82735, 0
82739, 0
82741, 0
82742, 0
82756, 0
82759, 45278
82765, 0
82766, 0
82782, 0
82786, 0
82800, 0
82801, 0
82802, 0
82814, 0
82816, 0
82821, 0
82828, 0
82829, 0
82830, 0
82840, 45290
82843, 0
82845, 0
82851, 0
82852, 0
82861, 0
82869, 0
82880, 0
82884, 0
82886, 45294
82904, 0
82914, 0
82925, 0
82928, 0
82929, 0
82930, 0
82938, 0
82947, 0
82951, 0
82959, 0
82966, 0
82974, 0
82976, 0
82978, 0
82990, 0
82998, 0
83008, 0
83013, 0
83014, 0
83017, 0
83022, 0
83025, 0
83033, 0
83036, 0
83038, 0
83045, 0
83050, 0
83060, 0
83081, 0
83098, 0
83122, 0
83134, 45315
83138, 45297
83140, 0
83141, 0
83151, 0
83154, 0
83161, 0
83174, 0
83179, 0
83180, 0
83183, 0
83186, 0
83189, 0
83191, 0
83206, 0
83211, 45300
83212, 0
83215, 0
83225, 0
83234, 0
83236, 90622
83244, 0
83246, 0
83253, 0
83260, 0
83267, 0
83272, 0
83292, 0
83295, 0
83300, 0
83320, 0
83341, 0
83361, 0
83362, 0
83366, 0
83371, 0
83374, 0
83375, 0
83377, 0
83382, 45316
83385, 0
83386, 0
83389, 0
83392, 0
83409, 0
83428, 0
83446, 0
83457, 0
83458, 0
83480, 0
83484, 0
83501, 0
83515, 45321
83518, 0
83519, 45322
83524, 0
83554, 0
83561, 0
83571, 0
83579, 0
83581, 0
83593, 0
83598, 135977
83608, 0
83622, 0
83625, 0
83633, 0
83640, 0
83645, 66853
83661, 0
83662, 0
83670, 0
83671, 0
83673, 0
83681, 0
83694, 0
83742, 0
83743, 0
83778, 0
83783, 0
83786, 0
83812, 0
83832, 45334
83833, 0
83835, 0
83838, 0
83845, 0
83849, 0
83857, 0
83860, 0
83880, 181365
83883, 0
83898, 0
83901, 0
83929, 0
83939, 0
83947, 0
83948, 0
83955, 0
83957, 0
83962, 0
83967, 0
83971, 0
83972, 0
83983, 0
83984, 0
83994, 0
83997, 0
83999, 45338
84000, 0
84004, 0
84008, 0
84012, 0
84018, 0
84022, 45346
84027, 0
84033, 45347
84040, 0
84044, 0
84062, 0
84065, 0
84068, 0
84088, 0
84089, 0
84090, 0
84093, 0
84098, 0
84114, 0
84120, 181665
84128, 0
84137, 0
84142, 0
84144, 0
84149, 0
84152, 0
84154, 0
84169, 0
84172, 0
84175, 0
84176, 0
84179, 0
84182, 0
84208, 0
84210, 0
84216, 0
84225, 0
84230, 0
84240, 0
84243, 0
84245, 0
84249, 0
84259, 0
84272, 0
84274, 0
84277, 0
84288, 0
84289, 0
84292, 0
84295, 0
84296, 0
84306, 0
84311, 0
84339, 0
84349, 0
84351, 0
84353, 0
84354, 0
84365, 0
84370, 0
84371, 0
84385, 0
84389, 0
84390, 136081
84393, 45353
84401, 0
84404, 0
84415, 45354
84419, 0
84421, 0
84430, 45360
84431, 136068
84433, 0
84434, 0
84439, 0
84473, 0
84475, 45358
84477, 0
84490, 0
84494, 0
84499, 0
84500, 0
84514, 0
84520, 0
84521, 0
84526, 0
84528, 0
84530, 0
84543, 0
84549, 0
84556, 0
84557, 0
84558, 0
84560, 0
84563, 45384
84568, 0
84572, 0
84592, 0
84604, 0
84608, 0
84616, 0
84637, 0
84644, 0
84656, 0
84664, 90754
84670, 0
84677, 0
84700, 0
84711, 0
84712, 0
84714, 0
84729, 0
84747, 0
84752, 0
84759, 45398
84768, 0
84772, 90801
84788, 0
84804, 45402
84813, 0
84820, 0
84833, 0
84834, 0
84837, 0
84840, 0
84846, 45450
84847, 0
84849, 0
84867, 0
84872, 0
84874, 0
84881, 0
84885, 0
84896, 0
84911, 0
84914, 0
84919, 0
84950, 0
84952, 0
84955, 0
84961, 0
84966, 0
84989, 0
84990, 0
85011, 0
85019, 0
85020, 0
85022, 0
85036, 0
85042, 0
85045, 0
85047, 45406
85059, 0
85073, 0
85093, 0
85099, 0
85122, 0
85130, 0
85136, 0
85140, 0
85143, 0
85160, 0
85168, 0
85170, 0
85180, 90817
85181, 0
85182, 0
85187, 0
85198, 0
85202, 0
85211, 45435
85212, 0
85220, 0
85222, 0
85239, 0
85242, 0
85244, 0
85258, 90857
85259, 45410
85277, 0
85281, 0
85288, 0
85294, 0
85295, 0
85303, 0
85322, 0
85325, 0
85329, 0
85334, 0
85348, 0
85355, 0
85361, 45412
85365, 0
85369, 0
85372, 0
85379, 0
85386, 0
85395, 0
85402, 0
85403, 0
85406, 0
85411, 0
85422, 0
85427, 0
85428, 0
85435, 0
85455, 0
85461, 0
85466, 0
85471, 0
85489, 0
85500, 0
85509, 0
85529, 0
85531, 0
85533, 0
85535, 45423
85537, 0
85539, 0
85550, 0
85554, 0
85560, 0
85570, 0
85578, 28306
85579, 0
85586, 0
85592, 0
85593, 0
85594, 0
85599, 0
85606, 0
85608, 0
85610, 0
85613, 0
85616, 45432
85651, 0
85652, 0
85659, 0
85681, 0
85682, 0
85707, 0
85711, 45435
85758, 0
85761, 0
85776, 0
85783, 45434
85784, 0
85789, 0
85801, 0
85804, 0
85818, 0
85834, 0
85835, 0
85847, 0
85860, 0
85877, 0
85895, 0
85913, 0
85918, 0
85929, 0
85932, 0
85934, 0
85969, 0
85970, 0
85979, 0
85988, 0
85989, 0
85994, 0
86008, 0
86023, 0
86033, 0
86059, 45437
86066, 0
86070, 0
86078, 45440
86082, 0
86093, 0
86100, 0
86112, 0
86121, 0
86131, 0
86136, 0
86142, 0
86150, 0
86159, 0
86166, 0
86167, 0
86172, 0
86176, 0
86184, 0
86235, 0
86258, 0
86270, 0
86273, 0
86277, 0
86283, 0
86285, 0
86307, 0
86309, 0
86315, 45446
86318, 0
86321, 0
86326, 0
86355, 0
86358, 0
86386, 0
86391, 0
86393, 0
86397, 45449
86401, 0
86409, 0
86413, 0
86429, 0
86432, 0
86452, 0
86463, 0
86465, 0
86484, 0
86489, 0
86491, 0
86500, 45447
86505, 0
86507, 0
86511, 0
86514, 0
86516, 0
86526, 45448
86541, 0
86544, 0
86549, 45451
86557, 0
86561, 0
86573, 0
86577, 0
86581, 0
86596, 0
86616, 0
86625, 0
86626, 0
86647, 0
86649, 0
86657, 0
86661, 0
87669, 0
87677, 0
87680, 0
87684, 0
87688, 0
87711, 0
87712, 0
87737, 0
87754, 0
87773, 0
87775, 0
87777, 0
87778, 0
87779, 578659
87782, 0
87794, 0
87803, 0
87808, 0
87815, 0
87821, 0
87844, 0
87846, 0
87858, 0
87862, 0
87868, 0
87870, 0
87885, 0
87889, 0
87890, 0
87902, 0
87904, 0
87907, 0
87910, 0
87911, 0
87913, 0
87940, 0
87950, 0
87953, 0
87966, 0
87969, 0
87973, 0
87981, 0
87983, 0
87994, 45486
87998, 0
88007, 0
88009, 0
88017, 0
88026, 0
88029, 0
88033, 0
88048, 0
88055, 0
88056, 0
88064, 0
88073, 0
88103, 0
88104, 0
88111, 0
88117, 0
88129, 0
88133, 0
88134, 0
88148, 0
88153, 0
88160, 0
88163, 0
88164, 45491
88166, 0
88173, 0
88183, 0
88188, 0
88196, 0
88203, 0
88205, 0
88210, 0
88213, 0
88215, 0
88227, 45489
88234, 0
88268, 0
88277, 0
88282, 0
88291, 0
88308, 0
88337, 0
88352, 0
88355, 0
88356, 0
88358, 0
88367, 0
88385, 0
88406, 0
88407, 0
88425, 0
88427, 0
88440, 0
88484, 0
88489, 0
88496, 0
88499, 0
88505, 0
88511, 0
88516, 0
88543, 0
88565, 0
88568, 0
88573, 0
88576, 0

run time: 0.50s (00:48:11)
