Temporalmotifs. build: 00:48:19, Apr 20 2018. Time: 00:48:33 [Apr 19 2018]
==========================================================================
usage: temporalmotifsmain
   -i:Input directed temporal graph file (default:'data/tp3/sx-mathoverflow-c2q-tp3.txt')
   -o:Output file in which to write counts (default:'temporal-motif-c2q-tp3.txt')
   -delta:Time window delta (default:1.32188e+09)
   -nt:Number of threads for parallelization (default:4)
1, 0
2, 521625
3, 876282
4, 0
7, 1825411
11, 0
22, 28304643
25, 0
27, 0
32, 0
40, 0
44, 457743
45, 1218027
49, 82608561
66, 16526083
75, 116506556
78, 115236528
83, 75
85, 0
88, 0
91, 0
93, 0
100, 2144704
102, 405192
107, 0
110, 2
111, 0
121, 88754297
126, 0
136, 0
143, 0
175, 0
184, 57313833
187, 0
238, 3087823
239, 0
250, 22
259, 3
271, 0
284, 1184784
288, 3
290, 693901689
293, 0
297, 250687687
300, 1603350
302, 0
303, 462576
317, 14161789
318, 172
321, 518994
327, 2211664
333, 0
342, 0
344, 8901493
348, 0
349, 4848748
351, 438148
353, 14651185
360, 45904979
362, 4
367, 0
370, 651040
373, 0
381, 18387584
382, 0
385, 5532590
386, 0
391, 163030060
394, 7944718
396, 488987
398, 12669616
401, 6
402, 38116104
404, 0
405, 2602238
406, 1825510
416, 1012860
422, 0
424, 256287
425, 57
428, 0
429, 0
431, 1084880
437, 1906148
438, 664067
439, 0
440, 1380874
447, 1077463
448, 0
450, 8902089
451, 845915
454, 64122055
458, 0
460, 0
461, 8
467, 673660
468, 2661059
469, 0
473, 0
477, 3
492, 0
498, 0
519, 21463416
532, 21
577, 0
580, 0
582, 207
586, 3217838
587, 649629
602, 519701
605, 0
613, 69937332
622, 4
630, 5563362
634, 0
644, 10685370
651, 373866
658, 3
668, 8
683, 519740
703, 0
709, 0
712, 0
717, 0
728, 0
732, 0
733, 2508508
745, 1020553
750, 2
763, 290799796
766, 119360902
778, 6070438
785, 0
791, 0
792, 0
797, 0
798, 3828432
799, 3868840
801, 22530306
802, 0
806, 28840690
807, 0
812, 0
813, 0
824, 325035
828, 0
836, 0
840, 0
848, 353719
856, 1033013
874, 0
881, 0
889, 119842
892, 667613
908, 3
913, 0
919, 3936572
922, 675087
924, 0
934, 46808027
935, 482740
947, 100
949, 0
955, 49249818
956, 12
960, 0
970, 637629
972, 9
1004, 1
1015, 811985
1017, 100
1020, 0
1040, 0
1044, 338092
1046, 536409
1047, 0
1048, 8435722
1049, 457742
1050, 5632329
1052, 0
1056, 342619851
1058, 687184
1061, 27
1073, 656625
1074, 0
1075, 0
1079, 0
1084, 0
1094, 338257
1096, 418121
1098, 0
1100, 1029581
1106, 19311299
1107, 0
1114, 406895
1121, 478755
1123, 0
1125, 0
1131, 32378608
1143, 0
1148, 0
1149, 119437
1162, 1310997
1165, 0
1167, 4
1171, 0
1172, 0
1176, 47252968
1181, 0
1184, 0
1190, 3
1197, 0
1198, 0
1199, 552421
1202, 0
1220, 673670
1223, 4
1227, 648789
1229, 1
1231, 0
1233, 18
1234, 0
1243, 0
1245, 5121647
1246, 0
1261, 6317090
1266, 1733269
1281, 0
1291, 369276
1302, 0
1305, 671740
1306, 17492394
1310, 49267261
1328, 30
1340, 0
1345, 47038809
1353, 5
1355, 4481211
1358, 134404390
1384, 22
1392, 0
1409, 46105631
1437, 3458556
1441, 34308793
1445, 47
1446, 0
1447, 0
1450, 1490993
1459, 8112095
1463, 55901917
1464, 745321
1465, 116307899
1474, 3
1481, 112175
1483, 0
1492, 17724396
1508, 2506117
1516, 519554
1521, 0
1528, 0
1532, 15443550
1536, 2686460
1537, 2671562
1540, 3571581
1547, 0
1556, 0
1557, 387673
1566, 0
1568, 514066
1573, 37237942
1579, 0
1587, 403640
1590, 0
1592, 0
1593, 1078469
1610, 675148
1622, 0
1646, 0
1648, 0
1649, 0
1650, 6653684
1651, 0
1657, 0
1674, 0
1680, 2
1682, 21115514
1688, 41846259
1698, 536302
1703, 7161312
1708, 0
1715, 0
1716, 0
1729, 0
1737, 8514032
1759, 500132
1770, 0
1778, 0
1797, 0
1811, 25
1816, 0
1822, 0
1826, 6434845
1832, 0
1837, 0
1840, 19455964
1841, 3337627
1847, 22367900
1849, 0
1851, 0
1874, 375167
1898, 21486656
1902, 0
1907, 462467
1916, 4157130
1939, 369806
1946, 279088821
1948, 0
1956, 0
1966, 1395089
1969, 1
1977, 0
1988, 698251
2000, 65497094
2004, 0
2011, 0
2014, 0
2024, 6788362
2028, 0
2036, 0
2039, 18307902
2042, 1654755
2051, 42432197
2052, 0
2056, 52
2060, 543134
2082, 6596673
2083, 1077611
2085, 0
2095, 4317390
2097, 0
2106, 9
2123, 0
2126, 462581
2147, 0
2149, 0
2158, 0
2160, 0
2162, 0
2165, 0
2177, 0
2181, 0
2183, 0
2189, 0
2191, 61186364
2192, 56
2196, 2
2201, 0
2206, 0
2209, 3978527
2233, 7683735
2234, 3126682
2258, 0
2266, 0
2273, 32191331
2284, 5185757
2290, 60002194
2294, 0
2305, 0
2306, 0
2308, 0
2310, 0
2312, 1029819
2349, 0
2356, 0
2361, 0
2362, 45405368
2363, 12168606
2381, 0
2383, 22784230
2384, 53396773
2386, 521658
2415, 35705171
2416, 0
2436, 0
2454, 0
2467, 4
2480, 17856415
2481, 23433951
2497, 0
2498, 0
2502, 683284
2503, 53454468
2508, 1
2510, 0
2525, 0
2530, 115493064
2533, 0
2536, 0
2544, 0
2554, 31725071
2555, 0
2570, 0
2575, 11087106
2578, 488557
2579, 0
2586, 645809
2597, 1
2612, 519609
2614, 0
2615, 0
2622, 24864227
2623, 0
2627, 27
2628, 9
2631, 0
2641, 645824
2642, 238
2653, 680438
2655, 0
2660, 6
2664, 4676379
2666, 3949115
2669, 2094821
2672, 2260678
2678, 0
2689, 55435112
2692, 1
2698, 0
2701, 1
2702, 0
2705, 0
2720, 405872
2727, 666277
2733, 17308422
2738, 0
2757, 3267391
2784, 0
2805, 0
2807, 67673853
2811, 11878672
2819, 0
2821, 1908538
2823, 0
2836, 0
2837, 0
2841, 131930572
2865, 0
2868, 456561
2873, 0
2874, 1
2893, 43681463
2900, 171322
2901, 0
2903, 0
2906, 0
2926, 352849567
2937, 993881
2954, 89816426
2968, 0
2985, 1738666
3000, 12
3005, 0
3011, 0
3020, 0
3027, 0
3032, 4279023
3040, 0
3041, 26191373
3049, 0
3065, 0
3075, 33644917
3077, 1349091
3092, 552526
3106, 142221521
3118, 10
3121, 675498
3124, 875801
3132, 1541087
3142, 0
3149, 0
3172, 693536
3193, 0
3199, 54856385
3206, 101203402
3208, 484855
3272, 100581173
3280, 0
3290, 0
3291, 0
3315, 1
3324, 50186944
3333, 0
3356, 2
3365, 0
3377, 20995917
3380, 0
3382, 0
3384, 0
3394, 0
3396, 1
3400, 1552420
3402, 37774925
3407, 0
3409, 6710183
3460, 948258
3461, 4
3462, 957465
3465, 0
3473, 469249
3475, 0
3487, 0
3502, 9
3503, 18136108
3513, 0
3521, 9198553
3525, 0
3544, 6
3545, 7893524
3546, 0
3554, 0
3593, 553307
3603, 374274
3615, 3
3621, 31130977
3623, 385901
3627, 0
3634, 12621309
3635, 4220150
3651, 2445792
3659, 10
3669, 0
3676, 0
3680, 16
3684, 363593447
3698, 0
3709, 667567
3710, 5
3711, 11556186
3736, 2
3753, 2894145
3755, 0
3759, 0
3787, 6
3803, 4912697
3811, 0
3816, 1951038
3822, 675942
3824, 4029926
3832, 0
3837, 0
3847, 13765443
3848, 3318112
3849, 0
3859, 10741294
3891, 5731322
3897, 12
3901, 23036084
3902, 1215674
3903, 0
3919, 0
3922, 697205
3928, 5
3931, 1
3937, 0
3948, 33116697
3958, 0
3959, 18778573
3960, 0
3969, 10090064
3970, 7014583
3993, 6341837
3995, 2331512
3996, 2023554
4000, 0
4002, 7257692
4011, 0
4037, 2
4040, 10016102
4042, 1829028
4048, 0
4053, 21884108
4054, 857203
4061, 0
4069, 418
4085, 0
4086, 664111
4096, 3100406
4111, 0
4118, 0
4129, 0
4137, 0
4140, 1938370
4144, 20380912
4149, 14915021
4155, 676140
4158, 1
4160, 0
4177, 297257104
4180, 0
4181, 6835537
4183, 0
4194, 1626742
4231, 129195770
4239, 0
4241, 691822
4246, 0
4249, 0
4252, 0
4262, 521633
4274, 0
4279, 0
4281, 1299433
4298, 1578343
4312, 299333890
4313, 0
4324, 683034
4325, 0
4333, 14329162
4336, 8079645
4345, 0
4351, 2445591
4354, 412214
4359, 12
4361, 0
4362, 93949601
4366, 12189138
4398, 1
4408, 1820467
4416, 0
4419, 0
4422, 0
4423, 28389038
4428, 18364546
4433, 924996
4435, 0
4446, 0
4463, 12511340
4477, 6360638
4486, 967187
4497, 1935435
4500, 1637075
4504, 1210922
4519, 459724
4528, 37096284
4542, 2
4556, 40912252
4558, 21
4572, 12
4580, 0
4600, 37460985
4614, 13368063
4619, 3645355
4621, 0
4622, 600
4639, 33780633
4649, 7906025
4654, 0
4659, 0
4661, 0
4677, 0
4685, 552533
4690, 4
4692, 4231839
4696, 1377644
4698, 0
4701, 342595
4706, 0
4707, 2436803
4709, 547676
4710, 0
4720, 973989
4721, 51155967
4745, 2900551
4753, 2082446
4758, 0
4760, 648788
4767, 6740686
4780, 0
4783, 0
4789, 421745
4790, 0
4794, 647819
4800, 0
4807, 2524611
4814, 1558644
4832, 141162655
4842, 2
4854, 1963249
4872, 0
4896, 1
4910, 0
4923, 4200493
4925, 0
4953, 1330943
4959, 0
4960, 0
4961, 31305089
4971, 0
4987, 5853772
4991, 0
5000, 0
5002, 462483
5010, 32282148
5015, 2569076
5017, 6
5018, 2099030
5031, 676130
5034, 18569085
5043, 552533
5045, 0
5048, 0
5081, 2192510
5082, 167299
5090, 0
5091, 29632202
5093, 3
5094, 2202985
5098, 0
5100, 4327519
5101, 78269734
5107, 0
5122, 0
5124, 0
5142, 1
5144, 0
5152, 356864
5181, 10761507
5184, 0
5197, 0
5199, 0
5200, 0
5203, 0
5210, 0
5223, 0
5229, 0
5239, 5664573
5251, 0
5259, 8479544
5263, 459616
5274, 13
5279, 5661677
5281, 698224
5292, 1
5301, 3035434
5309, 676193
5312, 0
5316, 0
5323, 487981
5328, 1
5340, 934029
5360, 0
5365, 0
5373, 741820
5399, 6
5407, 555200
5420, 4
5429, 2
5442, 1529346
5482, 0
5484, 0
5486, 0
5495, 6
5496, 8
5498, 114
5506, 0
5513, 747423
5516, 2604388
5519, 3
5534, 4
5567, 0
5575, 675620
5583, 1196661
5584, 0
5585, 68
5587, 268785
5621, 1339731
5627, 1
5641, 0
5656, 45
5659, 42
5678, 0
5690, 111310956
5697, 405274
5701, 171268
5708, 0
5709, 39127
5710, 0
5712, 46104112
5714, 0
5734, 0
5736, 0
5737, 0
5740, 114372
5743, 33
5751, 6
5753, 0
5756, 0
5762, 0
5775, 8
5784, 1851177
5789, 0
5792, 0
5794, 4
5801, 4
5810, 21989290
5831, 520760
5849, 0
5869, 461382
5896, 0
5917, 5074885
5937, 974723
5963, 2418221
5970, 0
5984, 3071081
5993, 3
6003, 0
6005, 0
6015, 8
6027, 0
6030, 0
6032, 2248857
6040, 0
6043, 24608278
6059, 2361650
6066, 2
6079, 0
6084, 1371541
6085, 57445736
6094, 687604127
6096, 0
6101, 84213023
6104, 2981870
6107, 0
6121, 0
6129, 10505533
6131, 1
6133, 0
6153, 16
6154, 0
6183, 0
6187, 0
6205, 869397
6206, 418170
6209, 0
6214, 242554
6223, 434658
6249, 13386999
6262, 9987505
6263, 543141
6269, 2302552
6278, 970004
6307, 0
6316, 11991376
6319, 692466
6322, 0
6325, 58619
6339, 1
6342, 0
6345, 0
6348, 0
6355, 2
6357, 0
6360, 0
6395, 0
6415, 0
6439, 0
6451, 927592
6460, 229
6481, 1342124
6484, 0
6494, 36
6495, 0
6496, 8
6503, 0
6506, 3332825
6514, 243693
6515, 0
6517, 3
6518, 15706476
6521, 0
6527, 0
6531, 0
6545, 8
6566, 691496
6574, 0
6575, 0
6579, 0
6618, 400976
6619, 0
6628, 0
6634, 2
6646, 137
6647, 552503
6649, 0
6666, 19275508
6671, 5539283
6699, 0
6716, 0
6728, 0
6751, 1
6756, 5119475
6761, 0
6771, 0
6772, 0
6776, 1
6779, 875864
6781, 0
6793, 0
6794, 54495078
6797, 0
6801, 0
6818, 17226960
6827, 1332704
6842, 0
6849, 0
6854, 0
6856, 487592
6858, 3
6872, 10
6903, 0
6936, 24071052
6942, 13
6948, 0
6950, 22063081
6953, 0
6972, 0
6976, 6
6986, 2876326
6989, 4
6996, 1
6998, 0
6999, 284
7020, 0
7030, 0
7031, 14490567
7048, 0
7060, 497274
7063, 14
7076, 16069201
7079, 0
7089, 4546765
7092, 22918186
7108, 13292355
7140, 0
7144, 0
7148, 0
7150, 2028325
7168, 0
7183, 0
7206, 234871011
7227, 70
7252, 2210077
7265, 0
7269, 0
7294, 1481347
7302, 0
7303, 0
7307, 92174
7310, 0
7311, 6
7320, 0
7324, 0
7333, 649217
7341, 6961812
7360, 36
7368, 1042014
7378, 649894
7386, 0
7392, 0
7399, 2
7402, 1700615
7408, 0
7409, 0
7410, 2955360
7420, 0
7422, 0
7434, 1
7437, 0
7443, 2366276
7458, 1008948
7460, 40571499
7482, 0
7494, 0
7499, 666347
7507, 2924086
7519, 12
7521, 6
7538, 0
7576, 506349
7580, 0
7591, 6197567
7606, 0
7631, 4293215
7644, 1477149
7646, 3
7655, 0
7666, 27795765
7667, 0
7687, 1384002
7691, 0
7699, 0
7709, 3313746
7710, 2382692
7717, 1338859
7721, 1942886
7732, 25
7742, 2
7743, 232593
7762, 3086056
7763, 0
7780, 12046440
7813, 0
7839, 0
7845, 521924
7867, 0
7868, 377
7878, 542566
7894, 12
7917, 0
7931, 0
7932, 1237656
7935, 37
7949, 0
7952, 36798976
7956, 0
7967, 0
8003, 8
8008, 20504298
8012, 3997797
8032, 2652312
8041, 1328658
8047, 0
8065, 1
8066, 0
8080, 0
8084, 0
8103, 47483170
8106, 6015590
8112, 6
8131, 8828821
8133, 247780239
8134, 0
8138, 0
8140, 0
8146, 56
8157, 2092514
8176, 20588946
8187, 0
8193, 0
8196, 0
8201, 0
8217, 0
8239, 0
8250, 4136658
8252, 0
8297, 0
8320, 4102240
8337, 0
8338, 434687
8345, 869356
8369, 1209110
8373, 0
8381, 994074
8385, 336725792
8410, 0
8419, 11511686
8430, 93832195
8435, 5936341
8446, 0
8460, 0
8479, 0
8506, 0
8508, 403721
8520, 0
8526, 0
8528, 0
8536, 0
8542, 0
8588, 2075771
8612, 0
8618, 0
8621, 0
8624, 0
8628, 285090997
8639, 693741
8652, 0
8670, 0
8674, 0
8680, 0
8684, 0
8699, 1084904
8701, 0
8719, 0
8720, 0
8725, 2089168
8737, 514591
8751, 417844
8755, 0
8769, 2075743
8784, 8421201
8799, 90418587
8809, 0
8811, 0
8818, 0
8824, 0
8833, 0
8842, 0
8846, 0
8855, 0
8857, 10037283
8875, 697179
8887, 3675660
8899, 0
8922, 1658956
8929, 0
8933, 0
8938, 466974
8955, 0
8966, 0
8991, 0
9022, 0
9025, 113113211
9035, 0
9062, 0
9068, 1074920
9072, 125775195
9091, 1387208
9093, 875779
9096, 0
9114, 0
9118, 0
9136, 0
9139, 0
9144, 644706
9161, 1958148
9163, 0
9187, 369006
9189, 0
9211, 297274
9232, 11479322
9253, 1304016
9269, 6229761
9300, 1659354
9304, 0
9305, 3331897
9310, 0
9317, 30176306
9322, 0
9344, 0
9345, 0
9401, 4560585
9417, 3670459
9422, 0
9430, 0
9449, 2345233
9471, 0
9481, 0
9485, 12133791
9492, 0
9502, 5856199
9534, 0
9542, 1396180
9550, 7483224
9581, 0
9584, 0
9617, 959023
9652, 32817527
9658, 0
9668, 0
9672, 1114199
9684, 0
9694, 329759
9706, 0
9736, 692918
9762, 523047
9809, 0
9825, 0
9833, 10477089
9836, 2579052
9840, 0
9871, 0
9878, 0
9896, 5729585
9915, 0
9924, 45991822
9928, 6899459
9935, 0
9944, 0
9946, 0
9947, 9811247
10001, 0
10007, 11090859
10019, 0
10024, 0
10034, 0
10035, 217784785
10059, 24891245
10072, 176488
10075, 0
10076, 2685800
10095, 0
10101, 0
10110, 3340417
10146, 0
10194, 0
10206, 0
10217, 0
10231, 0
10235, 0
10265, 1236619
10266, 10050572
10273, 26358536
10280, 0
10286, 2017128
10290, 3349748
10300, 0
10304, 0
10328, 0
10330, 0
10333, 3095476
10335, 0
10341, 5912600
10350, 0
10365, 14037435
10366, 69416292
10368, 3379630
10381, 0
10384, 0
10400, 3270291
10406, 0
10408, 0
10423, 1213450
10435, 0
10443, 0
10446, 7112601
10450, 0
10454, 1610530
10458, 0
10466, 0
10475, 836742
10481, 1289312
10482, 1302023
10503, 25465611
10518, 0
10526, 0
10543, 0
10547, 509353
10591, 4327469
10596, 0
10605, 18949208
10610, 696346
10626, 0
10646, 0
10668, 0
10670, 0
10671, 677666
10696, 14651647
10700, 0
10707, 2219800
10708, 0
10718, 2605460
10735, 237840
10744, 4053817
10747, 694164
10758, 694152
10774, 0
10828, 0
10834, 0
10839, 0
10846, 0
10847, 0
10854, 0
10858, 4686189
10867, 0
10875, 0
10881, 6146893
10893, 0
10898, 111222960
10903, 0
10909, 16174429
10918, 0
10923, 0
10926, 0
10929, 78782
10941, 0
10946, 0
10957, 0
10980, 3342897
11009, 0
11010, 0
11025, 2038606
11028, 0
11047, 0
11051, 837469
11054, 157280266
11056, 3225274
11061, 0
11072, 0
11081, 0
11084, 0
11100, 96111551
11115, 107338495
11124, 4849149
11134, 0
11142, 359958489
11143, 667436
11145, 54821959
11146, 0
11178, 2778729
11206, 0
11211, 2742997
11214, 0
11216, 0
11233, 2731880
11236, 0
11259, 0
11260, 54028122
11263, 536717
11286, 2196125
11290, 0
11300, 0
11317, 919292
11332, 0
11361, 0
11376, 0
11392, 0
11394, 938367
11395, 0
11398, 999121
11417, 3899869
11437, 1335352
11475, 0
11500, 0
11504, 16707269
11521, 3372714
11540, 22691036
11541, 0
11546, 55113088
11552, 0
11555, 0
11570, 0
11576, 0
11589, 0
11598, 509418
11599, 0
11618, 0
11632, 0
11640, 112747651
11647, 0
11661, 0
11674, 0
11682, 915693
11705, 1340208
11716, 0
11727, 0
11765, 8405404
11768, 998035
11781, 647577
11791, 0
11818, 0
11825, 1343390
11828, 0
11846, 0
11856, 0
11863, 1046298
11877, 7278741
11885, 0
11919, 97744470
11926, 45230636
11930, 0
11945, 0
11947, 0
11949, 0
11966, 9226097
11987, 0
12027, 0
12064, 0
12081, 0
12087, 483409
12088, 0
12107, 0
12108, 0
12120, 9763336
12126, 0
12138, 25019901
12156, 5679066
12166, 155867592
12170, 553573
12176, 6435419
12178, 11398813
12192, 0
12204, 1366840
12208, 0
12218, 0
12219, 0
12235, 0
12242, 0
12259, 3725023
12261, 0
12281, 0
12283, 693537
12289, 0
12301, 169207
12310, 26208041
12324, 682947
12325, 0
12337, 1519350
12341, 0
12349, 0
12357, 327551
12383, 0
12390, 0
12395, 4686323
12402, 1027617
12419, 462417
12473, 0
12481, 295403480
12482, 2761087
12484, 0
12487, 0
12489, 7203181
12498, 0
12518, 1293175
12547, 3087472
12565, 0
12577, 0
12586, 0
12604, 0
12610, 1011920
12643, 418692
12653, 0
12664, 0
12669, 2898782
12674, 2665126
12705, 191024132
12713, 0
12722, 0
12744, 0
12751, 0
12755, 0
12782, 0
12793, 0
12826, 0
12832, 0
12844, 399657
12858, 4343520
12878, 0
12884, 0
12898, 649634
12904, 0
12905, 6949836
12911, 0
12930, 0
12947, 0
12961, 0
12965, 0
12968, 0
12976, 2767704
12978, 14177565
13012, 0
13015, 0
13022, 0
13027, 0
13042, 0
13059, 0
13061, 536198
13070, 436346
13093, 2677555
13099, 0
13113, 34904993
13119, 23817246
13139, 465648
13158, 664925
13168, 683015
13215, 3670878
13216, 0
13244, 0
13251, 0
13265, 295143863
13268, 7557035
13278, 0
13288, 0
13302, 0
13315, 0
13356, 1476678
13360, 1791753
13381, 644516
13388, 1943025
13397, 0
13402, 650934
13431, 2004420
13439, 664298
13441, 5867314
13472, 0
13480, 17282906
13490, 0
13491, 680339
13500, 0
13514, 0
13525, 537712
13542, 0
13546, 0
13552, 5896045
13564, 651740
13583, 0
13625, 96297840
13641, 0
13643, 0
13647, 0
13650, 33712848
13653, 0
13694, 534501
13700, 0
13707, 0
13739, 0
13741, 0
13767, 20508699
13774, 0
13803, 0
13809, 0
13825, 0
13832, 0
13834, 0
13838, 0
13842, 0
13890, 0
13904, 19871493
13915, 677736
13917, 649717
13923, 513744
13935, 0
13972, 46319047
14024, 37863710
14037, 0
14044, 0
14079, 0
14094, 312948177
14098, 0
14105, 1110123
14111, 8850928
14114, 0
14120, 0
14143, 659351
14154, 669875
14166, 1654768
14181, 0
14226, 0
14230, 0
14233, 38379878
14246, 0
14251, 0
14257, 0
14286, 0
14289, 0
14302, 351833
14309, 0
14319, 9022021
14340, 4809884
14349, 0
14354, 0
14379, 0
14390, 1820400
14414, 7060719
14440, 0
14443, 671253
14447, 959381
14450, 128656004
14454, 3233350
14490, 0
14493, 0
14494, 0
14497, 9191932
14508, 473520
14510, 0
14514, 1919130
14515, 2096255
14527, 0
14547, 0
14549, 2603163
14551, 0
14555, 0
14556, 2079767
14566, 0
14581, 0
14626, 0
14644, 0
14660, 0
14663, 0
14672, 0
14688, 0
14702, 0
14725, 677768
14726, 1340405
14807, 0
14809, 0
14830, 97161439
14835, 5117297
14848, 0
14865, 0
14875, 669892
14901, 2371685
14910, 0
14915, 13147185
14969, 0
14974, 0
14980, 0
15002, 0
15008, 0
15020, 0
15046, 0
15054, 5931257
15072, 0
15092, 0
15124, 0
15129, 12618012
15132, 0
15155, 3492751
15161, 0
15192, 0
15197, 667908
15204, 0
15214, 0
15235, 0
15242, 28872382
15247, 0
15292, 0
15293, 4143196
15302, 0
15311, 0
15316, 0
15381, 422687
15388, 0
15424, 0
15455, 0
15482, 9088114
15488, 1122798
15503, 0
15505, 2076688
15506, 0
15516, 0
15517, 0
15540, 4110942
15551, 0
15570, 13535675
15575, 0
15597, 646589
15602, 0
15604, 652608
15606, 0
15629, 16930713
15650, 383251
15667, 0
15684, 0
15704, 0
15713, 0
15728, 0
15735, 24851134
15743, 2790289
15749, 0
15752, 0
15770, 5840083
15780, 3767142
15782, 1257013
15785, 0
15811, 0
15819, 434770
15833, 0
15856, 0
15860, 1086259
15884, 0
15887, 2397836
15899, 0
15915, 0
15933, 0
15934, 123968975
15946, 0
15980, 0
15981, 0
15987, 0
16002, 0
16007, 0
16023, 0
16040, 0
16044, 1479364
16046, 1025590
16049, 669402
16082, 0
16089, 0
16107, 1284933
16109, 0
16120, 0
16132, 0
16139, 0
16143, 0
16178, 0
16183, 64354357
16185, 0
16215, 604699
16246, 0
16302, 0
16321, 0
16323, 0
16326, 2098288
16343, 0
16389, 0
16409, 0
16419, 1387323
16447, 0
16486, 0
16496, 0
16507, 1202752
16510, 10821781
16518, 0
16525, 0
16530, 4734725
16533, 0
16537, 36616090
16545, 0
16546, 0
16554, 0
16557, 0
16559, 0
16591, 0
16615, 1012918
16623, 0
16639, 11279703
16645, 0
16654, 0
16659, 0
16671, 0
16678, 978038
16702, 37564627
16710, 0
16739, 0
16758, 243682
16762, 0
16766, 0
16785, 1463293
16793, 0
16839, 666071
16852, 4125849
16857, 0
16877, 0
16881, 0
16888, 2535549
16914, 0
16931, 0
16934, 345858
16939, 0
16943, 0
16959, 0
16979, 0
16981, 353664
16985, 0
17009, 0
17020, 1317882
17029, 338798
17047, 2233984
17064, 12296461
17073, 695921
17086, 0
17087, 0
17111, 0
17114, 536206
17118, 0
17121, 0
17164, 4284061
17169, 0
17188, 0
17218, 1986868
17243, 538588
17260, 297978
17261, 2092074
17263, 0
17267, 0
17294, 8507487
17308, 13859145
17348, 0
17353, 0
17380, 0
17386, 1814175
17408, 484168
17416, 0
17440, 3235143
17457, 0
17492, 0
17498, 0
17503, 405995
17506, 1934259
17508, 0
17509, 0
17515, 0
17532, 0
17546, 0
17559, 0
17565, 3067889
17581, 36880712
17589, 0
17592, 0
17599, 0
17602, 0
17629, 0
17637, 0
17644, 0
17653, 0
17671, 1099936
17697, 0
17734, 4046156
17773, 10184100
17778, 0
17787, 17056457
17827, 0
17835, 0
17836, 14514677
17845, 966685
17846, 0
17847, 0
17857, 0
17868, 0
17879, 0
17883, 0
17896, 166648
17901, 521627
17907, 11917274
17913, 0
17968, 0
17971, 0
17980, 12714993
17988, 8580544
18000, 0
18009, 0
18017, 4899944
18048, 0
18050, 0
18060, 219465503
18080, 0
18086, 13281815
18116, 1300605
18128, 5192186
18137, 0
18205, 0
18229, 385817
18238, 4181632
18261, 5851386
18263, 59549531
18269, 536401
18279, 868710
18286, 1280005
18337, 0
18338, 0
18355, 0
18376, 0
18403, 0
18406, 0
18420, 1384515
18447, 3326165
18474, 0
18496, 0
18503, 0
18512, 1639195
18516, 0
18526, 0
18571, 1300234
18583, 18656477
18595, 0
18598, 3836184
18606, 0
18628, 0
18659, 1360448
18662, 0
18698, 0
18702, 0
18705, 0
18739, 6213243
18744, 0
18756, 1822256
18785, 1659760
18801, 0
18812, 0
18827, 0
18850, 8185469
18868, 0
18889, 0
18908, 0
18910, 86409
18938, 0
18943, 42654858
18950, 0
18969, 0
18974, 2187814
18984, 0
19018, 0
19029, 1970894
19038, 0
19045, 4457022
19072, 0
19075, 23352804
19077, 0
19078, 1323680
19088, 647879
19113, 0
19158, 0
19172, 0
19186, 11035354
19189, 0
19205, 0
19243, 0
19252, 0
19276, 4743313
19282, 0
19325, 74213
19354, 0
19369, 0
19436, 0
19444, 0
19464, 0
19471, 0
19475, 7329622
19510, 0
19520, 0
19534, 0
19545, 116306
19593, 9130380
19607, 0
19623, 0
19651, 0
19725, 0
19729, 0
19732, 0
19778, 0
19783, 0
19801, 456384
19821, 0
19829, 0
19838, 0
19844, 3023066
19860, 459658
19864, 8512086
19874, 9715603
19877, 605376
19885, 8457296
19899, 0
19926, 1395592
19928, 0
19938, 0
19943, 509394
19949, 4007841
19956, 0
19965, 0
19980, 0
20026, 0
20031, 3256146
20033, 2033369
20052, 521629
20062, 0
20104, 0
20105, 0
20117, 0
20127, 0
20186, 25449558
20196, 0
20200, 0
20233, 7490043
20242, 0
20281, 731626
20282, 0
20300, 553893
20302, 58534155
20307, 0
20325, 0
20341, 2751685
20343, 3350365
20356, 0
20391, 1946230
20408, 2496783
20412, 0
20435, 0
20460, 1566768
20471, 0
20507, 0
20516, 0
20550, 0
20584, 0
20595, 36541248
20597, 61198089
20598, 5498783
20619, 0
20674, 0
20709, 0
20716, 0
20729, 0
20757, 465348
20764, 3225843
20781, 12981041
20782, 671063
20783, 0
20787, 24465181
20793, 10956378
20796, 0
20803, 2789891
20823, 0
20838, 1100608
20883, 6775184
20886, 0
20919, 0
20948, 673474
20994, 5671127
20995, 1029121
20999, 1360459
21007, 0
21014, 1700212
21028, 0
21029, 700800
21035, 0
21051, 42772410
21052, 0
21054, 0
21059, 1263106
21061, 0
21090, 0
21095, 12707906
21100, 0
21123, 13739837
21124, 0
21136, 0
21137, 0
21146, 10497945
21152, 1999125
21157, 0
21179, 0
21193, 0
21228, 0
21230, 4189403
21252, 0
21258, 549895
21265, 6606382
21271, 0
21278, 4689943
21291, 3199784
21326, 0
21337, 0
21339, 5121484
21349, 21455475
21369, 21087228
21374, 0
21375, 0
21399, 1548003
21462, 0
21482, 0
21491, 2453589
21519, 0
21562, 0
21564, 5729120
21566, 0
21574, 32537402
21575, 2016812
21580, 0
21596, 0
21615, 2072374
21620, 542463
21652, 0
21655, 680234
21684, 36322030
21688, 0
21690, 0
21694, 0
21697, 0
21698, 0
21700, 0
21724, 0
21753, 0
21778, 0
21795, 0
21800, 0
21815, 34724066
21816, 0
21823, 0
21857, 0
21864, 0
21870, 650786
21885, 0
21907, 16750522
21917, 0
21929, 692330
21956, 0
21965, 7071063
21985, 1145133
21992, 0
22002, 0
22019, 648749
22051, 80819863
22052, 1554412
22055, 457700
22064, 0
22065, 0
22069, 0
22079, 0
22094, 0
22095, 0
22131, 56231876
22139, 0
22156, 0
22157, 0
22173, 0
22180, 1462438
22191, 0
22197, 0
22238, 0
22253, 0
22271, 664994
22277, 66929051
22294, 0
22296, 0
22298, 659739
22332, 650497
22337, 0
22339, 547339
22377, 10486182
22379, 0
22384, 0
22388, 0
22389, 3134671
22431, 0
22447, 0
22491, 0
22500, 0
22516, 0
22536, 0
22569, 0
22590, 0
22599, 0
22606, 4367502
22608, 676369
22620, 697291
22635, 0
22709, 667562
22721, 2077950
22722, 0
22733, 682992
22748, 0
22751, 0
22757, 0
22758, 3317410
22763, 6476415
22781, 538731
22787, 0
22795, 0
22810, 6384011
22815, 1031770
22846, 2964780
22878, 11564530
22880, 0
22925, 0
22930, 846580
22954, 0
22967, 0
22971, 18595592
22989, 31626397
22991, 0
22998, 0
23008, 10810712
23064, 2062625
23077, 0
23078, 0
23141, 21453101
23179, 0
23193, 238242
23197, 0
23202, 2645552
23207, 0
23215, 0
23232, 0
23234, 0
23240, 1350214
23252, 0
23291, 5180452
23297, 924902
23310, 4066341
23317, 0
23346, 0
23355, 2140495
23388, 0
23444, 0
23476, 0
23501, 2483052
23507, 0
23519, 698063
23542, 647807
23546, 0
23571, 1047256
23572, 430272
23610, 0
23657, 0
23661, 3815419
23689, 0
23716, 0
23738, 0
23743, 0
23753, 0
23754, 694269
23758, 17134725
23772, 0
23796, 0
23827, 0
23829, 1108008
23835, 3225950
23850, 41910
23853, 0
23860, 2315257
23862, 2077634
23873, 0
23900, 0
23907, 2683815
23911, 0
23917, 0
23935, 0
23950, 2185351
23951, 5264987
23959, 255020
23964, 522307
23980, 390169
23987, 0
24014, 0
24021, 0
24041, 0
24060, 0
24076, 730955
24078, 43225110
24094, 2012062
24114, 0
24119, 0
24122, 0
24132, 0
24152, 0
24156, 0
24165, 4180732
24201, 0
24221, 325232
24226, 668334
24271, 0
24274, 4653119
24309, 6386881
24360, 0
24389, 666493
24407, 0
24417, 0
24421, 0
24451, 387186
24478, 2701035
24482, 0
24483, 0
24494, 3906347
24498, 965597
24525, 0
24528, 0
24541, 0
24562, 0
24563, 3235908
24580, 0
24586, 0
24611, 3196757
24669, 0
24676, 0
24681, 680235
24703, 1031915
24706, 18853790
24715, 0
24732, 506279
24757, 1453065
24792, 0
24798, 0
24815, 3301900
24854, 607839
24864, 0
24891, 2638755
24916, 12568139
24928, 0
24935, 0
24942, 1044635
24953, 4568240
24955, 0
24965, 19252533
24993, 0
25011, 2577879
25028, 50697567
25051, 0
25054, 536783
25091, 0
25097, 0
25104, 0
25121, 5996193
25122, 0
25123, 0
25139, 0
25145, 519389
25150, 0
25199, 9015461
25229, 0
25256, 6650119
25309, 5334635
25311, 4690330
25329, 647816
25355, 515736
25356, 1328157
25358, 3933522
25376, 0
25437, 3362187
25442, 0
25458, 0
25477, 2206561
25485, 5956080
25490, 824427
25494, 0
25505, 0
25510, 51952719
25511, 2671988
25516, 947188
25527, 0
25528, 0
25549, 0
25563, 237319
25576, 0
25590, 6317343
25602, 0
25642, 1554442
25643, 0
25674, 1396826
25684, 1306723
25687, 0
25692, 0
25700, 1110364
25735, 0
25743, 0
25757, 0
25762, 4157291
25854, 0
25863, 0
25883, 0
25887, 1095325
25905, 0
25947, 975949
25953, 0
25964, 0
25980, 0
25997, 0
26002, 0
26003, 0
26007, 0
26032, 0
26038, 0
26039, 22287580
26052, 0
26069, 0
26080, 54450876
26083, 0
26085, 0
26088, 0
26116, 0
26143, 0
26207, 0
26208, 434368
26218, 1657486
26223, 0
26238, 0
26250, 0
26282, 0
26288, 0
26302, 0
26310, 0
26319, 6554236
26349, 0
26380, 0
26415, 0
26437, 0
26470, 0
26474, 0
26486, 0
26522, 94768989
26536, 0
26538, 0
26579, 0
26591, 4895833
26608, 2288322
26631, 0
26635, 1753778
26659, 0
26674, 0
26700, 1491363
26705, 3312611
26710, 0
26737, 1012971
26751, 0
26762, 0
26766, 86093
26778, 0
26798, 0
26801, 649537
26809, 125642
26811, 374262
26815, 0
26823, 0
26832, 0
26834, 659500
26844, 0
26878, 0
26901, 0
26923, 0
26935, 1397377
26936, 0
26978, 0
27004, 140204
27013, 5260022
27028, 0
27034, 0
27040, 0
27047, 0
27066, 0
27069, 0
27073, 0
27086, 0
27111, 0
27121, 2007158
27129, 0
27164, 0
27188, 478873
27199, 0
27246, 0
27249, 386438
27304, 0
27328, 408446
27398, 15460168
27400, 644496
27405, 0
27433, 1641836
27453, 4438920
27456, 16829547
27459, 542643
27465, 0
27467, 14967857
27469, 0
27513, 0
27526, 536471
27566, 0
27626, 1936655
27712, 0
27735, 664302
27742, 6746381
27767, 0
27816, 13457431
27828, 4661943
27829, 0
27831, 0
27832, 0
27870, 4534926
27909, 0
27923, 1871812
27932, 0
27933, 729635
27959, 652426
27962, 1319743
27974, 4619897
27976, 543134
28011, 0
28033, 0
28037, 0
28082, 0
28104, 156879426
28128, 47271854
28143, 0
28145, 1494025
28151, 0
28159, 0
28161, 494349
28199, 0
28209, 0
29231, 5810849
29255, 0
29256, 0
29273, 0
29294, 0
29316, 8306005
29319, 0
29322, 0
29323, 0
29328, 421782
29330, 0
29333, 644637
29352, 0
29374, 0
29404, 0
29422, 357997
29423, 0
29444, 4544974
29445, 0
29491, 3751940
29500, 6756242
29510, 0
29546, 506454
29548, 0
29566, 290884
29611, 0
29625, 6096331
29685, 0
29689, 0
29697, 33497934
29730, 7580970
29738, 0
29747, 0
29783, 129856969
29818, 2025749
29850, 0
29853, 0
29873, 1853970
29887, 7490161
29916, 0
29928, 0
29961, 3914911
29973, 0
29979, 0
29992, 1389323
30062, 0
30081, 2891863
30104, 0
30115, 0
30147, 0
30158, 0
30172, 0
30186, 75636705
30196, 664058
30252, 0
30264, 2567594
30266, 484911
30267, 0
30285, 0
30352, 1043261
30363, 0
30366, 7296998
30375, 6477497
30390, 0
30395, 0
30410, 0
30412, 4517013
30419, 0
30462, 1979627
30491, 0
30500, 0
30510, 0
30516, 0
30520, 0
30521, 0
30530, 0
30537, 0
30582, 488708
30610, 0
30643, 0
30679, 0
30684, 482799
30685, 0
30691, 167245
30706, 0
30721, 0
30726, 3296030
30790, 244276
30800, 0
30827, 3559546
30836, 0
30853, 0
30860, 0
30881, 387182
30889, 0
30905, 0
30927, 0
30948, 0
30967, 0
30971, 512528
30999, 520812
31016, 0
31026, 0
31035, 24873502
31040, 0
31045, 13018171
31055, 1360807
31069, 0
31084, 1072374
31090, 0
31092, 0
31102, 515645
31117, 0
31134, 1339866
31151, 0
31179, 0
31233, 3914020
31261, 837069
31276, 0
31286, 0
31306, 666258
31308, 0
31310, 95979234
31317, 1313713
31324, 1347244
31327, 3769594
31338, 0
31346, 0
31356, 2300847
31371, 1314159
31429, 0
31434, 0
31437, 0
31441, 0
31446, 1384363
31451, 0
31469, 14175782
31472, 0
31475, 4050183
31476, 0
31524, 0
31548, 0
31603, 421890
31633, 0
31647, 1344140
31722, 0
31724, 5730392
31731, 0
31757, 0
31760, 0
31774, 0
31807, 6200055
31814, 1671168
31830, 0
31856, 0
31883, 3626864
31899, 0
32019, 674526
32022, 3060639
32026, 0
32036, 549056
32057, 0
32135, 0
32151, 42015
32178, 0
32197, 0
32210, 0
32216, 0
32259, 0
32261, 464512
32299, 0
32316, 0
32325, 0
32332, 3776453
32344, 594824
32355, 3341527
32389, 13633239
32436, 0
32453, 0
32460, 0
32464, 0
32467, 0
32470, 0
32507, 1335954
32587, 0
32591, 0
32592, 1332481
32608, 699768
32631, 2603943
32657, 1302266
32660, 1267266
32741, 912799
32746, 0
32769, 0
32803, 0
32817, 0
32828, 0
32831, 0
32851, 549960
32864, 0
32866, 0
32875, 0
32898, 1366904
32906, 0
32922, 676472
32961, 0
32968, 0
32972, 1034311
32985, 547098
33018, 14151748
33024, 0
33039, 19074845
33047, 3026020
33064, 2033125
33084, 694280
33088, 0
33121, 2773702
33122, 0
33128, 13931229
33135, 296058
33141, 694152
33171, 697835
33199, 0
33209, 418532
33232, 0
33286, 0
33290, 0
33301, 0
33322, 644788
33333, 0
33377, 0
33449, 0
33455, 0
33479, 0
33491, 0
33509, 0
33518, 0
33544, 2849873
33550, 0
33573, 0
33606, 0
33608, 0
33640, 0
33646, 2615911
33664, 0
33665, 543121
33672, 1844758
33699, 672289
33701, 0
33741, 11404689
33754, 0
33757, 1869512
33768, 0
33804, 425048
33820, 0
33841, 0
33842, 0
33849, 0
33854, 0
33891, 0
33900, 0
33906, 0
33927, 0
33950, 0
34007, 0
34047, 0
34050, 0
34063, 0
34072, 0
34082, 0
34096, 0
34106, 0
34140, 0
34149, 0
34151, 0
34180, 6166048
34186, 0
34217, 0
34256, 0
34259, 0
34309, 0
34312, 516647
34341, 0
34444, 668333
34445, 0
34448, 0
34461, 3331814
34464, 0
34483, 0
34490, 3385952
34501, 0
34515, 0
34518, 667972
34538, 149777858
34544, 0
34575, 3350959
34579, 0
34640, 5362549
34679, 0
34682, 0
34686, 0
34692, 0
34726, 0
34766, 1611605
34858, 0
34859, 386557
34884, 1027450
34919, 947070
34972, 0
34984, 0
35005, 0
35116, 0
35150, 0
35158, 1989204
35167, 0
35183, 0
35227, 0
35261, 0
35269, 2007270
35281, 0
35313, 0
35330, 0
35336, 607836
35344, 0
35349, 0
35353, 24685528
35357, 1463486
35360, 1392738
35370, 1423868
35394, 1328680
35397, 2089321
35410, 0
35416, 514593
35417, 0
35419, 3487724
35428, 0
35431, 0
35445, 1328710
35478, 813348
35480, 0
35482, 915290
35486, 0
35508, 0
35520, 5779023
35529, 6581495
35545, 0
35566, 0
35570, 0
35575, 647579
35587, 0
35593, 14327855
35603, 0
35615, 0
35626, 192862049
35660, 1023817
35673, 0
35683, 0
35687, 0
35702, 8108788
35706, 0
35714, 664331
35719, 0
35729, 0
35731, 2003663
35733, 0
35734, 1336543
35779, 0
35793, 0
35800, 0
35807, 511556
35808, 680567
35840, 59779106
35872, 0
35874, 0
35898, 0
35936, 8522200
35942, 0
35946, 0
35959, 5802597
35977, 649785
36014, 4122699
36016, 0
36035, 0
36060, 469180
36067, 12285096
36075, 0
36090, 0
36098, 0
36103, 1603632
36108, 0
36119, 413367
36133, 0
36145, 0
36146, 8498605
36148, 0
36150, 0
36155, 0
36164, 0
36173, 0
36185, 241130
36212, 4842530
36221, 0
36223, 0
36246, 0
36254, 0
36263, 0
36272, 550753
36282, 0
36302, 0
36310, 0
36339, 0
36340, 0
36350, 0
36356, 1679540
36367, 693736
36370, 0
36379, 0
36383, 0
36414, 0
36440, 0
36441, 0
36452, 0
36466, 0
36469, 354816
36477, 0
36497, 0
36502, 2078032
36517, 650936
36527, 0
36530, 0
36537, 0
36541, 0
36554, 42211609
36561, 0
36562, 0
36563, 4135603
36572, 1528212
36575, 374275
36579, 12274214
36580, 0
36586, 698154
36591, 2847667
36604, 484068
36611, 0
36622, 0
36625, 1526803
36672, 178352
36676, 0
36677, 0
36687, 418533
36688, 208410333
36690, 0
36696, 0
36697, 0
36707, 0
36720, 3248000
36721, 18053973
36731, 0
36735, 2426253
36758, 0
36779, 0
36799, 1145120
36805, 0
36814, 3861513
36826, 666349
36832, 0
36856, 663840
36857, 0
36862, 6659304
36867, 1541199
36871, 0
36878, 0
36883, 0
36886, 18252307
36889, 0
36904, 5338477
36922, 0
36924, 521608
36931, 10988683
36934, 0
36946, 661804
36950, 0
36958, 0
36961, 779223
36965, 0
36972, 504921
36974, 1070144
36977, 1524614
36985, 0
36987, 1663830
37002, 0
37003, 515738
37006, 0
37021, 414100
37026, 3359444
37039, 0
37059, 8270234
37072, 515571
37087, 0
37090, 0
37096, 425059
37103, 116804583
37110, 0
37118, 0
37119, 0
37126, 0
37144, 2590420
37159, 0
37179, 0
37202, 0
37211, 670177
37212, 0
37214, 3492455
37238, 1458349
37239, 0
37247, 0
37254, 0
37257, 0
37259, 0
37266, 335857
37302, 0
37336, 536097
37338, 434371
37339, 0
37352, 0
37353, 0
37354, 5801330
37366, 0
37370, 653352
37373, 0
37385, 30462279
37392, 824435
37432, 694672
37433, 0
37434, 0
37436, 667602
37452, 0
37503, 0
37537, 0
37553, 0
37555, 5081505
37580, 287542
37582, 0
37600, 0
37612, 0
37613, 8077238
37644, 2705008
37646, 636102
37657, 418672
37659, 0
37661, 0
37691, 0
37695, 0
37708, 0
37726, 0
37728, 0
37757, 1328085
37799, 0
37800, 0
37807, 0
37808, 994023
37813, 0
37822, 4018063
37840, 0
37841, 0
37843, 0
37850, 6842416
37854, 0
37855, 0
37861, 692863
37875, 0
37893, 0
37902, 692264
37919, 0
37942, 1304065
37981, 0
37987, 0
37991, 0
38052, 0
38062, 0
38066, 0
38068, 0
38075, 3715973
38085, 3566171
38088, 0
38101, 0
38104, 0
38125, 0
38142, 0
38145, 677735
38190, 599079
38196, 0
38200, 7410071
38204, 0
38232, 0
38236, 1403977
38254, 0
38258, 0
38267, 20306273
38276, 421722
38283, 0
38290, 2672544
38295, 0
38302, 0
38308, 0
38319, 0
38324, 0
38330, 536840
38331, 4620320
38361, 0
38379, 0
38393, 0
38407, 0
38416, 523267
38434, 0
38447, 0
38448, 16980680
38468, 51289913
38490, 0
38491, 0
38493, 0
38495, 464708
38509, 0
38512, 142090
38518, 0
38523, 0
38529, 0
38547, 0
38566, 1140790
38577, 0
38583, 0
38585, 518044
38590, 0
38600, 2145570
38606, 0
38620, 24165530
38622, 0
38624, 88615499
38626, 648346
38629, 1094574
38630, 0
38654, 422688
38698, 0
38721, 0
38722, 0
38730, 0
38744, 20260390
38762, 0
38783, 7571122
38784, 646592
38795, 0
38805, 42293682
38807, 0
38821, 0
38825, 0
38832, 0
38835, 0
38838, 0
38851, 13381275
38852, 0
38854, 2792647
38862, 666210
38866, 14107796
38867, 0
38869, 0
38889, 106097423
38900, 0
38947, 0
38952, 1940442
38966, 5973333
38981, 0
38989, 2578442
39004, 38797498
39005, 0
39015, 0
39022, 0
39026, 0
39039, 0
39051, 0
39066, 0
39082, 36633153
39086, 0
39091, 0
39115, 17316959
39120, 0
39129, 2842995
39139, 0
39142, 676167
39153, 0
39158, 0
39163, 0
39178, 0
39184, 0
39190, 0
39212, 515882
39229, 737982
39246, 0
39261, 1537504
39270, 0
39284, 0
39291, 0
39297, 0
39300, 0
39304, 76463
39310, 0
39332, 0
39339, 1109850
39342, 667677
39348, 664978
39359, 0
39362, 0
39380, 28596548
39387, 178772
39389, 1101398
39404, 0
39421, 4262406
39428, 0
39472, 0
39475, 79419
39492, 0
39495, 23239665
39497, 0
39507, 949981
39521, 10945917
39532, 0
39537, 0
39552, 9553651
39580, 0
39602, 1890162
39604, 0
39630, 0
39640, 0
39654, 0
39655, 0
39663, 0
39677, 977426
39678, 0
39684, 542575
39689, 0
39713, 4778963
39714, 0
39715, 0
39717, 2613716
39725, 542465
39742, 1343562
39747, 2388011
39752, 1024114
39754, 175832
39756, 0
39764, 0
39773, 0
39774, 664119
39799, 0
39815, 26897207
39874, 0
39880, 0
39885, 0
39891, 0
39901, 0
39915, 0
39936, 677490
39939, 515990
39940, 0
39950, 0
39954, 0
39997, 456303
40023, 66024823
40033, 0
40038, 387183
40042, 0
40046, 408448
40078, 0
40086, 0
40087, 0
40090, 390170
40096, 425152
40117, 0
40120, 15343449
40128, 816862
40133, 0
40145, 4735538
40154, 3961764
40212, 0
40213, 0
40220, 0
40246, 0
40248, 0
40262, 0
40263, 0
40291, 0
40297, 142274123
40321, 0
40322, 0
40323, 0
40324, 0
40345, 0
40352, 720156
40355, 0
40375, 0
40381, 508265
40382, 0
40396, 0
40409, 0
40432, 365819
40439, 1146659
40458, 1436541
40460, 2028384
40476, 0
40484, 0
40491, 2413300
40513, 0
40520, 1319055
40549, 0
40564, 8255203
40588, 506445
40637, 0
40640, 876732
40644, 0
40700, 0
40719, 0
40722, 0
40723, 13007447
40734, 0
40739, 0
40746, 0
40779, 7879898
40780, 26522090
40782, 0
40789, 0
40793, 8391679
40804, 14875867
40821, 0
40834, 1114226
40835, 644756
40847, 1397137
40862, 0
40863, 0
40883, 52788291
40888, 0
40893, 0
40911, 5914123
40919, 478867
40921, 0
40932, 514595
40950, 0
40968, 0
40983, 13276047
40984, 0
40992, 6276952
40998, 5006829
41010, 0
41028, 0
41032, 5844301
41035, 0
41060, 9896963
41065, 947144
41069, 0
41071, 0
41075, 33009178
41081, 0
41088, 0
41094, 677736
41103, 0
41105, 0
41110, 0
41115, 0
41123, 1217150
41129, 0
41139, 12057296
41142, 665960
41145, 0
41156, 0
41167, 0
41178, 0
41187, 0
41194, 0
41200, 0
41219, 549000
41233, 0
41242, 0
41257, 0
41258, 1299096
41259, 0
41274, 912962
41283, 5398487
41285, 0
41291, 223558479
41299, 0
41301, 3491151
41305, 0
41312, 0
41314, 0
41345, 325783
41364, 0
41379, 0
41383, 0
41401, 0
41407, 0
41416, 0
41424, 0
41438, 0
41452, 0
41487, 658297
41522, 965335
41537, 0
41539, 0
41541, 0
41551, 0
41559, 0
41560, 0
41562, 1054490
41568, 0
41585, 673783
41590, 0
41593, 6541475
41612, 0
41619, 7353153
41626, 1649719
41627, 0
41635, 0
41644, 17652948
41650, 9896755
41654, 13974098
41666, 1468936
41669, 0
41686, 2681093
41734, 3140311
41736, 0
41739, 0
41757, 664347
41769, 697755
41777, 647815
41782, 0
41801, 0
41823, 0
41826, 4049227
41827, 0
41837, 0
41840, 0
41853, 0
41862, 0
41863, 0
41873, 1395024
41900, 0
41901, 0
41916, 658939
41928, 2063235
41932, 0
41953, 15071888
41957, 0
41970, 42291998
41979, 5549451
42001, 0
42015, 0
42021, 0
42040, 0
42042, 521009
42047, 1653471
42049, 0
42059, 0
42078, 664428
42087, 178906
42094, 694979
42100, 1498707
42101, 0
42121, 0
42137, 0
42140, 259362
42144, 0
42154, 691619
42160, 0
42161, 0
42179, 0
42181, 4673603
42185, 0
42196, 0
42207, 0
42261, 0
42278, 34483388
42286, 0
42293, 469190
42302, 4089620
42325, 509419
42326, 2638024
42355, 0
42371, 0
42387, 0
42388, 0
42395, 0
42440, 7367432
42450, 0
42455, 5096298
42474, 0
42492, 0
42501, 0
42506, 0
42507, 0
42511, 554389
42531, 646588
42537, 0
42567, 0
42571, 4871909
42572, 0
42586, 0
42597, 0
42622, 0
42636, 0
42645, 0
42656, 1461330
42676, 993899
42677, 0
42690, 7519873
42695, 511823
42714, 0
42716, 0
42721, 737851
42736, 664990
42751, 0
42804, 8510649
42816, 519757
42831, 0
42851, 0
42864, 0
42915, 0
42931, 0
42971, 0
42977, 0
42993, 0
42995, 0
43000, 668360
43014, 0
43017, 484337
43020, 0
43022, 677796
43027, 0
43054, 16642615
43062, 0
43066, 0
43076, 6422537
43088, 0
43107, 5235432
43108, 7075611
43122, 677799
43129, 1299437
43134, 0
43138, 836501
43158, 0
43164, 0
43172, 1498137
43195, 652480
43198, 3051709
43247, 2189406
43258, 519453
43263, 1788313
43265, 692004
43266, 17540866
43267, 0
43268, 0
43296, 373894
43305, 0
43307, 0
43322, 697221
43324, 0
43326, 26080443
43354, 12306162
43364, 0
43383, 0
43395, 0
43418, 0
43423, 13861927
43438, 0
43439, 1608717
43445, 1801324
43459, 1018726
43501, 680844
43516, 0
43528, 4358868
43535, 0
43555, 506278
43557, 664348
43559, 21567772
43571, 0
43650, 0
43654, 0
43681, 312731
43683, 646593
43687, 5887916
43693, 0
43696, 1524583
43697, 647734
43701, 1862657
43715, 0
43723, 549966
43729, 0
43736, 0
43737, 6530900
43741, 0
43771, 0
43783, 697302
43792, 0
43795, 0
43821, 519734
43839, 5964988
43850, 0
43854, 0
43856, 0
43871, 0
43880, 0
43888, 0
43915, 0
43928, 0
43941, 1894419
43946, 365809
43951, 0
43954, 4970311
43959, 0
43967, 0
44005, 0
44006, 699810
44022, 652478
44050, 0
44077, 0
44078, 0
44079, 0
44104, 0
44115, 0
44134, 542252
44138, 0
44143, 9258953
44155, 465759
44169, 0
44171, 0
44172, 0
44175, 0
44191, 1099835
44192, 0
44194, 0
44201, 552502
44206, 0
44220, 0
44291, 0
44293, 8934208
44310, 0
44339, 0
44362, 2309743
44374, 0
44376, 0
44405, 0
44411, 0
44446, 0
44458, 0
44464, 1393980
44484, 0
44498, 0
44499, 0
44505, 0
44534, 0
44539, 0
44551, 0
44565, 0
44590, 462540
44591, 692108
44602, 0
44637, 353618
44642, 1086252
44644, 667881
44651, 524452
44662, 0
44678, 0
44691, 0
44692, 0
44720, 0
44722, 0
44768, 671725
44790, 0
44797, 3089591
44812, 0
44817, 0
44860, 91837
44862, 0
44864, 0
44865, 0
44873, 0
44881, 0
44931, 0
44940, 0
44949, 8365665
44953, 97007383
44967, 373893
44979, 172719
44981, 0
44990, 0
45002, 0
45005, 426159
45027, 0
45038, 0
45057, 23306794
45070, 0
45078, 0
45092, 0
45118, 0
45119, 0
45125, 0
45145, 0
45188, 0
45212, 0
45223, 0
45232, 0
45242, 3700078
45255, 3547663
45262, 0
45300, 509361
45305, 894278
45319, 0
45340, 459685
45347, 2736556
45350, 0
45354, 0
45379, 40841
45392, 0
45393, 0
45397, 1110038
45413, 77697
45419, 0
45438, 22805
45442, 0
45448, 0
45454, 0
45468, 0
45469, 0
45482, 0
45494, 316369
45502, 0
45505, 59963
45510, 0
45520, 0
45522, 0
45523, 0
45532, 2659296
45549, 0
45551, 0
45558, 0
45561, 0
45562, 0
45564, 677485
45570, 262311
45582, 0
45587, 262491
45594, 1104850
45597, 0
45600, 1025018
45603, 0
45609, 519481
45614, 0
45615, 113909
45620, 0
45624, 0
45644, 0
45652, 0
45653, 0
45657, 0
45664, 0
45668, 0
45669, 140621
45672, 0
45673, 0
45677, 0
45679, 283888
45681, 369831
45693, 0
45694, 0
45712, 0
45728, 0
45729, 833205
45731, 0
45733, 0
45738, 0
45740, 1533182
45742, 0
45745, 169491
45747, 0
45758, 0
45760, 0
45761, 0
45764, 0
45766, 1558950
45774, 0
45776, 0
45785, 0
45786, 176783
45789, 0
45792, 530465
45793, 0
45807, 0
45813, 0
45814, 0
45818, 0
45824, 0
45831, 668284
45836, 0
45838, 0
45842, 0
45846, 1319447
45852, 0
45855, 2033334
45861, 2079320
45864, 378748
45873, 0
45874, 0
45902, 0
45908, 0
45916, 0
45920, 0
45926, 0
45927, 0
45929, 237839
45933, 0
45947, 5101826
45949, 0
45954, 0
45964, 0
45974, 0
45979, 0
45982, 0
45983, 0
45990, 0
45996, 0
45998, 247179
46002, 1347206
46007, 0
46025, 0
46035, 0
46039, 0
46043, 0
46047, 0
46062, 0
46063, 0
46071, 1637787
46078, 327631
46083, 0
46086, 0
46094, 657926
46102, 0
46104, 0
46106, 0
46108, 0
46113, 0
46119, 0
46129, 1514221
46135, 0
46140, 0
46141, 0
46144, 0
46191, 488714
46193, 0
46195, 1323670
46209, 0
46211, 0
46214, 691591
46216, 412191
46227, 547283
46230, 0
46234, 0
46237, 509385
46243, 0
46245, 0
46252, 0
46253, 0
46254, 349930
46267, 0
46290, 9255332
46291, 0
46298, 5035605
46308, 0
46315, 0
46317, 368961
46321, 0
46326, 0
46328, 0
46331, 0
46333, 0
46341, 0
46346, 0
46348, 0
46356, 0
46366, 0
46397, 0
46406, 0
46424, 0
46433, 0
46445, 0
46448, 0
46454, 0
46460, 0
46464, 2588723
46471, 0
46472, 0
46495, 650998
46514, 1168861
46522, 0
46531, 0
46536, 1118965
46538, 0
46541, 0
46546, 0
46551, 405996
46566, 0
46569, 373897
46573, 2078719
46577, 0
46578, 14642887
46629, 1199428
46632, 484936
46634, 1871567
46638, 0
46681, 0
46686, 0
46690, 20265423
46703, 0
46708, 0
46712, 0
46713, 0
46719, 0
46736, 0
46737, 0
46744, 0
46747, 0
46762, 0
46771, 389610
46773, 664276
46775, 389613
46780, 0
46793, 390269
46794, 0
46809, 0
46810, 0
46824, 0
46835, 0
46836, 0
46846, 0
46848, 0
46852, 11298992
46855, 2030259
46856, 0
46859, 0
46866, 403628
46867, 1614604
46879, 0
46897, 0
46900, 0
46907, 0
46910, 0
46913, 957485
46936, 0
46938, 0
46950, 0
46952, 0
46958, 0
46975, 811504
46986, 0
46987, 8814776
46997, 0
47005, 0
47016, 0
47018, 0
47020, 0
47027, 0
47044, 0
47047, 0
47071, 1627401
47084, 0
47094, 824641
47102, 0
47107, 673465
47109, 413367
47116, 1352148
47120, 0
47121, 0
47122, 0
47133, 0
47134, 0
47136, 3728220
47144, 2088854
47146, 0
47147, 0
47162, 0
47163, 0
47167, 0
47179, 0
47181, 0
47183, 836345
47184, 418174
47189, 0
47195, 1329851
47202, 0
47209, 0
47224, 0
47227, 0
47228, 677698
47229, 0
47239, 0
47244, 0
47245, 0
47248, 0
47249, 4341209
47253, 418898
47256, 0
47260, 0
47267, 0
47269, 0
47270, 419832
47274, 0
47285, 0
47286, 0
47290, 421714
47293, 0
47294, 0
47295, 0
47296, 0
47300, 535119
47301, 0
47302, 0
47305, 9812321
47308, 0
47312, 0
47317, 0
47325, 1686971
47328, 0
47336, 0
47344, 3801414
47345, 0
47349, 0
47354, 0
47355, 0
47368, 0
47369, 0
47370, 0
47386, 0
47391, 0
47396, 693528
47402, 0
47404, 0
47406, 0
47423, 0
47430, 425058
47434, 0
47437, 2125476
47438, 0
47440, 0
47447, 3478705
47453, 0
47455, 0
47459, 0
47462, 0
47464, 850276
47467, 0
47468, 0
47469, 1730600
47481, 0
47482, 0
47484, 0
47489, 0
47494, 0
47499, 6827977
47510, 0
47515, 0
47522, 681555
47533, 0
47542, 432697
47544, 9956699
47547, 0
47552, 0
47560, 0
47562, 0
47563, 0
47571, 0
47573, 0
47575, 434383
47584, 0
47593, 0
47614, 0
47622, 0
47627, 1750892
47638, 437899
47640, 0
47658, 1292090
47659, 604113
47668, 0
47683, 0
47687, 0
47692, 0
47698, 0
47700, 0
47704, 0
47707, 4152543
47709, 0
47710, 0
47711, 0
47713, 521613
47715, 0
47722, 0
47725, 455723
47729, 0
47734, 0
47739, 0
47751, 0
47762, 680028
47763, 5338715
47768, 0
47770, 456323
47772, 0
47787, 0
47795, 8488581
47796, 912771
47797, 0
47798, 0
47804, 0
47807, 0
47818, 0
47821, 0
47823, 0
47837, 8607248
47840, 0
47841, 0
47843, 0
47844, 0
47855, 473545
47861, 0
47862, 0
47873, 0
47881, 0
47888, 1830992
47889, 0
47892, 0
47897, 0
47905, 0
47908, 0
47915, 0
47925, 0
47932, 0
47937, 0
47948, 0
47958, 78432588
47964, 0
47967, 0
47971, 925067
47973, 1300224
48001, 0
48006, 0
48009, 461461
48041, 668258
48056, 462373
48065, 0
48066, 462414
48080, 0
48084, 2174609
48096, 924964
48102, 0
48104, 0
48108, 0
48109, 462486
48111, 462487
48127, 0
48134, 0
48135, 0
48136, 0
48137, 644776
48142, 42472476
48144, 0
48151, 0
48157, 0
48162, 464445
48163, 0
48170, 0
48172, 1956002
48186, 547271
48208, 0
48213, 545258
48222, 478879
48226, 0
48247, 0
48251, 931181
48255, 0
48266, 0
48273, 497028
48275, 0
48276, 465701
48278, 1397115
48280, 0
48281, 0
48294, 0
48296, 0
48297, 0
48301, 931477
48303, 0
48311, 478880
48331, 0
48334, 2681034
48339, 0
48342, 497039
48356, 0
48357, 0
48362, 0
48365, 473518
48366, 0
48374, 0
48382, 0
48385, 0
48386, 0
48388, 0
48403, 473589
48408, 8167124
48410, 0
48413, 474026
48416, 0
48417, 947242
48438, 23622470
48440, 2373290
48448, 0
48462, 0
48476, 0
48481, 18324747
48483, 476406
48489, 0
48499, 1914467
48501, 478726
48503, 0
48504, 0
48505, 0
48506, 0
48513, 0
48517, 0
48522, 0
48526, 0
48531, 994060
48539, 0
48540, 0
48544, 0
48547, 0
48548, 0
48549, 0
48552, 0
48554, 23838754
48562, 2681258
48567, 479542
48569, 0
48576, 0
48581, 0
48584, 0
48586, 1657662
48609, 3862516
48614, 0
48615, 0
48617, 0
48618, 0
48621, 0
48640, 0
48646, 0
48652, 0
48656, 0
48661, 1452402
48662, 0
48665, 0
48668, 0
48671, 0
48672, 0
48676, 0
48680, 0
48688, 968636
48693, 1937169
48712, 484339
48716, 0
48726, 0
48729, 0
48735, 0
48737, 0
48742, 0
48745, 3357530
48748, 0
48757, 1454712
48759, 0
48767, 484898
48772, 0
48777, 484912
48781, 0
48790, 0
48791, 0
48792, 693419
48805, 0
48815, 0
48826, 970018
48827, 696414
48831, 0
48839, 98235761
48840, 487954
48851, 487956
48856, 0
48859, 0
48865, 0
48866, 11180761
48877, 0
48879, 0
48893, 0
48911, 0
48924, 488916
48932, 1528073
48944, 0
48949, 0
48954, 0
48960, 0
48966, 0
48970, 0
48971, 0
48977, 0
48978, 0
48980, 0
48983, 0
48985, 0
48990, 0
49002, 0
49003, 515715
49009, 0
49012, 504718
49023, 0
49027, 0
49035, 994450
49044, 0
49045, 1537628
49048, 0
49055, 0
49056, 536719
49058, 4481937
49064, 0
49065, 0
49066, 0
49079, 0
49084, 0
49089, 499084
49105, 0
49117, 0
49122, 0
49129, 0
49132, 0
49135, 499595
49151, 0
49155, 680016
49156, 0
49167, 0
49189, 0
49190, 0
49191, 0
49203, 504747
49208, 13572791
49217, 0
49223, 1978643
49230, 0
49234, 0
49236, 1514329
49242, 0
49247, 5864433
49249, 0
49265, 0
49266, 0
49267, 0
49268, 1517594
49270, 0
49280, 505105
49288, 0
49292, 0
49336, 0
49338, 505903
49349, 654408
49351, 0
49355, 547360
49365, 0
49369, 0
49372, 1977987
49381, 1814210
49383, 0
49394, 0
49398, 8102194
49402, 0
49404, 4694856
49406, 0
49407, 0
49413, 0
49425, 0
49434, 0
49438, 2052783
49443, 0
49446, 0
49458, 0
49467, 0
49474, 0
49491, 0
49492, 3771695
49503, 0
49507, 1524566
49520, 1016426
49525, 0
49528, 0
49530, 0
49533, 0
49535, 0
49537, 0
49544, 0
49550, 0
49556, 683041
49578, 0
49603, 1528173
49605, 0
49619, 0
49624, 0
49625, 0
49628, 0
49635, 0
49639, 552563
49644, 509417
49645, 0
49655, 0
49657, 0
49668, 0
49670, 509423
49672, 4585094
49673, 675100
49684, 0
49710, 0
49716, 0
49733, 0
49739, 695497
49750, 1537568
49753, 0
49761, 0
49778, 513843
49783, 0
49787, 3597339
49789, 2689037
49793, 0
49821, 0
49822, 6684405
49830, 0
49831, 0
49834, 0
49839, 514519
49843, 0
49849, 1029093
49862, 0
49871, 0
49875, 0
49877, 0
49882, 538589
49887, 0
49898, 0
49907, 0
49916, 0
49919, 5148920
49927, 0
49928, 0
49931, 0
49933, 0
49940, 0
49945, 0
49949, 0
49952, 515661
49968, 0
49983, 0
49985, 0
49997, 0
49998, 0
50006, 1547178
50013, 0
50035, 0
50064, 0
50068, 24130993
50072, 0
50073, 0
50081, 3099568
50087, 0
50091, 0
50099, 515960
50102, 0
50125, 0
50128, 0
50132, 0
50138, 0
50139, 0
50145, 0
50154, 516062
50160, 0
50163, 516068
50178, 516070
50190, 0
50191, 0
50192, 0
50203, 2582831
50210, 1549904
50215, 0
50216, 0
50228, 0
50237, 0
50249, 552569
50265, 518045
50274, 0
50280, 0
50302, 0
50304, 0
50309, 1318783
50310, 2072220
50311, 0
50314, 0
50324, 0
50331, 0
50335, 0
50337, 0
50339, 0
50350, 0
50353, 2596983
50355, 0
50356, 0
50382, 0
50384, 0
50387, 0
50388, 0
50396, 1038923
50397, 0
50402, 0
50406, 681579
50407, 0
50409, 6076012
50411, 0
50417, 0
50426, 536800
50427, 0
50429, 0
50433, 519492
50437, 1232259
50438, 3299773
50457, 2083166
50460, 0
50467, 0
50468, 0
50473, 0
50480, 0
50484, 0
50487, 1039461
50489, 0
50498, 0
50499, 0
50508, 0
50511, 0
50517, 0
50527, 0
50534, 0
50538, 0
50548, 0
50551, 649631
50554, 0
50560, 0
50562, 1608351
50565, 0
50566, 0
50569, 0
50571, 0
50572, 0
50585, 0
50603, 0
50606, 0
50607, 0
50610, 0
50614, 6530610
50615, 519756
50622, 0
50629, 0
50644, 0
50650, 0
50655, 0
50658, 1041477
50666, 0
50673, 0
50683, 0
50685, 0
50687, 0
50693, 0
50695, 0
50708, 0
50718, 0
50720, 0
50721, 0
50729, 0
50735, 0
50737, 0
50742, 0
50746, 5206890
50754, 4923677
50758, 0
50762, 0
50767, 0
50768, 0
50770, 0
50772, 0
50773, 0
50774, 0
50786, 0
50791, 521612
50796, 554930
50804, 0
50806, 695473
50808, 521624
50818, 0
50820, 0
50824, 0
50833, 0
50838, 0
50846, 67524088
50847, 694973
50856, 0
50857, 521669
50859, 0
50860, 0
50874, 672021
50880, 522220
50884, 0
50891, 549422
50893, 0
50898, 0
50901, 2780604
50922, 522313
50933, 522320
50943, 0
50947, 0
50958, 1607466
50965, 547113
50973, 0
50982, 0
50997, 0
51004, 0
51008, 0
51018, 0
51031, 0
51035, 0
51041, 0
51043, 0
51044, 543131
51066, 0
51071, 0
51073, 0
51074, 0
51075, 0
51088, 0
51097, 0
51099, 0
51107, 5901692
51116, 0
51119, 0
51123, 0
51134, 0
51135, 524492
51137, 0
51143, 661830
51145, 0
51150, 534456
51154, 0
51156, 0
51164, 9912668
51167, 0
51168, 0
51174, 0
51176, 0
51189, 3753898
51197, 0
51201, 0
51203, 4280735
51205, 0
51207, 0
51209, 535117
51212, 535505
51216, 1072207
51217, 0
51223, 22054591
51235, 0
51241, 0
51245, 0
51247, 0
51250, 1343290
51251, 4417154
51263, 1071046
51272, 1607949
51275, 0
51278, 0
51290, 0
51305, 536114
51311, 536112
51312, 0
51313, 0
51320, 0
51323, 8375226
51325, 6433995
51326, 536123
51327, 0
51331, 0
51333, 2144782
51335, 671661
51336, 694468
51339, 0
51343, 0
51345, 0
51351, 0
51361, 0
51363, 0
51364, 0
51382, 0
51384, 4651593
51389, 0
51391, 0
51400, 0
51403, 536300
51413, 0
51415, 0
51417, 0
51424, 19002086
51427, 0
51431, 0
51444, 3218635
51454, 1340400
51455, 0
51456, 0
51462, 0
51466, 0
51469, 1649558
51478, 6976893
51484, 2735141
51490, 0
51498, 0
51505, 0
51506, 1073578
51508, 545430
51524, 0
51525, 0
51526, 536808
51531, 536812
51546, 2720454
51547, 0
51562, 0
51569, 0
51572, 536847
51578, 0
51579, 1352062
51582, 650350
51585, 536900
51591, 694284
51594, 0
51601, 0
51604, 0
51610, 0
51615, 0
51620, 0
51628, 0
51632, 0
51633, 0
51644, 0
51663, 67523372
51668, 0
51669, 0
51681, 0
51685, 8656418
51690, 543138
51693, 0
51694, 677491
51703, 0
51707, 0
51714, 0
51716, 2024578
51717, 2169294
51720, 0
51727, 0
51733, 0
51734, 0
51743, 0
51757, 0
51778, 8867552
51779, 0
51780, 1098087
52782, 0
52795, 0
52796, 0
52805, 11035444
52812, 0
52824, 13719300
52825, 0
52833, 0
52834, 0
52835, 0
52842, 0
52843, 1104078
52845, 0
52847, 0
52856, 0
52860, 1084684
52863, 0
52871, 4485746
52874, 0
52880, 0
52881, 0
52890, 0
52892, 0
52896, 0
52903, 0
52904, 0
52914, 3377349
52918, 0
52923, 0
52926, 1768588
52931, 0
52935, 0
52936, 0
52937, 0
52944, 0
52945, 0
52953, 0
52954, 0
52959, 0
52960, 0
52963, 3273081
52964, 0
52982, 0
52983, 0
52988, 0
52997, 15244102
53009, 543122
53015, 0
53017, 0
53031, 0
53039, 0
53046, 543133
53059, 1647198
53064, 544876
53065, 0
53070, 0
53075, 0
53083, 0
53089, 0
53091, 4353018
53092, 0
53093, 0
53100, 2759985
53106, 0
53107, 0
53111, 0
53119, 0
53122, 0
53126, 0
53127, 14715603
53137, 1090491
53140, 545251
53143, 0
53155, 4363829
53156, 0
53159, 0
53163, 0
53184, 0
53187, 0
53197, 16047654
53208, 546970
53209, 0
53215, 0
53222, 0
54239, 10944366
54241, 0
54245, 3227633
54263, 547272
54264, 547115
54267, 648784
54268, 0
54269, 1101444
54283, 547334
54295, 0
54297, 0
54305, 547336
54306, 0
54309, 0
54311, 1318180
54316, 0
54330, 1094682
54339, 1813947
54343, 672459
54347, 0
54365, 0
54367, 0
54368, 0
54369, 2202298
54370, 0
54372, 0
54378, 0
54380, 0
54386, 1097988
54396, 0
54401, 0
54403, 0
54415, 648780
54417, 0
54430, 0
54440, 0
54441, 0
54442, 0
54446, 0
54458, 2703696
54463, 0
54470, 0
54471, 0
54475, 0
54479, 0
54483, 0
54487, 549423
54495, 0
54507, 0
54509, 0
54510, 0
54524, 0
54526, 0
54530, 549764
54540, 0
54541, 0
54547, 0
54548, 0
54551, 0
54552, 676443
54557, 1650899
54573, 0
54577, 0
54600, 0
54616, 0
54622, 0
54623, 0
54625, 0
54628, 665074
54631, 644888
54632, 652611
54634, 0
54650, 0
54656, 0
54661, 0
54667, 4568114
54668, 0
54673, 0
54675, 0
54679, 0
54680, 0
54684, 554420
54694, 0
54695, 0
54708, 0
54711, 0
54715, 550752
54718, 664282
54729, 0
54731, 0
54750, 0
54756, 0
54759, 551567
54780, 13176856
54784, 0
54788, 1210541
54795, 691996
54797, 654401
54802, 0
54804, 0
54805, 0
54809, 0
54815, 0
54820, 0
54821, 0
54841, 0
54842, 0
55844, 0
55853, 2206465
55859, 0
55865, 0
55871, 0
55875, 0
55881, 0
55885, 0
55887, 551632
55889, 552801
55892, 4413306
55893, 160674848
55904, 553097
55907, 0
55910, 0
55916, 0
55921, 551990
55922, 0
55929, 0
55930, 0
55931, 0
55956, 0
55963, 552423
55976, 1105943
55980, 0
55998, 0
55999, 0
56005, 0
56010, 0
56018, 552504
56021, 0
56057, 0
56059, 2418771
56067, 0
56076, 0
56086, 1301626
56091, 0
56094, 0
56095, 552524
56097, 6644086
56099, 552527
56112, 0
56120, 0
56123, 0
56133, 552565
56140, 9492488
56141, 0
56142, 1108994
56150, 0
56158, 0
56169, 0
56173, 0
56180, 0
56185, 0
56187, 0
56191, 8157343
56199, 0
56215, 670032
56217, 4422562
56218, 0
56222, 0
56225, 552888
56228, 5529000
56229, 0
56254, 0
56259, 2659479
56261, 0
56264, 0
56266, 0
56273, 0
56286, 1339775
56287, 0
56292, 2424464
56296, 0
56304, 0
56312, 0
56318, 0
56320, 0
56325, 0
56334, 552991
56349, 1106207
56353, 1106215
56357, 0
56362, 0
56364, 652435
56365, 0
56367, 0
56372, 0
56379, 0
56383, 0
56384, 0
56391, 645779
56396, 0
56399, 553111
56403, 0
56415, 0
56421, 0
56434, 1659729
56443, 0
56444, 0
56445, 0
56462, 4006807
56465, 3321305
56468, 0
56469, 656617
56478, 0
56494, 0
56501, 0
56503, 0
56505, 16711352
56516, 0
56518, 554009
56524, 0
56525, 554030
56531, 0
56534, 1662066
56538, 0
56542, 0
56547, 0
56552, 0
56553, 16666356
56556, 554344
56570, 0
56571, 0
56577, 0
56588, 0
56591, 554390
56593, 554436
56594, 0
56597, 0
56615, 554508
56617, 0
56620, 0
56623, 0
56624, 0
56638, 0
56639, 0
56640, 0
56649, 0
56666, 0
56667, 4019475
56668, 0
56671, 0
56674, 0
56678, 554583
56693, 0
56702, 0
56704, 0
56706, 0
56712, 0
56718, 0
56727, 0
56735, 0
56756, 0
56763, 555137
56766, 0
56773, 0
56775, 0
56778, 1109774
56791, 0
56793, 0
56818, 604646
56819, 555060
56824, 0
56827, 2220268
56831, 0
56833, 555138
56847, 2775712
56852, 0
56862, 0
56871, 0
56878, 1343755
56880, 0
56884, 0
56885, 0
56890, 555393
56892, 0
56901, 605221
56910, 5978518
56913, 5435564
56920, 42506519
56921, 0
56926, 0
56931, 0
56932, 645780
56938, 10362843
56939, 0
56947, 7917930
56956, 604112
56966, 0
56972, 0
56978, 0
56980, 3020603
56989, 1328617
56995, 0
57020, 0
57021, 2611072
57022, 605273
57030, 0
57037, 0
57039, 605342
57043, 0
57044, 0
57067, 0
57068, 0
57070, 1820440
57088, 3023145
57108, 0
57115, 0
57119, 0
57122, 0
57139, 0
57145, 0
57153, 0
57155, 0
57159, 0
57164, 0
57170, 0
57191, 2703181
57199, 0
57222, 604730
57241, 0
57245, 0
57250, 0
57252, 605175
57253, 0
57255, 5331415
57257, 0
57262, 0
57276, 0
57278, 3068636
57280, 7146839
57285, 4237478
57291, 0
57297, 0
57302, 0
57309, 0
57311, 0
57321, 0
57325, 0
57330, 605340
57335, 0
57338, 0
57344, 0
57346, 0
57347, 0
57348, 0
57349, 605343
57368, 1212013
57370, 0
57373, 0
57379, 0
57386, 0
57398, 15604079
57401, 0
57405, 0
57410, 0
57413, 0
57425, 1290203
57427, 0
57428, 606112
57431, 2424272
57432, 2628320
57442, 0
57448, 649487
57449, 0
57458, 0
57464, 1948393
57467, 0
57469, 0
57472, 0
57473, 0
57474, 0
57475, 606795
57477, 0
57479, 0
57504, 0
57510, 1823490
57514, 2586104
57516, 0
57519, 0
57532, 0
57534, 675971
57539, 0
57544, 0
57554, 0
57558, 0
57562, 0
57563, 0
57568, 0
57569, 0
57571, 2536018
57583, 32969660
57600, 0
57609, 0
57610, 644474
57612, 0
57622, 0
57631, 0
57632, 0
57635, 0
57639, 2577941
57657, 0
57662, 644514
57675, 0
57690, 0
57697, 644638
57698, 0
57699, 0
57703, 0
57706, 644690
57711, 0
57712, 0
57713, 0
57714, 0
57743, 0
57747, 0
57752, 647878
57765, 644792
57771, 0
57782, 5803271
57784, 0
57804, 9673120
57823, 0
57842, 0
57843, 0
57856, 0
57859, 0
57861, 0
57862, 0
57871, 0
57878, 0
57879, 0
57888, 1290051
57891, 0
57892, 0
57910, 645027
57915, 0
57938, 0
57941, 0
57957, 653441
57958, 645127
57961, 647659
57965, 645133
57973, 0
57975, 1290284
57976, 0
57979, 0
57980, 0
57982, 2029527
57988, 0
57989, 0
57991, 0
57992, 645154
57995, 1974187
58001, 4939302
58011, 0
58014, 0
58018, 5908162
58022, 1295326
58028, 0
58029, 0
58042, 0
58055, 0
58057, 0
58059, 0
58068, 0
58072, 0
58073, 0
58074, 0
58082, 0
58087, 645813
58089, 0
58096, 20818791
58106, 0
58109, 645825
58125, 7753601
58137, 0
58141, 5818432
58142, 0
58146, 0
58171, 0
58180, 0
58187, 0
58201, 646595
58203, 11725950
58206, 0
58211, 0
58218, 0
58220, 0
58226, 1951375
58240, 0
58244, 1349862
58247, 0
58250, 0
58262, 1942709
58281, 0
58305, 0
58307, 650782
58308, 0
58314, 0
58320, 0
58324, 647578
58327, 647585
58329, 0
58343, 0
58345, 647804
58346, 0
58349, 0
58356, 1295197
58364, 0
58372, 0
58387, 0
58392, 0
58400, 0
58412, 0
58415, 647667
58435, 0
58443, 2721669
58446, 0
58456, 650780
58457, 647803
58459, 0
58478, 0
58499, 0
58508, 647811
58516, 0
58532, 647883
58534, 0
58541, 0
58550, 2659263
58552, 0
58559, 647880
58562, 0
58563, 0
58582, 0
58585, 0
58590, 0
58593, 0
58594, 0
58596, 0
58604, 0
58605, 0
58609, 0
58619, 0
58620, 0
58623, 1298966
58628, 4294690
58630, 0
58637, 653444
58639, 648764
58648, 0
58660, 0
58664, 0
58665, 0
58671, 0
58682, 3329641
58685, 0
58688, 687865
58702, 0
58718, 0
58729, 0
58730, 649479
58745, 0
58752, 0
58753, 0
58769, 0
58777, 6580451
58779, 0
58781, 649489
58784, 649545
58786, 0
58790, 0
58793, 0
58797, 0
58802, 0
58804, 0
58818, 0
58825, 0
58841, 0
58842, 0
58845, 0
58847, 0
58860, 0
58880, 1299069
58884, 0
58885, 0
58888, 0
58899, 0
58905, 0
58913, 0
58917, 0
58930, 0
58931, 0
58934, 0
58940, 3897383
58947, 0
58951, 0
58952, 3266167
58957, 0
58975, 0
58980, 0
58993, 0
59021, 0
59023, 1299259
59024, 0
59031, 0
59032, 0
59046, 0
59074, 0
59092, 0
59120, 0
59142, 0
59149, 0
59151, 1300645
59153, 0
59166, 649722
59178, 0
59189, 0
59196, 0
59205, 8177816
59208, 0
59209, 0
59215, 0
59216, 0
59219, 0
59221, 0
59225, 0
59227, 0
59232, 0
59234, 1949344
59235, 0
59238, 0
59239, 0
59248, 6469068
59249, 1977956
59279, 0
59283, 650301
59298, 0
59302, 0
59303, 0
59308, 0
59313, 650344
59322, 0
59353, 0
59355, 650444
59369, 0
59376, 650452
59377, 0
60401, 0
60424, 0
60426, 0
60431, 0
60435, 0
60438, 0
60439, 0
60450, 0
60457, 0
60470, 0
60483, 3363935
60490, 0
60492, 1952409
60504, 0
60505, 0
60507, 0
60510, 0
60515, 0
60517, 0
60535, 0
60554, 0
60556, 0
60559, 650935
60561, 0
60576, 0
60577, 0
60589, 0
60603, 0
60610, 0
60612, 0
60618, 0
60630, 0
60638, 0
60641, 0
60642, 0
60651, 651046
60659, 0
60665, 41763151
60670, 0
60675, 2604551
60676, 651091
60684, 0
60690, 0
60691, 651580
60692, 0
60693, 0
60703, 0
60706, 654405
60707, 0
60708, 0
60711, 0
60714, 690796
60717, 0
60718, 651581
60722, 0
60724, 0
60726, 0
60727, 0
60730, 0
60731, 0
60732, 18246963
60751, 0
60757, 0
60766, 1957343
60783, 652465
60791, 0
60807, 0
60810, 3283055
60815, 652495
60830, 0
60832, 0
60840, 0
60841, 0
60846, 1305002
60847, 0
60848, 0
60861, 0
60866, 0
60869, 0
60873, 0
60880, 0
60892, 0
60893, 0
60901, 0
60913, 0
60929, 4470517
60934, 0
60961, 0
60968, 0
60982, 0
60984, 1303880
60985, 20245357
60986, 668020
60987, 1305462
60995, 0
61016, 0
61017, 653358
61018, 0
61028, 653367
61043, 0
61055, 0
61058, 0
61066, 1328106
61067, 0
61069, 0
61075, 1306834
61078, 0
61080, 0
61093, 0
61094, 0
61101, 0
61106, 0
61107, 0
61125, 0
61129, 665894
61134, 653444
61136, 1960437
61149, 0
61170, 0
61177, 0
61182, 0
61197, 1976862
61234, 654404
61240, 0
61257, 0
61273, 0
61278, 0
61279, 0
61281, 0
61282, 0
61292, 0
61293, 0
61298, 0
61299, 0
61300, 0
61301, 0
61308, 0
61328, 27609581
61329, 0
61338, 0
61342, 0
61348, 0
61349, 0
61360, 0
61364, 0
61372, 656619
61380, 1969872
61381, 0
61384, 0
61387, 0
61389, 0
61395, 0
61397, 0
61401, 1392716
61411, 658074
61413, 0
61416, 0
61420, 0
61426, 74586317
61430, 0
61448, 658082
61462, 0
61468, 0
61471, 672015
61472, 673606
61473, 0
61474, 0
61479, 1333886
61485, 0
61489, 0
61494, 0
61502, 0
61506, 0
61515, 3296611
61517, 0
61519, 658155
61522, 13186437
61523, 0
61526, 0
61530, 0
61531, 0
61536, 2632946
61539, 0
61548, 0
61549, 0
61551, 0
61566, 0
61571, 0
61586, 3303538
61588, 658287
61589, 0
61590, 0
61597, 0
61608, 0
61621, 0
61626, 0
61629, 4608192
61630, 0
61632, 0
61650, 2020560
61664, 658322
61670, 0
61680, 680307
61681, 0
61682, 0
61684, 0
61687, 0
61697, 0
61704, 0
61712, 0
61714, 0
61723, 0
61736, 0
61737, 658959
61738, 1999296
61739, 0
61743, 658965
61768, 0
61771, 659313
61783, 0
61793, 0
61795, 0
61815, 0
61816, 0
61824, 0
61843, 1318682
61853, 0
61860, 5934417
61871, 0
61894, 0
61902, 0
61904, 0
61907, 0
61911, 659353
61921, 2664886
61926, 0
61930, 0
61931, 0
61939, 13592970
61941, 0
61949, 0
61960, 0
61964, 0
61965, 1978072
61967, 659364
61972, 0
61978, 0
61993, 2637881
62003, 0
62004, 1318997
62013, 0
62028, 0
62034, 0
62037, 0
62040, 0
62047, 0
62054, 0
62064, 0
62068, 0
62071, 0
62083, 2638129
62086, 0
62098, 0
62105, 0
62106, 0
62107, 0
62116, 0
62130, 0
62135, 3401267
62154, 5936219
62163, 0
62172, 0
62190, 659908
62195, 0
62196, 0
62200, 659598
62201, 0
62217, 0
62229, 0
62241, 659736
62243, 0
62246, 0
62252, 0
62272, 0
62274, 0
62279, 0
62280, 0
62285, 0
62298, 659906
62300, 659882
62302, 0
62311, 0
62319, 0
62322, 0
62334, 0
62335, 0
62342, 0
62343, 0
62347, 664917
62356, 0
62367, 30775193
62368, 0
62374, 0
62384, 1982167
62387, 0
62393, 0
62398, 0
62399, 0
62434, 6457808
62438, 2646487
62439, 0
62456, 0
62462, 0
62471, 3970396
62488, 0
62491, 0
62493, 1323611
62503, 0
62507, 0
62509, 662005
62519, 661844
62533, 661915
62534, 0
62538, 2647864
62541, 0
62543, 0
62554, 1324027
62555, 0
62558, 0
62560, 23390604
62562, 10797303
62563, 0
62575, 662200
62590, 0
62593, 663433
62600, 4642764
62601, 4662213
62621, 0
62629, 0
62638, 0
62639, 0
62647, 1985548
62650, 0
62652, 0
62656, 0
62667, 0
62668, 0
62672, 0
62673, 663438
62674, 0
62675, 71399107
62680, 8162306
62694, 0
62695, 0
62703, 0
62704, 0
62709, 0
62716, 0
62729, 0
62735, 3377586
62742, 0
62753, 0
62763, 0
62766, 0
62780, 0
62782, 0
62786, 0
62787, 0
62798, 0
62800, 0
62805, 0
62810, 6814461
62813, 0
62824, 0
62826, 0
62832, 0
62839, 0
62840, 2655784
62842, 0
62849, 0
63850, 3330471
63858, 0
63877, 11295415
63896, 2656377
63913, 0
63920, 0
63927, 0
63930, 0
63931, 0
63938, 0
63939, 0
63941, 0
63950, 0
63959, 664117
63961, 0
63966, 0
63974, 0
63981, 0
63984, 2029266
63996, 0
64003, 0
64005, 0
64013, 0
64020, 0
64024, 0
64029, 0
64030, 664279
64042, 0
64043, 0
64045, 0
64057, 0
64060, 0
64066, 0
64071, 0
64074, 0
64076, 0
64080, 0
64102, 0
64108, 0
64112, 0
64121, 0
64133, 0
64140, 0
64141, 0
64153, 0
64161, 664303
64166, 0
64181, 664327
64194, 1328705
64203, 0
64212, 0
64231, 0
64234, 0
64248, 0
64252, 2657584
64253, 0
64274, 0
64289, 0
64294, 666307
64305, 664344
64308, 5396302
64323, 0
64325, 0
64329, 0
64341, 0
64366, 0
64379, 0
64384, 0
64387, 0
64404, 0
64405, 0
64410, 0
64413, 0
64433, 666210
64444, 0
64449, 0
64451, 0
64456, 1328880
64466, 0
64469, 0
64472, 8181477
64481, 0
64495, 664454
64496, 0
64508, 0
64520, 0
64525, 0
64529, 9299387
64534, 0
64538, 0
64541, 1329236
64544, 0
64546, 0
64548, 0
64562, 0
64563, 0
64571, 0
64590, 1329317
64591, 0
64603, 0
64605, 664660
64615, 0
64619, 0
64625, 0
64634, 0
64639, 1335116
64642, 4654334
64643, 664919
64646, 0
64649, 0
64650, 664922
64663, 0
64667, 666208
64674, 664924
64676, 0
64681, 0
64699, 0
64701, 0
64704, 0
65707, 665082
65713, 0
65718, 0
65734, 664929
65756, 0
65769, 0
65773, 0
65780, 1994829
65787, 0
65798, 664947
65800, 22475117
65801, 0
65810, 0
65812, 0
65815, 0
65818, 4654721
65849, 0
65864, 0
65878, 5320261
65899, 0
65903, 1330176
65906, 0
65911, 536198
65913, 2045255
65915, 13849766
65916, 0
65922, 0
65937, 5348660
65941, 0
65949, 0
65952, 0
65954, 0
65956, 665906
65972, 1366010
65975, 0
65977, 2663659
65980, 1331858
65985, 665935
65988, 0
65991, 665936
65993, 665940
65995, 693555
66004, 0
66009, 679662
66010, 1331889
66016, 9354472
66017, 0
66022, 0
66033, 1331901
66034, 0
66044, 674851
66046, 665957
66047, 0
66052, 667626
66055, 665958
66066, 665960
66094, 666072
66109, 0
66130, 0
66131, 0
66132, 0
66166, 0
66167, 0
66195, 666254
66223, 1332525
66235, 0
66236, 666265
66239, 0
66243, 0
66247, 0
66251, 666290
66255, 0
66266, 0
66271, 0
66275, 0
66278, 0
66280, 0
66284, 0
66287, 0
66292, 668263
66308, 0
66312, 0
66315, 0
66316, 0
66320, 0
66332, 0
66335, 0
66338, 0
66346, 0
66348, 0
66349, 0
66365, 3331646
66369, 666346
66375, 0
66386, 0
66391, 0
66393, 0
66398, 0
66401, 0
66403, 666412
66406, 0
66413, 1999460
66418, 0
66422, 0
66434, 0
66436, 0
66440, 0
66443, 0
66471, 0
66474, 0
66483, 0
66485, 0
66501, 0
66517, 667602
66526, 0
66528, 17760454
66536, 0
66543, 0
66544, 666495
66552, 0
66556, 0
66558, 692985
66607, 5363857
66608, 2767545
66614, 0
66615, 0
66620, 667077
66622, 2001257
66623, 2017183
66638, 2001351
66649, 2001311
66662, 0
66667, 0
66673, 0
66678, 0
66679, 0
66686, 3335712
66688, 27448314
66693, 667164
66700, 2002319
66718, 0
66727, 667566
66731, 0
66748, 0
66751, 0
66756, 0
66759, 0
66774, 0
66777, 667601
66795, 668283
66798, 0
66803, 0
66818, 0
66825, 0
66833, 2718701
66875, 1335538
66877, 0
66889, 0
66898, 0
66904, 0
66907, 0
66912, 0
66936, 1336045
66943, 0
66945, 0
66946, 0
66952, 0
66997, 0
67002, 680836
67007, 964184
67019, 0
67031, 669868
67034, 670220
67035, 0
67036, 0
67038, 0
67050, 0
67066, 1335947
67077, 0
67078, 0
67083, 2003975
67097, 669119
67103, 0
67107, 6614944
67116, 0
67118, 0
67128, 0
67135, 0
67140, 668055
67149, 0
67150, 0
67151, 0
67152, 0
67157, 0
67166, 0
67183, 2004154
67186, 0
68205, 0
68207, 0
68208, 5443761
68212, 0
68217, 0
68222, 0
68232, 0
68236, 0
68242, 0
68247, 668259
68255, 0
68264, 0
68271, 0
68280, 0
68283, 0
68295, 0
68301, 0
68302, 669125
68305, 668632
68320, 0
68332, 0
68334, 0
68354, 0
68356, 0
68368, 668330
68370, 0
68372, 0
68373, 0
68375, 0
68382, 0
68386, 0
68390, 0
68391, 0
68393, 0
68399, 668354
68413, 2005070
68440, 4085560
68449, 0
68463, 0
68468, 4012783
68473, 1337215
68480, 2005858
68484, 0
68491, 0
68511, 0
68514, 2006131
68515, 0
68517, 0
68519, 0
68521, 668814
68522, 0
68529, 0
68534, 3344975
68544, 0
68548, 0
68554, 0
68559, 0
68564, 675074
68570, 0
68573, 0
68579, 4683460
68583, 0
68601, 0
68614, 0
68620, 0
68629, 0
68639, 0
68645, 0
68660, 2688339
68663, 8701010
68670, 0
68673, 0
68687, 0
68693, 0
68701, 0
68707, 0
68708, 1350438
68718, 0
68719, 0
68722, 3398810
68726, 0
68727, 0
68732, 682948
68737, 669420
68742, 1349739
68759, 0
68762, 0
68778, 0
68787, 0
68794, 0
68805, 669698
68842, 0
68848, 0
68849, 0
68866, 669891
68892, 0
68893, 0
68910, 693619
68916, 669931
68918, 698283
68920, 1339875
68926, 0
68927, 669942
68929, 0
68933, 0
68935, 8709927
68936, 0
68943, 676071
68946, 670176
68958, 0
68962, 2010547
68968, 0
68971, 0
68986, 0
68992, 0
68994, 0
69016, 0
69029, 0
69037, 59318880
69039, 0
69041, 0
69043, 0
69045, 0
69047, 0
69048, 0
69051, 0
69055, 0
69063, 0
69067, 0
69075, 0
69077, 0
69078, 0
69090, 0
69091, 0
69110, 670207
69112, 670224
69118, 670217
69122, 0
69139, 0
69140, 0
69143, 0
69147, 0
69151, 0
69154, 0
69159, 0
69169, 0
69173, 0
69183, 0
69184, 5368942
69194, 671665
69196, 0
69207, 0
69208, 0
69214, 0
69216, 0
69218, 0
69232, 0
69236, 671358
69272, 0
69275, 0
69283, 0
69289, 0
69292, 671473
69295, 0
69301, 681029
69318, 0
69320, 5762607
69323, 671522
69325, 671560
69331, 0
69334, 0
69335, 0
69341, 0
69343, 0
69356, 0
69361, 671580
69371, 0
69391, 0
69392, 0
69405, 0
69424, 0
69443, 0
69446, 0
69456, 0
69466, 1343745
69472, 671648
69474, 0
69477, 0
69482, 0
69488, 0
69491, 0
69497, 0
69505, 0
69507, 0
69516, 0
69525, 6045230
69531, 698106
69533, 0
69542, 0
69544, 0
69548, 0
69551, 0
69556, 1343455
69558, 4703390
69559, 0
69573, 671730
69586, 0
69591, 1335227
69601, 2015292
69603, 0
69609, 0
69613, 680130
69617, 0
69621, 4705502
69627, 0
69628, 0
69630, 674925
69644, 2015596
69647, 671871
69667, 0
69675, 0
69681, 671887
69691, 671889
69696, 2785531
69709, 1343863
69713, 0
69718, 0
69722, 0
69724, 671936
69725, 0
69737, 0
69747, 671940
69757, 3359744
69762, 0
69763, 3359875
69764, 1344016
69766, 0
69773, 0
69775, 0
69782, 672019
69790, 0
69792, 0
69796, 0
69801, 0
69815, 0
69820, 0
69838, 2688938
69850, 1362934
69852, 0
69858, 2688656
69859, 0
69868, 1356863
69871, 0
69876, 0
69880, 0
69887, 0
69895, 0
69898, 0
69919, 0
69922, 0
69931, 2678803
69932, 0
69937, 0
69940, 0
69953, 0
69955, 0
69967, 1344560
69974, 0
69977, 4078574
69981, 0
69991, 2692020
69992, 0
69994, 4706344
69999, 672290
70000, 0
70006, 672301
70015, 0
70018, 1344739
70019, 2041291
70024, 0
70034, 1344830
70035, 672380
70060, 0
70081, 0
70086, 677807
70097, 0
70104, 0
70105, 0
70110, 0
70112, 672451
70119, 673563
70124, 0
70138, 0
70140, 0
70143, 1344923
70146, 0
70148, 0
70155, 0
70156, 0
70171, 0
70172, 0
70173, 0
70175, 0
70190, 4558514
70191, 2017482
70198, 0
70209, 673464
70211, 12404138
70216, 0
70222, 0
70223, 0
70229, 0
70233, 673469
70251, 0
70252, 0
70264, 0
70266, 673470
70271, 0
70275, 0
70295, 0
70300, 0
70313, 2035510
70314, 0
70315, 0
70317, 0
70321, 3375642
70324, 0
70341, 0
70342, 673601
70345, 0
70346, 0
70355, 61652177
70367, 0
70370, 0
70373, 0
70380, 0
70384, 0
70403, 3368247
70416, 0
70421, 0
70441, 0
70452, 14821409
70453, 0
70458, 0
70461, 0
70462, 0
70463, 1347522
70464, 5444080
70494, 0
70495, 0
70498, 1366538
70501, 0
70508, 679687
70512, 0
70528, 0
70533, 0
70567, 0
70572, 674528
70574, 674533
70593, 4759264
70602, 0
70604, 0
70614, 0
70618, 19712783
70621, 0
70626, 0
70649, 0
70650, 0
70652, 0
70654, 0
70662, 0
70672, 0
70676, 0
70679, 0
70684, 0
70693, 674785
70696, 0
70706, 0
70730, 0
70739, 14409580
70741, 0
70751, 2705819
70752, 0
70760, 0
70765, 0
70774, 0
70779, 674868
70788, 680393
70794, 0
70808, 26108394
70809, 7156517
70814, 675064
70829, 0
70830, 0
70833, 0
70837, 0
70841, 0
70847, 0
70856, 0
70865, 2025280
70875, 0
70881, 0
70888, 0
70918, 2025417
70925, 0
70952, 0
70964, 7975807
70968, 0
70989, 0
70997, 0
71008, 0
71011, 675436
71015, 0
71018, 0
71019, 675442
71024, 0
71035, 1360211
71040, 0
71042, 0
71046, 0
71056, 1351857
71057, 0
71061, 0
71069, 0
71074, 0
71088, 675484
71090, 0
71096, 0
71102, 0
71104, 1350982
71105, 0
71110, 0
71113, 0
71116, 0
71118, 0
71122, 0
71134, 0
71136, 0
71141, 0
71155, 0
71164, 0
71169, 0
71171, 0
71173, 0
71195, 0
71198, 0
71225, 4053304
71227, 0
71228, 0
71234, 0
71239, 0
72268, 0
72273, 675754
72276, 675607
72277, 0
72283, 0
72287, 0
72288, 5417640
72289, 0
72302, 692151
72311, 0
72314, 4731085
72317, 675878
72322, 675882
72326, 0
72330, 675898
72331, 0
72350, 0
72354, 0
73372, 0
73384, 676101
73388, 0
73395, 4463196
73410, 0
73412, 0
73416, 0
73419, 0
73423, 676103
73430, 681593
73454, 0
73462, 676141
73467, 0
73469, 0
73472, 676142
73483, 0
73495, 0
73500, 0
73502, 0
73508, 1352325
73509, 0
73518, 0
73530, 697342
73532, 0
73535, 0
73536, 0
73548, 0
73559, 0
73569, 0
73579, 0
73591, 0
73593, 0
73602, 0
73608, 676173
73617, 0
73621, 0
73622, 0
73623, 0
73637, 0
73648, 0
73657, 0
73665, 0
73669, 676175
73670, 0
73680, 0
73693, 676219
73698, 2028666
73701, 12561936
73716, 0
73724, 0
73733, 0
73736, 693745
73739, 676447
73740, 676445
73776, 1353006
73784, 0
73785, 0
73798, 692270
73807, 0
73832, 1354961
73842, 0
73846, 0
73850, 0
73871, 0
73874, 677498
73880, 0
73886, 0
73887, 0
73888, 677486
73892, 0
73897, 0
73923, 0
73943, 0
73944, 0
73967, 0
73971, 0
73972, 7815925
73974, 0
73979, 0
73980, 0
73990, 0
73992, 0
74013, 0
74015, 0
74016, 0
74022, 0
74024, 677669
74026, 3473390
74034, 0
74051, 0
74061, 2040006
74065, 0
74066, 0
74071, 0
74073, 2033061
74087, 677695
74091, 0
74104, 0
74112, 0
74113, 0
74138, 2088591
74152, 0
74156, 2079410
74160, 0
74165, 0
74169, 680233
74175, 0
74180, 0
74186, 0
74201, 0
74220, 0
74231, 0
74232, 0
74237, 1355404
74239, 0
74240, 0
74261, 2711003
74262, 0
74268, 0
74273, 0
74281, 0
74288, 0
74289, 0
74300, 0
74301, 0
74305, 0
74307, 0
74318, 0
74319, 0
74330, 33886438
74343, 0
74348, 0
74349, 0
74351, 0
74360, 0
74372, 0
74377, 0
74383, 677737
74387, 0
74388, 0
74389, 0
74411, 697251
74435, 677740
74436, 0
74447, 0
74453, 11391897
74459, 0
74465, 0
74492, 0
74497, 0
74500, 2076271
74510, 0
74515, 0
74516, 0
74519, 0
74526, 0
74533, 0
74564, 4856374
74565, 0
74578, 0
74584, 0
74596, 0
74597, 0
74600, 697466
74601, 0
74606, 0
74608, 0
74613, 0
74623, 0
74627, 0
74628, 0
74633, 677805
74634, 677806
74651, 1360927
74657, 0
74661, 0
74676, 2035565
74677, 0
74679, 0
74687, 0
74690, 680132
74697, 0
74703, 0
74706, 0
74712, 0
74719, 0
74741, 0
74758, 678448
74762, 0
74769, 0
74772, 0
74773, 0
74786, 0
74794, 678540
74797, 0
74799, 1363132
74801, 0
74805, 0
74812, 0
74842, 0
74850, 680458
74856, 0
74857, 0
74858, 0
74864, 0
74865, 0
74875, 0
74879, 0
74899, 0
74910, 0
74915, 0
74920, 0
74928, 0
74930, 0
74936, 2718804
74951, 0
75039, 1383291
75041, 0
75044, 1359445
75050, 4758148
75053, 0
75056, 0
75058, 0
75062, 0
75063, 2765712
75066, 0
75068, 0
75080, 0
75081, 679985
75082, 0
75088, 0
75089, 0
75092, 0
75102, 0
75103, 0
75105, 680010
75113, 0
75114, 680095
75118, 0
75127, 0
75130, 0
75142, 0
75144, 0
75153, 0
75157, 0
75158, 680018
75171, 0
75185, 0
75191, 0
75200, 1360122
75213, 0
75217, 0
75219, 0
75220, 0
75221, 0
75223, 0
75240, 1360199
75246, 0
75249, 1360207
75257, 0
75260, 0
75264, 0
75269, 680108
75274, 0
75279, 680127
75282, 0
75284, 0
75290, 680437
75293, 28306352
75303, 0
75308, 0
75309, 0
75321, 680231
75338, 371314
75343, 6876139
75349, 0
75353, 0
75358, 0
75359, 0
75381, 0
75382, 0
75385, 0
75392, 0
75402, 1360478
75419, 0
75420, 0
75422, 148028
75426, 0
75440, 0
75441, 680248
75456, 0
75496, 1360578
75500, 697247
75506, 0
75528, 0
75536, 2721279
75538, 2040763
75549, 0
75556, 0
75557, 0
75572, 5126692
75573, 0
75584, 0
75588, 0
75591, 680396
75614, 0
75616, 7243380
75619, 692180
75626, 0
75638, 680442
75660, 680443
75670, 0
75682, 2040407
75685, 1360923
75698, 0
75704, 0
75706, 0
75718, 2722152
75719, 691438
75735, 683261
75749, 2726504
75753, 0
75756, 0
75761, 0
75765, 0
75773, 680849
75786, 6251104
75794, 0
75795, 0
75801, 0
75810, 0
75811, 0
75820, 0
75826, 0
75830, 0
75831, 0
75835, 0
75840, 0
75841, 681022
75843, 681023
75853, 0
75874, 0
75877, 0
75889, 1362068
75890, 0
75893, 1362109
75912, 2043372
75916, 2043542
75918, 0
75933, 0
75934, 0
75938, 0
75953, 0
75968, 0
75970, 5465027
75972, 0
75977, 0
75978, 0
75985, 0
76004, 0
76011, 0
76012, 0
76014, 0
76018, 694348
76033, 0
76035, 0
76042, 0
76046, 0
76052, 0
76058, 0
76083, 1363164
76098, 19637296
76101, 0
76102, 7504189
76104, 0
76105, 0
76108, 0
76115, 0
76124, 0
76134, 0
76155, 0
76162, 0
76163, 2044770
76167, 0
76177, 0
76183, 0
76219, 0
76225, 681597
76238, 0
76239, 0
76241, 0
76246, 0
76248, 0
76251, 1363228
76259, 0
76263, 0
76284, 2045500
76290, 0
76296, 0
76299, 5286769
76306, 0
76310, 0
76312, 0
76315, 0
76318, 681692
76324, 0
76332, 0
76333, 0
76350, 0
76352, 2767870
76356, 0
76359, 681849
76360, 0
76361, 682946
76363, 0
76409, 0
76411, 0
76412, 0
76421, 0
76422, 681945
76423, 0
76437, 0
76440, 0
76442, 0
76451, 0
76453, 2045908
76463, 0
76469, 0
76479, 127649338
76483, 0
76489, 0
76498, 0
76501, 0
76502, 0
76506, 0
76513, 698101
76516, 0
76526, 0
76528, 0
76541, 6134088
76548, 0
76551, 0
76556, 0
76572, 50316644
76588, 0
76590, 0
76593, 2084726
76600, 694272
76602, 0
76620, 0
76635, 0
76639, 0
76649, 0
76665, 0
76678, 0
76679, 0
76680, 682972
76681, 0
76689, 0
76693, 0
76698, 0
76700, 0
76715, 0
76719, 0
76724, 0
76731, 2048939
76736, 694296
76739, 0
76743, 1365981
76744, 0
76748, 682984
76758, 0
76762, 0
76771, 682993
76775, 0
76782, 0
76788, 0
76794, 0
76798, 0
76815, 1366077
76836, 0
76839, 0
76857, 0
76859, 0
76881, 0
76887, 0
76906, 0
77908, 0
77919, 0
77921, 0
77923, 6110068
77927, 0
77928, 683217
77929, 1382834
77930, 1366448
77936, 0
77945, 2732931
77954, 0
77963, 0
77965, 0
77968, 0
77978, 0
78013, 0
78022, 0
78029, 0
78039, 0
78041, 0
78054, 0
78061, 1391823
78062, 0
78064, 0
78065, 0
78069, 0
78076, 0
78079, 0
78087, 0
78095, 0
78100, 0
78101, 0
78103, 0
78108, 0
78138, 683263
78140, 0
78148, 0
78164, 0
78172, 1366530
78175, 0
78180, 0
78182, 0
78193, 0
78196, 0
78199, 0
78204, 0
78216, 4099934
78228, 1384861
78239, 0
78247, 0
78248, 0
78249, 1366802
78254, 0
78262, 0
78273, 8239881
78276, 0
78282, 0
78287, 0
78294, 683473
78299, 0
78300, 0
78308, 0
78314, 0
78315, 0
78321, 0
78324, 0
78327, 0
78328, 0
78329, 0
78334, 0
78340, 0
78347, 2062867
78350, 0
78370, 687631
78373, 0
78375, 0
78381, 0
78386, 0
78387, 0
78392, 0
78400, 0
78401, 0
78416, 0
78422, 0
78423, 0
78434, 2062903
78440, 0
78446, 687638
78458, 687640
78465, 0
78469, 0
78474, 0
78479, 0
78484, 0
78486, 0
78496, 0
78497, 0
78499, 0
78500, 0
78505, 0
78512, 0
78517, 0
78521, 0
78522, 0
78525, 4149708
78532, 0
78535, 690803
78539, 2060715
78552, 0
78554, 8942703
78570, 0
78574, 690785
78582, 0
78592, 0
78606, 0
78621, 0
78626, 0
78628, 0
78629, 0
78630, 0
78638, 1381595
78647, 0
78648, 0
78650, 690800
78657, 0
78672, 2072445
78673, 0
78678, 0
78690, 0
78693, 0
78700, 0
78704, 0
78713, 0
78716, 0
78726, 0
78729, 0
78739, 690823
78751, 0
78755, 0
78756, 0
78761, 0
78764, 0
78773, 1381653
78781, 0
78785, 0
78789, 0
78792, 0
78804, 0
78817, 4161885
78818, 0
78847, 0
78849, 0
78856, 0
78857, 0
78865, 691436
78871, 0
79906, 691450
79910, 0
79914, 0
79939, 0
79942, 2781547
79949, 6914706
79962, 0
79967, 0
79979, 0
80012, 2074510
80013, 7610295
80025, 691509
80030, 0
80040, 0
80050, 0
80058, 0
80064, 0
80069, 0
80071, 0
80085, 0
80090, 691642
80092, 0
80096, 0
80109, 0
80110, 11070577
80114, 0
80126, 0
80134, 0
80148, 0
80162, 0
80173, 0
80184, 0
80186, 4150234
80188, 0
80192, 0
80212, 0
80216, 1383531
80241, 0
80247, 0
80248, 0
80268, 0
80276, 0
80289, 0
80302, 0
80304, 0
80306, 0
80311, 0
80315, 0
80337, 0
80338, 0
80340, 0
80352, 0
80354, 0
80358, 0
80361, 1386036
80376, 0
80377, 0
80384, 0
80388, 0
80399, 0
80402, 0
80425, 0
80441, 0
80464, 0
80473, 0
80487, 0
80488, 0
80499, 0
80501, 0
80506, 0
80525, 692005
80527, 1391943
80533, 0
80534, 0
80552, 0
80554, 0
80559, 0
80560, 692047
80563, 1384102
80575, 0
80578, 0
80579, 0
80582, 692112
80586, 0
80588, 0
80597, 0
80601, 692114
80602, 692115
80604, 0
80607, 692168
80622, 692147
80634, 692150
80637, 0
80646, 1384315
80661, 0
80664, 0
80668, 692184
80691, 0
80695, 0
80705, 683272
80710, 0
80731, 692265
80735, 0
80736, 0
80738, 0
80739, 0
80741, 0
80744, 0
80750, 0
80751, 692266
80763, 0
80774, 0
80787, 0
80790, 0
80791, 0
80794, 0
80819, 0
80853, 2769774
80858, 0
80874, 9000001
80891, 0
80894, 0
80912, 0
80916, 0
80928, 0
80931, 0
80940, 0
80943, 0
80950, 0
80963, 0
80965, 0
80966, 0
80970, 0
80972, 0
80973, 0
80975, 0
80979, 0
80984, 0
81000, 0
81011, 0
81013, 0
81016, 692478
81017, 0
81036, 0
81039, 0
81044, 692485
81050, 0
81051, 0
81052, 692922
81077, 692487
81087, 0
81090, 0
81093, 0
81095, 0
81100, 0
81101, 0
81111, 0
81122, 0
81127, 0
81130, 0
81135, 0
81136, 0
81143, 0
81147, 0
81151, 0
81153, 0
81155, 0
81164, 0
81167, 0
81168, 4157230
81169, 0
81174, 0
81180, 0
81197, 0
81206, 0
81218, 692886
81220, 0
81223, 1385785
81232, 0
81243, 0
81244, 692897
81263, 1385826
81269, 0
81273, 0
81287, 0
81305, 0
81307, 0
81311, 0
81313, 0
81332, 8049586
81335, 694277
81349, 5543652
81354, 0
81389, 692982
81397, 0
81400, 0
81401, 0
81409, 0
81412, 0
81414, 0
81416, 0
81420, 1386004
81422, 692986
81429, 692992
81433, 0
81457, 0
81461, 1386118
81462, 2731884
81468, 1386131
81488, 1387094
81489, 0
81490, 0
81507, 693542
81508, 0
81520, 0
81528, 0
81529, 7628219
81530, 0
81533, 0
81544, 0
81553, 0
81561, 0
81567, 0
81577, 0
81583, 1387069
81587, 0
81588, 0
81598, 0
81605, 0
81607, 0
81609, 0
81621, 0
81626, 0
81632, 0
81633, 0
81639, 0
81645, 0
81649, 0
81663, 0
81671, 0
81674, 0
81680, 0
81686, 0
81688, 0
81709, 0
81722, 0
81730, 0
81738, 0
81745, 0
81758, 0
81760, 0
81767, 1387113
81773, 2774253
81776, 0
81784, 0
81786, 2774312
81790, 2774372
81801, 693601
81803, 698029
81804, 0
81807, 0
81815, 0
81828, 0
81835, 0
81838, 693625
81841, 0
81847, 0
81854, 693631
81856, 0
81869, 0
81876, 693637
81899, 0
81900, 3468965
81901, 0
81906, 0
81917, 0
81920, 693799
81925, 0
81927, 0
81928, 0
81936, 0
81947, 0
81948, 0
81970, 693712
81978, 0
81987, 0
82007, 693739
82020, 0
82037, 0
82045, 0
82047, 0
82048, 2081264
82056, 0
82059, 0
82067, 8155515
82074, 693786
82076, 0
82090, 0
82093, 0
82095, 693798
82096, 0
82102, 0
82104, 0
82106, 2081433
82111, 0
82122, 4163522
82132, 0
82139, 0
82143, 693878
82165, 0
82166, 0
82168, 0
82179, 692108
82182, 0
82192, 0
82193, 6944897
82194, 0
82197, 1387901
82207, 0
82209, 0
82214, 0
82222, 0
82229, 9023178
82230, 0
82241, 0
82245, 0
82266, 0
82273, 0
82279, 0
82283, 0
82303, 0
82323, 0
82328, 0
82330, 0
82335, 0
82338, 694518
82343, 0
82351, 0
82358, 0
82367, 694172
82376, 694166
82390, 0
82408, 0
82414, 694167
82420, 697444
82426, 0
82434, 0
82435, 694168
82441, 0
82447, 0
82448, 0
82488, 0
82491, 0
82498, 0
82505, 0
82510, 697132
82522, 694174
82531, 0
82538, 0
82540, 5553672
82542, 0
82546, 0
82561, 0
82566, 0
82568, 4872268
82571, 2777015
82572, 0
82577, 0
82582, 0
82583, 0
82584, 0
82588, 0
82599, 0
82616, 0
82627, 0
82634, 694276
82645, 0
82649, 0
82650, 0
82656, 0
82659, 0
82666, 0
82672, 0
82674, 0
82675, 0
82685, 0
82688, 0
82691, 697397
82695, 0
82698, 2777161
82702, 0
82713, 0
82724, 694295
82726, 0
82741, 0
82743, 0
82751, 0
82754, 0
82756, 0
82759, 0
82765, 0
82782, 0
82792, 0
82800, 0
82828, 694297
82836, 0
82840, 1388766
82841, 0
82843, 1388680
82845, 0
82851, 0
82852, 694452
82853, 694346
82861, 0
82884, 0
82891, 0
82904, 0
82906, 0
82928, 2083312
82951, 694453
82966, 0
82974, 694463
82977, 0
82978, 694464
82990, 0
83008, 0
83013, 694470
83017, 0
83019, 0
83022, 0
83036, 694472
83038, 0
83045, 0
83050, 697523
83053, 0
83060, 0
83073, 0
83076, 0
83088, 0
83089, 0
83122, 0
83124, 0
83134, 2086734
83135, 0
83138, 0
83140, 0
83141, 0
83150, 0
83161, 0
83168, 0
83174, 0
83180, 0
83183, 1391679
83186, 0
83189, 0
83191, 0
83197, 0
83207, 0
83209, 0
83211, 0
83215, 0
83234, 0
83236, 9030139
83244, 0
83246, 0
83251, 0
83253, 0
83257, 0
83260, 0
83269, 0
83270, 0
83272, 0
83286, 0
83291, 0
83292, 0
83300, 0
83314, 0
83320, 0
83330, 0
83337, 0
83341, 0
83361, 0
83371, 0
83382, 697206
83384, 0
83385, 0
83386, 0
83389, 694698
83392, 0
83409, 0
83427, 0
83428, 0
83430, 0
83457, 0
83468, 0
83469, 3474161
83480, 2084848
83484, 0
83492, 0
83501, 0
83503, 0
83514, 0
83515, 0
83519, 2084908
83521, 0
83527, 0
83554, 0
83556, 0
83561, 0
83565, 0
83571, 0
83579, 6752508
83581, 0
83592, 0
83593, 695776
83596, 0
83598, 4869297
83601, 0
83608, 0
83622, 695475
83631, 0
83632, 0
83633, 0
83645, 0
83646, 0
83657, 695477
83660, 0
83662, 0
83664, 0
83665, 0
83670, 697209
83671, 0
83673, 0
83687, 0
83694, 695495
83730, 0
83733, 0
83738, 0
83739, 0
83742, 2087303
83743, 0
83756, 0
83778, 0
83783, 2783258
83786, 1161482
83805, 695837
83812, 0
83815, 0
83832, 695835
83835, 0
83838, 0
83840, 0
83851, 0
83880, 0
83887, 695844
83897, 0
83898, 0
83901, 0
83929, 0
83935, 0
83937, 0
83947, 0
83955, 0
83957, 0
83962, 0
83971, 695913
83976, 0
83999, 695905
84000, 4871213
84008, 0
84020, 0
84027, 0
84033, 0
84040, 0
84044, 0
84058, 0
84062, 0
84068, 0
84071, 0
84083, 0
84114, 696214
84128, 1391834
84131, 0
84144, 4175611
84149, 0
84152, 0
84154, 0
84159, 0
84164, 0
84175, 0
84176, 0
84179, 0
84182, 0
84191, 0
84206, 0
84210, 696005
84220, 0
84230, 0
84240, 0
84243, 0
84245, 0
84264, 0
84272, 8365192
84277, 0
84282, 0
84287, 0
84288, 0
84289, 0
84290, 696009
84292, 0
84295, 0
84337, 0
84339, 697538
84340, 696132
84342, 0
84347, 0
84365, 696159
84371, 696135
84390, 4878773
84393, 1392418
84403, 0
84404, 0
84413, 0
84421, 0
84430, 7447324
84431, 4874065
84434, 0
84454, 2091569
84473, 0
84475, 696312
84482, 0
84484, 0
84499, 0
84509, 0
84510, 0
84514, 0
84520, 0
84526, 4177956
84527, 696318
84529, 0
84530, 0
84533, 0
84549, 0
84558, 0
84560, 0
84563, 696371
84568, 0
84577, 0
84587, 0
84591, 0
84595, 0
84616, 0
84632, 0
84646, 2094536
84653, 0
84664, 0
84677, 0
84700, 4877463
84708, 0
84711, 0
84714, 0
84726, 0
84731, 0
84743, 0
84748, 0
84752, 0
84759, 2091479
84768, 0
84772, 0
84778, 0
84802, 0
84804, 0
84834, 0
84840, 0
84846, 0
84872, 0
84874, 0
84885, 2091672
84914, 0
84919, 0
84939, 0
84944, 0
84950, 697979
84951, 0
84952, 0
84955, 697293
84961, 0
84966, 697296
84990, 0
85007, 0
85008, 0
85011, 697303
85015, 0
85022, 0
85027, 0
85037, 0
85042, 0
85043, 0
85044, 0
85045, 2091932
85047, 0
85055, 0
85059, 697317
85073, 0
85077, 0
85086, 1394647
85099, 0
85101, 697333
85130, 0
85136, 0
85140, 1394675
85157, 0
85168, 0
85180, 0
85181, 697345
85182, 0
85187, 0
85198, 697344
85202, 0
85205, 0
85211, 0
85212, 0
85220, 0
85222, 2092161
85230, 0
85239, 0
85242, 2092067
85244, 0
85245, 0
85258, 2092132
85259, 697368
85265, 0
85269, 0
85272, 0
85281, 0
85319, 0
85320, 0
85322, 0
85336, 0
85348, 0
85349, 0
85350, 0
85355, 0
85379, 2092233
85392, 0
85402, 697436
85403, 0
85406, 697434
85411, 697405
85427, 697416
85428, 0
85435, 1394842
85444, 0
85466, 0
85471, 697445
85489, 0
85500, 0
85508, 697447
85531, 1394906
85535, 697693
85537, 0
85554, 0
85578, 697506
85580, 697461
85582, 1829594
85585, 0
85593, 0
85595, 0
85599, 697462
85606, 0
85608, 0
85610, 0
85616, 1394927
85640, 0
85652, 0
85653, 0
85674, 0
85681, 0
85682, 0
85693, 697505
85707, 0
85711, 697470
85729, 0
85768, 0
85776, 0
85784, 0
85789, 0
85801, 0
85811, 0
85818, 697507
85829, 0
85834, 0
85847, 0
85856, 0
85877, 0
85889, 697627
85916, 0
85918, 0
85920, 0
85934, 0
85966, 0
85979, 0
85982, 0
85984, 0
85988, 0
85994, 697769
86000, 0
86002, 0
86005, 0
86006, 0
86059, 0
86066, 0
86067, 0
86070, 1395204
86078, 1395108
86084, 0
86112, 0
86124, 697558
86136, 0
86142, 697610
86150, 697618
86159, 0
86166, 0
86186, 0
86187, 0
86189, 0
86201, 0
86206, 697631
86214, 0
86217, 0
86235, 0
86247, 0
86257, 0
86258, 697643
86270, 0
86277, 0
86285, 697645
86286, 1395340
86307, 0
86315, 2790812
86321, 0
86324, 0
86330, 0
86331, 0
86355, 0
86358, 0
86367, 0
86381, 0
86391, 697646
86393, 0
86397, 0
86399, 0
86401, 0
86405, 0
86407, 0
86409, 0
86410, 0
86418, 0
86419, 0
86425, 0
86429, 697831
86432, 0
86452, 0
86463, 0
86469, 0
86475, 0
86480, 0
86481, 0
86483, 0
86484, 1395526
86500, 1395513
86511, 0
86526, 0
86534, 0
86549, 697779
86556, 0
86561, 697769
86566, 0
86571, 0
86577, 0
86588, 0
86597, 0
86634, 0
86638, 0
86649, 0
86662, 3343857
87669, 0
87679, 0
87680, 0
87688, 0
87711, 2791791
87721, 0
87724, 0
87729, 0
87733, 697984
87752, 1395990
87754, 0
87755, 0
87767, 0
87773, 0
87775, 0
87779, 4868478
87784, 698019
87794, 0
87806, 0
87816, 0
87819, 0
87821, 0
87842, 1396051
87846, 0
87860, 0
87868, 1396098
87871, 698175
87885, 0
87890, 0
87894, 0
87899, 0
87902, 0
87910, 0
87913, 1396134
87921, 0
87925, 0
87933, 0
87935, 0
87954, 0
87968, 0
87975, 0
87983, 698099
87986, 0
87993, 0
87998, 698210
88011, 0
88026, 0
88033, 0
88048, 0
88055, 0
88056, 1396274
88059, 2094422
88061, 0
88063, 0
88064, 0
88065, 0
88075, 0
88101, 0
88113, 0
88120, 0
88126, 0
88129, 1396296
88139, 0
88148, 0
88153, 0
88160, 698215
88162, 0
88164, 698172
88175, 698174
88180, 0
88183, 0
88187, 0
88188, 0
88193, 0
88194, 698182
88205, 698197
88209, 0
88210, 0
88213, 2094604
88225, 0
88227, 698209
88229, 0
88234, 0
88259, 0
88265, 0
88266, 698211
88282, 698216
88291, 698222
88308, 0
88315, 0
88325, 0
88337, 698226
88344, 0
88351, 0
88354, 0
88363, 698243
88367, 0
88369, 0
88371, 0
88376, 0
88378, 0
88381, 0
88385, 698275
88388, 0
88397, 0
88406, 0
88410, 0
88414, 0
88415, 0
88433, 0
88438, 0
88453, 0
88455, 0
88457, 0
88461, 0
88463, 0
88470, 0
88478, 0
88480, 0
88484, 698285
88485, 0
88487, 0
88488, 0
88489, 0
88490, 0
88496, 0
88499, 0
88505, 0
88510, 0
88511, 0
88516, 0
88517, 698286
88528, 0
88546, 0
88548, 0
88565, 0
88580, 0

run time: 0.79s (00:48:34)
