Temporalmotifs. build: 00:46:17, Apr 20 2018. Time: 00:46:33 [Apr 19 2018]
==========================================================================
usage: temporalmotifsmain
   -i:Input directed temporal graph file (default:'data/tp2/sx-mathoverflow-c2a-tp2.txt')
   -o:Output file in which to write counts (default:'temporal-motif-c2a-tp2.txt')
   -delta:Time window delta (default:1.32188e+09)
   -nt:Number of threads for parallelization (default:4)
1, 11446184
2, 2789202
3, 54828324
4, 2
7, 2732347
11, 0
22, 197490994
25, 8
27, 0
32, 13552949
37, 0
40, 19855968
45, 192836012
49, 637070777
50, 0
51, 8599384
65, 4261380
66, 234578085
75, 848509846
78, 368860954
83, 14328355
88, 21
93, 2
98, 0
100, 19438279
102, 74837891
109, 11963163
110, 0
111, 2445974
121, 1575594019
136, 50727754
140, 0
142, 0
143, 24727511
175, 2499618
184, 264313483
238, 386927955
239, 5637916
250, 80481040
255, 0
259, 9632703
261, 0
262, 0
271, 5513607
274, 0
284, 227255798
288, 5585770
290, -1199385917
297, -1173689822
299, 88195881
302, 4179231
303, 17853969
307, 0
310, 7848141
317, 666638207
318, 43959965
321, 12874822
324, 0
327, 0
332, 0
333, 5069363
339, 9
343, 4360473
344, 381976509
345, 11474372
346, 10305726
348, 5595754
349, 7449873
350, 2787754
351, 21760610
353, 72424040
359, 0
360, 415143894
362, 0
367, 2924576
370, 867960
373, 0
377, 0
379, 14093980
380, 0
381, 360394578
382, 10665942
385, 5190134
386, 0
389, 0
391, 508504526
394, 19493300
396, 168265666
397, 0
398, 78494895
401, 2
402, 190158772
404, 47
405, 38865537
406, 104133221
408, 2386766
412, 0
416, 0
421, 0
422, 0
424, 19418191
425, 2577389
426, 0
428, 8331810
430, 138072014
431, 498477913
434, 0
437, 209168065
439, 6472729
440, 13974023
441, 0
445, 0
447, 25787808
448, 0
450, 454492792
451, 47625776
454, 1803054896
458, 0
460, 23799696
461, 13879581
462, 0
463, 0
468, 23800292
469, 0
473, 5359358
477, 2622373
484, 6
491, 0
492, 3
493, 2581471
507, 0
509, 0
519, 21921533
532, 7678499
556, 828423
558, 1
571, 0
577, 0
580, 0
582, 206449275
586, 901102849
602, 0
605, 3028810
613, 1244868278
619, 0
622, 18
630, 305742018
634, 0
643, 0
644, 298015678
651, 0
658, 19359580
674, 0
675, 5504637
683, 152251424
689, 2954137
699, 0
703, 384179935
709, 2681534
717, 0
728, 0
730, 2880724
732, 0
733, 77240015
734, 0
744, 0
745, 112678563
749, 0
750, 14
756, 2
757, 0
763, -1955959381
766, 969758769
767, 0
778, 44209286
784, 0
785, 2916291
791, 16320815
797, 0
800, 0
801, 511026542
802, 7
806, 61388130
812, 0
818, 0
824, 122853781
825, 0
827, 2918876
828, 12851017
838, 0
840, 2508423
848, 13662067
865, 0
874, 0
881, 1
889, 10
890, 3036853
908, 0
910, 0
913, 0
914, 0
915, 2933312
916, 0
919, 11729449
927, 0
930, 0
932, 2691864
933, 0
934, 3349565
935, 444731339
938, 0
943, 432760303
947, 16
949, 3
950, 0
952, 0
955, 326913519
956, 36175149
960, 2867325
961, 0
965, 0
970, 2681533
972, 4363711
979, 0
986, 6
987, 0
992, 0
1000, 0
1004, 175551368
1005, 6
1015, 5734573
1017, 23179612
1018, 0
1021, 88684711
1023, 0
1028, 2757094
1037, 0
1040, 49811767
1041, 2
1042, 0
1044, 245006007
1046, 2919555
1047, 0
1048, 2691962
1049, 14042638
1050, 115272198
1055, 8853273
1056, 208156882
1058, 3057296
1059, 7585245
1060, 0
1061, 170081418
1068, 1282021
1073, 0
1074, 2717142
1079, 4698853
1084, 0
1094, 44852938
1095, 0
1096, 182771452
1098, 7873617
1100, 6392082
1102, 0
1104, 0
1106, 576422436
1107, 4824510
1109, 4394804
1114, 16689392
1119, 5218065
1121, 0
1123, 0
1131, 1277230452
1143, 10765360
1146, 0
1148, 5799741
1149, 558884736
1150, 0
1162, 192780095
1168, 0
1171, 3
1172, 0
1176, 1549606927
1179, 27842363
1182, 0
1185, 0
1186, 2732351
1190, 85988486
1193, 0
1198, 55399725
1199, 3037219
1202, 0
1220, 0
1223, 50307652
1227, 5369333
1229, 0
1231, 2570144
1233, 7625902
1234, 0
1238, 0
1243, 0
1246, 0
1249, 0
1256, 2820819
1261, 52699845
1266, 393900956
1272, 0
1281, 2797998
1291, 121167701
1302, 12
1306, 415445272
1310, 1063660198
1320, 2578806
1322, 0
1327, 0
1328, 14499551
1335, 59066438
1345, 1484087184
1353, 36508267
1355, 372286668
1358, 158704362
1360, 0
1375, 0
1378, 9055547
1384, 117933614
1400, 8854567
1409, -1523712555
1423, 0
1434, 0
1437, 85861208
1441, 1621768972
1446, 138385945
1450, 303200112
1459, 84490678
1463, 526144871
1464, 61649706
1465, 1121468857
1467, 0
1474, 23897856
1478, 2751910
1481, 31191856
1483, 98554652
1492, 78389176
1508, 15747316
1516, 6126536
1528, 21587261
1532, 464045815
1536, 0
1537, 0
1539, 0
1540, 83475757
1546, 18839242
1547, 0
1557, 38457397
1568, 5431246
1573, 480323727
1579, 0
1580, 1
1585, 0
1587, 56738429
1589, 2807866
1590, 7234991
1593, 223690258
1599, 0
1606, 0
1610, 2547041
1618, 0
1619, 0
1622, 2549982
1631, 18670392
1636, 0
1645, 0
1648, 8583516
1649, 34019596
1650, 117426139
1657, 0
1662, 0
1666, 0
1674, 24796735
1680, 0
1682, 146530610
1688, 142054101
1698, 3
1703, 23945541
1708, 5
1713, 0
1715, 8114241
1729, 7437244
1737, 21738430
1744, 0
1770, 0
1777, 0
1784, 5293359
1785, 0
1797, 10788585
1805, 0
1811, 5149889
1816, 8756640
1822, 6
1826, 23650535
1832, 3245904
1837, 0
1840, 12722209
1841, 2213670
1847, 122916304
1849, 0
1851, 0
1859, 0
1862, 0
1874, 7010883
1877, 0
1878, 0
1884, 6
1887, 25642209
1888, 0
1894, 2528486
1898, 599852627
1907, 6
1916, 2619967
1921, 0
1924, 2346472
1936, 0
1939, 141860782
1946, -626159656
1947, 0
1953, 8868872
1964, 0
1969, 2912199
1979, 0
1980, 0
1982, 0
1985, 5775506
1988, 0
1992, 2
1993, 15568965
1997, 0
2000, 1221413788
2003, 0
2004, 7573522
2008, 0
2011, 0
2024, 80487846
2029, 7831268
2031, 0
2035, 57079389
2036, 0
2039, 243231028
2040, 0
2042, 32919422
2043, 0
2044, 20
2051, 985781572
2052, 5799873
2055, 10324472
2056, 21
2060, 5047610
2081, 7874116
2082, 3
2083, 89833188
2089, 17671411
2095, 70936492
2096, 0
2097, 2562511
2106, 51530763
2109, 0
2114, 0
2126, 0
2129, 0
2138, 0
2143, 0
2147, 2420210
2149, 5
2164, 4961491
2165, 0
2181, 2447457
2183, 2757360
2189, 0
2191, 85857728
2192, 20768501
2196, 0
2203, 812137
2206, 0
2209, 3056209
2218, 0
2225, 0
2233, 384258138
2234, 70988047
2246, 0
2264, 43866577
2266, 0
2267, 0
2273, 87349814
2274, 0
2275, 0
2284, 84800369
2290, 773873425
2293, 0
2294, 14656535
2305, 10430516
2308, 2793732
2310, 8414521
2312, 19295342
2318, 14195570
2327, 0
2328, 0
2341, 0
2348, 13283250
2349, 201522795
2353, 0
2356, 83469315
2362, 22308061
2363, 121468912
2365, 0
2368, 0
2381, 23210122
2383, 5596182
2384, 947646325
2386, 0
2389, 10
2391, 0
2436, 5418615
2454, 1
2467, 2866613
2480, 0
2481, 419612900
2490, 1
2497, 0
2502, 0
2503, 70234731
2508, 2535924
2510, 0
2530, 963943080
2536, 13
2546, 0
2554, 515700460
2555, 0
2562, 5382470
2565, 0
2568, 0
2575, 32328069
2578, 2937647
2579, 0
2586, 2534676
2597, 0
2610, 0
2612, 1
2618, 1
2620, 0
2621, 0
2622, 431985874
2623, 5634320
2627, 132356564
2628, 0
2631, 10909298
2641, 0
2642, 5723049
2648, 3036906
2657, 2939851
2659, 0
2663, 0
2664, 8352165
2666, 2531976
2669, 196401388
2672, 356733445
2673, 0
2678, 13218267
2689, 2948133
2693, 0
2698, 191605647
2701, 0
2702, 0
2720, 46113131
2733, 216726498
2741, 0
2757, 0
2763, 0
2783, 0
2784, 12669630
2788, 0
2795, 0
2796, 0
2807, 311285462
2811, 39669594
2819, 5631417
2821, 849623014
2823, 2594593
2833, 6
2837, 175986733
2841, -1691871158
2857, 0
2865, 14685587
2868, 259342131
2874, 143354477
2883, 2953892
2888, 0
2893, 157343197
2900, 24547871
2906, 48321976
2923, 0
2926, -455595955
2938, 8
2944, 0
2954, 1804126276
2968, 11542579
2985, 25240188
2991, 0
3005, 486335
3011, 2951436
3029, 5127886
3032, 19006191
3035, 0
3040, 16757221
3041, 239633658
3049, 0
3054, 2868670
3065, 1
3075, 8056585
3077, 45793564
3092, 2
3106, 1109506986
3118, 10879129
3121, 0
3132, 19557862
3143, 5594177
3154, 0
3160, 0
3161, 0
3166, 1
3168, 2666709
3183, 7710679
3193, 0
3199, 76595012
3205, 0
3206, 13655649
3210, 2866851
3214, 2690147
3233, 2490500
3237, 0
3238, 0
3272, 582899380
3277, 2704746
3293, 0
3304, 0
3314, 0
3324, 707213359
3329, 0
3332, 5865054
3333, 19572997
3338, 0
3343, 8412705
3345, 0
3356, 1
3365, 5865958
3375, 0
3376, 48
3377, 32681634
3380, 27137076
3384, 62793713
3394, 0
3396, 13
3400, 6220815
3401, 35539263
3402, 373994280
3404, 0
3405, 2788562
3409, 9
3441, 556804
3449, 0
3454, 0
3460, 27684876
3461, 5123820
3462, 23645929
3465, 14543059
3473, 21777923
3478, 0
3479, 0
3485, 148668255
3493, 666351925
3494, 0
3502, 73222219
3503, 309470001
3509, 0
3521, 581454035
3525, 19543780
3528, 477155114
3532, 2
3536, 0
3537, 0
3544, 25183814
3545, 238418656
3546, 19145270
3547, 0
3556, 3910085
3568, 1054498831
3569, 0
3572, 0
3593, 26464341
3602, 0
3603, 103817945
3613, 0
3620, 0
3621, 157153092
3623, 0
3634, 87458427
3635, 0
3641, 0
3642, 0
3645, 0
3651, 86339631
3659, 103178142
3664, 4776166
3669, 66
3676, 0
3680, 14096340
3682, 0
3684, -1919774755
3696, 0
3698, 15516059
3709, 0
3710, 14406161
3711, 264069026
3723, 5824290
3736, 1
3753, 13405677
3757, 0
3759, 2420341
3773, 0
3775, 5071847
3785, 0
3787, 1
3803, 54531584
3811, 0
3822, 0
3824, 5518204
3828, 0
3837, 2
3840, 2535574
3847, 429852535
3848, 8353407
3859, 24601097
3874, 11492911
3891, 21480327
3896, 0
3897, 14521758
3901, 71760480
3902, 10829698
3907, 0
3909, 0
3919, 2
3922, 12902787
3923, 0
3927, 0
3928, 19562891
3931, 186027404
3935, 10931164
3945, 16514098
3948, 256215286
3958, 5344079
3959, 113615673
3960, 0
3961, 0
3969, 34051375
3970, 2
3977, 8457101
3983, 58
3992, 212507999
3993, 142220432
3995, 97876300
3996, 75755900
4002, 5596735
4003, 50949674
4008, 0
4020, 0
4031, 0
4035, 0
4036, 0
4040, 94031068
4042, 50629145
4046, 0
4047, 0
4053, 13411359
4054, 91085655
4067, 0
4069, 10425374
4076, 0
4078, 0
4080, 0
4085, 0
4086, 8461812
4096, 139110543
4100, 3
4106, 0
4111, 1
4117, 1306049
4118, 44625323
4119, 0
4128, 0
4129, 2
4133, 0
4137, 27875995
4140, 20400188
4144, 737961376
4149, 106070324
4158, 12709991
4162, 0
4164, 8855895
4167, 0
4170, 6
4177, 1633742369
4180, 9681424
4181, 17303622
4183, 2384898
4194, 15420642
4201, 0
4213, 2399987
4221, 0
4231, 1401787456
4232, 0
4235, 0
4245, 28371770
4246, 8255787
4248, 7729106
4250, 0
4262, 7969096
4267, 0
4274, 0
4281, 2757054
4290, 0
4298, 1597262
4304, 2560910
4312, 160674531
4315, 2691879
4325, 29358387
4333, 13964616
4336, 8003007
4344, 0
4345, 2752340
4351, 34928319
4354, 311727603
4356, 3
4357, 0
4358, 0
4361, 6
4362, 407734025
4366, 7488276
4367, 0
4384, 3
4391, 2
4394, 0
4398, 11387288
4402, 0
4423, 244544305
4428, 717421026
4430, 0
4433, 3
4438, 0
4446, 0
4463, 136879752
4466, 0
4477, 2719579
4486, 0
4497, 0
4500, 0
4504, 3055720
4517, 11646566
4526, 2490517
4528, 167923416
4534, 0
4535, 0
4542, 25507271
4554, 0
4555, 0
4556, 143564340
4558, 7603971
4566, 0
4572, 106349518
4580, 42135773
4593, 0
4594, 7729132
4600, 34557450
4614, 67322076
4619, 0
4621, 0
4622, 1784412
4624, 0
4625, 0
4626, 0
4639, 160820078
4643, 1
4648, 0
4649, 165577451
4653, 29222546
4658, 0
4659, 41868820
4661, 39282145
4672, 0
4677, 0
4690, 47175404
4696, 31161633
4701, 5820939
4706, 16351895
4707, 58442036
4710, 0
4716, 14438437
4720, 664704333
4721, 343099420
4732, 0
4737, 0
4745, 2696074
4753, 7797252
4760, 8698047
4762, 0
4763, 10385149
4767, 6125025
4769, 2919860
4778, 0
4783, 0
4789, 10
4790, 489036991
4794, 17749251
4800, 70939345
4814, 13323531
4821, 0
4831, 2977995
4832, 296282600
4836, 2978994
4842, 0
4854, 5232046
4872, 25973250
4874, 15489239
4878, 1
4890, 2875027
4910, 21789233
4913, 0
4915, 2
4923, 77996196
4925, 34415744
4953, 10925201
4959, 2668612
4960, 0
4961, 451012449
4971, 8733008
4974, 0
4987, 111451
4991, 0
4994, 6
4997, 0
5001, 2910815
5002, 0
5010, 27433350
5015, 86105445
5017, 89547850
5018, 2795593
5031, 10719456
5034, 56755329
5043, 0
5045, 0
5066, 5409557
5069, 15999381
5072, 2818815
5081, 25929133
5082, 0
5090, 0
5091, 500162812
5094, 110818639
5097, 0
5100, 9614581
5101, 84204326
5110, 0
5124, 0
5142, 19547743
5147, 4933874
5152, 5701179
5153, 0
5175, 61567975
5177, 0
5181, 25193702
5199, 0
5200, 0
5206, 2908971
5229, 245675125
5239, 5592470
5251, 0
5259, 60306995
5263, 37466303
5267, 6
5274, 0
5279, 0
5281, 5775118
5292, 2495858
5295, 1
5301, 188069049
5304, 0
5309, 1349976
5310, 0
5312, 0
5323, 0
5328, 2616778
5337, 0
5339, 0
5340, 276676662
5371, 17091354
5372, 0
5373, 2679834
5375, 0
5378, 2550502
5387, 0
5403, 0
5407, 0
5413, 2574935
5420, 4363753
5428, 1306068
5429, 0
5442, 184844167
5450, 0
5463, 0
5482, 0
5484, 14233519
5495, 17122275
5496, 9
5497, 0
5498, 9491071
5499, 8698078
5506, 38334104
5513, 202907539
5516, 5759148
5519, 1
5526, 0
5531, 0
5534, 8581496
5542, 0
5550, 0
5572, 0
5575, 70369262
5583, 90081915
5585, 13099973
5587, 127294993
5609, 0
5621, 0
5627, 0
5628, 17740121
5656, 139
5659, 14179636
5678, 8
5690, 857015090
5697, 29428239
5698, 2447958
5701, 39865868
5702, 0
5708, 29563860
5709, 0
5710, 0
5712, 107481748
5714, 0
5723, 2508589
5732, 2609442
5734, 0
5736, 0
5738, 0
5740, 244873844
5743, 82529362
5744, 10465668
5751, 0
5753, 8057336
5756, 5762101
5761, 0
5768, 0
5775, 3027885
5784, 202
5789, 2846454
5790, 0
5792, 0
5794, 14097685
5801, 37
5810, 346541996
5813, 0
5818, 0
5831, 0
5849, 15189912
5869, 0
5873, 0
5883, 0
5887, 2796086
5899, 0
5901, 0
5903, 22245121
5917, 20105022
5935, 2819563
5937, 3028748
5952, 10203743
5963, 284878250
5965, 0
5970, 2792888
5984, 3054336
5993, 0
5998, 0
6015, 9010412
6023, 0
6027, 0
6030, 5123851
6032, 92647086
6034, 0
6035, 0
6040, 2624519
6043, 55278615
6045, 0
6048, 0
6060, 0
6067, 0
6074, 0
6084, 14604105
6085, 875025142
6094, -591552479
6096, 12
6101, 1951637609
6107, 1668802
6126, 0
6129, 0
6133, 40944799
6140, 2399994
6151, 0
6153, 239032315
6154, 0
6172, 1306069
6183, 0
6187, 2691225
6205, 72388396
6206, 37417030
6209, 0
6214, 37335148
6223, 0
6249, 2846700
6254, 5363492
6262, 126116847
6269, 245383051
6270, 0
6278, 13704340
6295, 0
6301, 10989154
6316, 259170865
6325, 8393796
6328, 0
6339, 0
6342, 0
6347, 0
6348, 150845911
6355, 0
6360, 2550882
6400, 0
6415, 5840104
6427, 2734671
6429, 0
6430, 20254636
6451, 401403151
6460, 36191154
6481, 107176801
6485, 5193278
6486, 0
6494, 48354476
6495, 0
6503, 2440903
6506, 643559005
6514, 29074486
6515, 0
6517, 0
6518, 0
6521, 0
6522, 14091146
6526, 0
6545, 255650217
6563, 0
6569, 9
6574, 38702154
6575, 6
6579, 0
6628, 0
6634, 0
6637, 0
6641, 0
6646, 31483118
6647, 132501605
6649, 8727334
6651, 2534667
6658, 0
6666, 1386059634
6668, 38133566
6670, 0
6698, 185886821
6699, 0
6700, 0
6701, 0
6710, 117404607
6716, 0
6728, 0
6749, 0
6751, 0
6753, 49425543
6756, 189432544
6761, 0
6766, 0
6771, 2213646
6772, 0
6776, 0
6779, 13764134
6781, 0
6787, 0
6789, 0
6794, -1357505912
6797, 0
6801, 15569459
6818, 157034604
6822, 0
6827, 93442295
6834, 0
6836, 872739
6842, 2445565
6849, 7866973
6856, 40383403
6858, 0
6862, 0
6871, 40687588
6872, 2213916
6886, 3056416
6901, 0
6921, 0
6936, 350770246
6942, 21295411
6949, 2679884
6950, 266899622
6953, 18772321
6976, 1236958972
6985, 0
6986, 24437624
6998, 0
6999, 0
7001, 0
7004, 0
7016, 0
7020, 0
7021, 2566726
7031, 125246291
7035, 2616779
7041, 0
7048, 0
7060, 0
7076, 5505976
7092, 53623844
7093, 0
7103, 0
7106, 0
7108, 39275091
7110, 0
7120, 0
7126, 0
7139, 0
7144, 0
7150, 0
7153, 0
7165, 0
7193, 24590415
7200, 0
7206, 1194746741
7209, 0
7222, 0
7227, 0
7252, 28438872
7265, 0
7281, 5139548
7294, 33247053
7302, 0
7307, 6545501
7311, 214441778
7313, 22798696
7320, 0
7333, 171837877
7335, 0
7341, 3312908
7348, 3056219
7352, 8002784
7359, 2920366
7360, 0
7368, 11648745
7378, 0
7392, 9971342
7399, 70956608
7402, 81071621
7409, 0
7410, 445522974
7437, 13846195
7442, 17118243
7443, 13120837
7448, 0
7455, 0
7458, 59551783
7460, 635154103
7482, 28768878
7492, 0
7505, 0
7507, 28501163
7518, 0
7519, 12481228
7521, 0
7530, 5854713
7538, 0
7576, 5226886
7591, 5438638
7599, 11550888
7607, 0
7608, 0
7631, 42233221
7644, 26206680
7646, 0
7653, 2732351
7666, 323761812
7671, 2793957
7673, 0
7683, 0
7685, 0
7687, 0
7699, 0
7709, 139024412
7710, 84562647
7712, 0
7717, 2899830
7718, 0
7721, 111246052
7725, 0
7728, 2866614
7732, 0
7736, 0
7743, 303595070
7747, 3056417
7759, 40946320
7762, 121187900
7763, 0
7767, 0
7772, 5400976
7779, 2735256
7813, 5879652
7816, 0
7831, 0
7837, 0
7842, 0
7845, 22395262
7851, 0
7867, 0
7868, 81125538
7872, 0
7877, 0
7878, 5890358
7894, 16140520
7932, 9196182
7934, 5567543
7936, 2704261
7949, 0
7952, 86583904
7961, 0
7967, 0
7982, 0
7983, 0
8003, 20263600
8008, 1731787882
8027, 0
8032, 197681939
8041, 2952482
8047, 0
8050, 2880341
8059, 0
8070, 0
8075, 0
8080, 0
8084, 2704867
8092, 0
8096, 0
8099, 0
8103, 818522223
8106, 34324761
8112, 2615846
8131, 29607502
8133, 648680796
8134, 0
8135, 5470516
8145, 2955224
8146, 0
8157, 0
8162, 0
8176, 76569520
8183, 35458688
8187, 0
8193, 2918579
8196, 0
8197, 8388872
8202, 0
8212, 20067293
8217, 6072597
8250, 0
8252, 0
8257, 0
8264, 0
8272, 0
8288, 0
8309, 0
8320, 66408774
8337, 0
8338, 22796798
8345, 2664392
8353, 0
8354, 0
8358, 0
8379, 4684754
8380, 0
8381, 0
8382, 36803951
8385, 937425726
8394, 0
8410, 61372314
8415, 0
8417, 0
8419, 9680750
8426, 0
8430, 1239547705
8435, 21755886
8441, 0
8446, 5878815
8452, 0
8460, 0
8472, 0
8473, 0
8479, 0
8482, 0
8494, 0
8508, 402119256
8537, 2752787
8538, 0
8541, 0
8547, 0
8574, 0
8584, 0
8588, 168069921
8590, 37661501
8604, 20023665
8615, 13326389
8621, 21325381
8639, 2910379
8646, 0
8648, 2901100
8680, 0
8684, 2537614
8699, 49558619
8702, 0
8707, 0
8719, 54405441
8723, 0
8725, 0
8726, 99898730
8733, 10719566
8737, 26748629
8739, 0
8751, 0
8755, 0
8761, 76366472
8769, 1361430
8776, 0
8779, 0
8784, 6056683
8786, 0
8794, 2809
8798, 10498382
8799, 993698991
8811, 0
8818, 63888741
8824, 21821848
8833, 0
8842, 0
8843, 44664409
8846, 0
8855, 0
8857, 109164030
8871, 0
8875, 0
8887, 74419356
8891, 0
8899, 49432837
8906, 2691271
8914, 45304147
8916, 0
8923, 43879964
8927, 0
8932, 0
8933, 0
8934, 0
8938, 0
8942, 0
8955, 2468373
8966, 0
8969, 0
8974, 5908099
8991, 35087801
9005, 0
9015, 0
9021, 0
9022, 107954151
9024, 0
9025, 1220146108
9035, 2817081
9044, 0
9057, 0
9062, 5083576
9065, 2681546
9068, 72274363
9072, -722525611
9091, 3058125
9093, 20512012
9101, 2690594
9102, 2550035
9114, 0
9118, 0
9121, 0
9124, 5100788
9149, 0
9154, 2759109
9156, 0
9161, 5387204
9164, 37161241
9187, 5071093
9202, 0
9211, 2525527
9232, 0
9248, 5674477
9253, 2428895
9260, 0
9269, 293342905
9271, 0
9275, 0
9286, 0
9300, 1602055
9304, 8413811
9305, 8761164
9310, 0
9316, 2681532
9317, 1393281822
9324, 0
9347, 0
9352, 0
9379, 0
9390, 0
9401, 0
9404, 0
9417, 31040043
9422, 10713432
9430, 41212815
9449, 225755253
9455, 2805589
9463, 0
9471, 4394822
9479, 0
9481, 2188285
9485, 23618864
9486, 0
9498, 0
9502, 176278944
9504, 0
9514, 0
9516, 0
9522, 0
9534, 652122
9545, 0
9546, 0
9547, 24483999
9550, 12724765
9563, 14743410
9564, 30332587
9569, 0
9581, 13593834
9610, 0
9617, 81533007
9626, 0
9645, 0
9652, 42354315
9658, 12984328
9661, 0
9663, 0
9672, 62863686
9684, 16396374
9694, 39434034
9710, 0
9716, 0
9730, 0
9736, 0
9791, 0
9793, 0
9800, 0
9804, 0
9825, 0
9833, 28505336
9836, 0
9840, 3061881
9842, 0
9849, 5824516
9850, 2672044
9852, 5339876
9853, 0
9858, 0
9869, 0
9870, 0
9871, 190365164
9878, 0
9890, 18113243
9891, 0
9896, 10447996
9915, 0
9924, 543966306
9928, 596164589
9942, 8761336
9946, 0
9947, 216065757
9960, 0
9961, 0
9970, 31731954
9991, 14688285
10001, 0
10004, 0
10007, 2752740
10035, 275019603
10046, 2715186
10059, 8267569
10072, 0
10075, 15168225
10076, 1097396729
10083, 40767427
10086, 0
10095, 258676061
10106, 0
10120, 0
10147, 0
10174, 18118710
10194, 1170373586
10199, 0
10201, 0
10203, 4739447
10204, 0
10206, 0
10217, 65365470
10219, 0
10231, 0
10235, 5896302
10243, 0
10251, 9791378
10265, 111365860
10266, 50908888
10271, 0
10273, 0
10277, 0
10280, 0
10290, 42003479
10316, 0
10330, 37564964
10332, 2757111
10333, 0
10335, 532418
10341, 0
10350, 0
10351, 0
10354, 0
10365, 22923720
10366, 570351753
10368, 123069600
10384, 8002703
10400, 631936203
10423, 0
10427, 0
10443, 0
10444, 0
10446, 2127278115
10450, 0
10454, 36058966
10462, 0
10475, 57346409
10481, 2671989
10503, 1759079768
10518, 5195670
10546, 0
10547, 2807875
10548, 0
10583, 2719313
10591, 0
10602, 0
10605, 193177118
10610, 184274953
10613, 0
10626, 0
10650, 0
10659, 0
10671, 7990758
10687, 0
10696, 246688536
10701, 0
10707, 2667552
10708, 19818435
10718, 28613352
10729, 0
10734, 0
10735, 0
10744, 65444050
10749, 0
10758, 1280827
10761, 0
10762, 0
10774, 75170939
10775, 0
10779, 19200837
10792, 0
10801, 0
10810, 0
10811, 11135211
10819, 170877949
10828, 0
10833, 0
10837, 0
10839, 59048886
10847, 0
10850, 0
10854, 3060006
10857, 0
10862, 0
10867, 10767187
10881, 2616033
10883, 0
10898, 15665169
10901, 2908958
10903, 0
10909, 258929445
10920, 0
10941, 23616148
10946, 2937653
10980, 59017194
11002, 33392364
11009, 29301902
11011, 0
11016, 0
11025, 234520321
11026, 2950304
11028, 15278176
11031, 0
11035, 7730926
11043, 0
11046, 0
11051, 5505464
11054, 479890931
11056, 5615728
11059, 0
11060, 0
11061, 0
11071, 2538586
11072, 0
11081, 192185436
11084, 87885587
11100, 558276859
11105, 0
11115, 106782157
11124, 11968573
11134, 0
11142, 1538343733
11143, 0
11145, 60117844
11146, 33828990
11152, 0
11167, 0
11178, 5592185
11183, 0
11206, 10480036
11207, 0
11211, 16798331
11214, 0
11220, 0
11233, 23390440
11236, 27294714
11247, 0
11259, 0
11260, 1290300891
11262, 2796062
11264, 8733123
11266, 2666496
11273, 0
11286, 49676141
11290, 2956515
11301, 0
11317, 16903180
11318, 0
11332, 13525914
11336, 0
11359, 0
11361, 9180642
11368, 0
11376, 35579266
11394, 18192223
11395, 5103379
11398, 0
11417, 188347201
11435, 0
11437, 0
11444, 0
11445, 35611338
11449, 0
11500, 0
11504, 29070909
11512, 0
11521, 2668466
11540, 936850112
11541, 0
11546, 331751257
11552, 2912477
11570, 0
11576, 2570130
11583, 0
11599, 0
11618, 5406529
11629, 0
11632, 967589
11638, 0
11640, 470277299
11647, 14748598
11661, 16359983
11665, 0
11670, 5514315
11674, 0
11682, 10194118
11684, 0
11716, 98636543
11722, 0
11733, 2479145
11736, 0
11750, 0
11751, 0
11765, 82828050
11768, 46843169
11783, 0
11786, 35475682
11791, 0
11819, 0
11825, 0
11828, 2496084
11841, 8600290
11846, 5750092
11854, 2818941
11856, 0
11859, 0
11863, 2375746
11870, 2732803
11877, 5094066
11885, 57222085
11901, 0
11906, 0
11916, 0
11919, 1271871096
11920, 0
11926, 779364679
11927, 2920456
11928, 2496239
11930, 5101344
11949, 0
11964, 0
11966, 17288435
11976, 0
11978, 2411705
11985, 0
11998, 0
12019, 2805736
12033, 0
12044, 0
12055, 0
12058, 0
12069, 0
12081, 0
12082, 28077061
12083, 0
12087, 0
12105, 0
12106, 7440521
12107, 80689636
12120, 444769226
12156, 28999059
12166, 993177837
12168, 0
12170, 0
12176, 95096264
12178, 65104548
12192, 0
12205, 42119716
12218, 39472648
12221, 0
12223, 0
12248, 11067569
12259, 0
12261, 8791093
12264, 0
12281, 0
12296, 0
12301, 72854568
12305, 0
12310, 598782166
12334, 0
12336, 2550031
12337, 10904235
12341, 0
12352, 2950000
12356, 0
12357, 85422572
12362, 0
12363, 0
12365, 0
12383, 0
12390, 8360976
12400, 0
12402, 0
12410, 0
12418, 0
12419, 5123425
12420, 0
12425, 0
12443, 0
12481, 1316869846
12482, 146441419
12486, 51400018
12487, 5584466
12489, 27196199
12498, 6
12512, 0
12518, 0
12531, 0
12547, 217377235
12565, 0
12569, 0
12578, 0
12580, 0
12585, 0
12586, 8265278
12598, 2784246
12601, 2868032
12603, 0
12604, 0
12605, 0
12610, 15766234
12617, 63222990
12637, 2755111
12640, 0
12643, 31156062
12644, 0
12647, 0
12651, 0
12653, 2942070
12664, 88242340
12668, 11463015
12669, 2788288
12674, 5470469
12693, 0
12705, 1670389818
12706, 0
12709, 0
12722, 3056383
12734, 0
12744, 0
12750, 0
12751, 2865729
12757, 32123927
12761, 0
12766, 0
12773, 0
12793, 325682
12806, 2957584
12818, 0
12824, 0
12826, 0
12849, 0
12858, 68696767
12875, 2954992
12878, 2550675
12884, 2566728
12898, 113401397
12904, 11027154
12905, 34646366
12909, 14560584
12911, 0
12914, 48170140
12922, 0
12928, 0
12947, 0
12952, 0
12961, 13785361
12968, 5762425
12969, 0
12976, 61762507
12978, 153727491
12983, 2685539
12987, 0
12996, 5839966
13014, 0
13022, 2883901
13027, 2428842
13034, 2356593
13059, 13451818
13061, 21279787
13070, 48735659
13078, 0
13093, 10665955
13095, 0
13099, 0
13113, 78083818
13119, 21974644
13132, 0
13139, 40088344
13151, 0
13161, 0
13168, 262230940
13215, 0
13228, 0
13238, 0
13244, 0
13246, 0
13251, 8175259
13263, 0
13265, 1143654951
13268, 311429064
13284, 0
13289, 0
13292, 2910057
13302, 0
13326, 0
13351, 4823111
13356, 8002765
13358, 0
13360, 19551149
13377, 0
13381, 17243749
13388, 0
13400, 11604247
13410, 19834302
13417, 0
13431, 0
13441, 466786899
13462, 0
13464, 0
13467, 0
13475, 0
13480, 288574457
13481, 0
13490, 0
13491, 0
13506, 26587747
13525, 0
13530, 0
13542, 0
13552, 46744375
13559, 2726288
13566, 10479378
13581, 0
13583, 0
13602, 2691881
13618, 0
13625, 98115727
13626, 0
13628, 0
13639, 0
13641, 0
13647, 0
13650, 1334805171
13653, 0
13669, 0
13693, 0
13694, 9472126
13707, 5762118
13718, 0
13731, 4894934
13733, 0
13736, 0
13741, 0
13742, 2177533
13753, 13123089
13759, 0
13762, 174654072
13767, 18217882
13773, 0
13776, 15588286
13785, 0
13803, 0
13809, 55516368
13816, 8758480
13822, 0
13825, 0
13827, 0
13828, 0
13832, 22351440
13842, 0
13856, 0
13863, 0
13874, 5153486
13877, 0
13878, 5866257
13886, 2850596
13898, 8766420
13904, 2948861
13910, 0
13913, 0
13917, 0
13921, 0
13923, 546426136
13941, 0
13947, 0
13960, 0
13961, 5293891
13967, 0
13972, 1327615322
13992, 4756450
14006, 2735612
14024, 126071538
14037, 2188286
14058, 0
14067, 0
14094, 917305307
14098, 0
14101, 0
14102, 0
14105, 0
14111, 13827379
14114, 0
14123, 0
14124, 2792525
14128, 0
14143, 2944457
14157, 0
14163, 0
14166, 19548194
14167, 98706622
14171, 33392327
14175, 0
14187, 0
14202, 0
14207, 0
14214, 2924134
14220, 0
14230, 2752740
14235, 2679878
14246, 0
14266, 0
14277, 0
14289, 0
14302, 88802940
14304, 0
14319, 2673138
14334, 27322839
14340, 27818713
14352, 8173963
14354, 2672933
14361, 0
14379, 2717126
14385, 8009736
14414, 0
14432, 0
14436, 0
14447, 868186526
14450, 661011837
14454, 35824370
14456, 0
14467, 0
14490, 2612393
14493, 303762430
14497, 210122281
14500, 2752334
14508, 0
14510, 0
14514, 61159989
14515, 106630459
14517, 2804701
14527, 0
14533, 0
14536, 0
14547, 2392067
14549, 0
14551, 14236486
14552, 0
14563, 0
14566, 5134358
14601, 2948765
14626, 2574938
14628, 0
14639, 2669859
14653, 35204204
14672, 19181558
14681, 5249050
14688, 0
14689, 2524445
14694, 2533390
14720, 0
14726, 2714846
14735, 0
14740, 0
14756, 7070555
14757, 0
14763, 0
14771, 0
14783, 0
14794, 0
14802, 0
14806, 0
14807, 2656756
14809, 0
14830, -1764430848
14832, 0
14835, 0
14839, 0
14848, 13349623
14849, 0
14854, 2911652
14869, 0
14875, 0
14891, 0
14901, 74041544
14905, 0
14910, 0
14913, 61563187
14915, 851859242
14925, 0
14948, 0
14955, 0
14967, 0
14969, 9916487
14973, 0
14974, 0
14976, 0
15020, 2953494
15028, 0
15032, 0
15042, 0
15052, 0
15054, 16491126
15056, 26911204
15100, 0
15120, 0
15124, 0
15125, 0
15129, 9090869
15139, 0
15155, 65508783
15187, 0
15212, 0
15214, 0
15231, 0
15234, 0
15242, 18672505
15247, 5608524
15289, 2735239
15292, 5609414
15293, 154874593
15327, 2867120
15331, 0
15332, 0
15334, 0
15342, 9098343
15365, 0
15388, 27594429
15404, 10307947
15411, 0
15415, 0
15417, 0
15424, 0
15432, 2922123
15470, 0
15478, 2751979
15482, 8797566
15488, 5733490
15503, 41994013
15506, 5822962
15512, 0
15516, 9500865
15517, 5467126
15541, 0
15551, 16025523
15566, 5839406
15568, 0
15570, 0
15572, 0
15597, 0
15600, 0
15606, 64393050
15620, 2748243
15626, 0
15629, 770854162
15630, 1771048
15640, 0
15642, 0
15650, 0
15672, 22710154
15673, 12052935
15684, 26644849
15689, 0
15704, 5907766
15708, 0
15713, 0
15728, 2979832
15735, 879784
15743, 184967395
15756, 0
15765, 2181770
15770, 7488344
15780, 0
15792, 4962890
15814, 16413054
15819, 365312107
15830, 0
15833, 0
15837, 709414829
15856, 0
15864, 0
15884, 5908486
15887, 2576877
15891, 0
15893, 0
15915, 13007950
15934, 2132263025
15935, 0
15938, 0
15964, 0
15980, 12673764
15997, 0
16002, 14030895
16007, 0
16008, 8365699
16009, 0
16019, 0
16023, 0
16031, 28080706
16033, 7231809
16035, 0
16040, 0
16042, 2880337
16046, 104809598
16048, 0
16049, 8009258
16054, 1672306
16086, 0
16089, 0
16102, 0
16107, 25251145
16109, 0
16120, 0
16131, 0
16134, 5641609
16139, 0
16143, 34781663
16178, 11182300
16181, 0
16183, 9580458
16185, 0
16193, 0
16215, 0
16243, 0
16294, 0
16321, 2606337
16325, 0
16326, 28328616
16371, 0
16380, 2492822
16389, 8257011
16409, 13388211
16419, 0
16435, 0
16436, 0
16447, 0
16456, 3063817
16464, 5762442
16475, 0
16494, 0
16498, 0
16504, 4355049
16508, 0
16510, 6749841
16516, 1625530
16517, 0
16518, 11474940
16533, 0
16537, 180731725
16545, 3055779
16548, 0
16554, 0
16557, 0
16571, 0
16578, 0
16615, 0
16620, 0
16628, 0
16639, 2953631
16646, 0
16659, 26730432
16671, 0
16678, 2954061
16683, 0
16684, 0
16702, 320332047
16716, 10280273
16722, 0
16739, 0
16751, 27840822
16758, 3057797
16761, 0
16762, 5700409
16785, 13524708
16792, 2864856
16801, 0
16804, 0
16814, 0
16839, 2177531
16845, 0
16852, 9110370
16857, 166246696
16858, 18041469
16877, 0
16882, 0
16888, 14085577
16897, 0
16904, 0
16913, 0
16914, 0
16930, 0
16934, 16229026
16941, 0
16943, 187180406
16959, 5596702
16971, 0
16972, 0
16976, 0
16981, 16369221
16988, 0
16989, 977386
17008, 3063265
17017, 0
17029, 0
17035, 0
17036, 0
17047, 28643047
17050, 0
17053, 0
17064, 23357793
17073, 8382538
17082, 0
17083, 42105226
17085, 0
17086, 0
17099, 0
17101, 4693274
17111, 5382668
17113, 5352117
17114, 23532631
17118, 65615164
17121, 5737304
17164, 147827682
17172, 0
17173, 14336431
17176, 56510148
17177, 0
17188, 0
17193, 1260136
17218, 0
17219, 0
17229, 0
17243, 0
17246, 2752005
17261, 15186684
17263, 0
17267, 0
17294, 0
17308, 38843413
17350, 0
17353, 18057404
17361, 0
17363, 0
17386, 0
17400, 0
17404, 0
17416, 0
17456, 2541331
17457, 38533353
17460, 0
17462, 0
17465, 0
17476, 0
17477, 2805639
17495, 5355256
17498, 134567203
17500, 0
17503, 40775375
17506, 0
17509, 0
17513, 8412464
17528, 0
17532, 0
17545, 0
17546, 0
17565, 0
17581, 173429270
17582, 2793692
17588, 0
17596, 0
17600, 0
17602, 0
17614, 2392987
17630, 0
17637, 0
17644, 5514244
17653, 0
17660, 6545897
17673, 0
17682, 0
17696, 1352580
17697, 0
17704, 0
17708, 0
17734, 157790
17764, 0
17768, 0
17773, 20644351
17778, 8178842
17780, 0
17787, 61146644
17800, 0
17806, 0
17812, 5193782
17822, 15538649
17836, 531578961
17845, 7730845
17846, 32704512
17847, 5486451
17857, 0
17868, 0
17875, 10448439
17879, 0
17883, 0
17896, 25625357
17901, 62491356
17907, 106918505
17913, 18650576
17926, 0
17945, 1671872
17965, 43861630
17968, 11910132
17969, 84912081
17980, 5371178
17986, 0
17988, 90242293
17993, 0
18000, 22772248
18011, 0
18013, 2735233
18017, 5897600
18030, 2532356
18032, 2668469
18041, 2908990
18044, 0
18048, 7621024
18050, 164363158
18060, 2033839906
18074, 0
18079, 0
18080, 0
18086, 289783053
18087, 0
18103, 0
18116, 14343396
18117, 2942063
18119, 0
18128, 53169133
18131, 5157628
18183, 13624385
18191, 0
18228, 0
18229, 0
18237, 0
18238, 578732905
18256, 18360372
18260, 3052504
18263, 1671726875
18269, 0
18279, 2919794
18286, 3846214
18289, 16530780
18301, 0
18305, 0
18334, 0
18346, 0
18355, 0
18372, 4823739
18376, 0
18378, 0
18380, 0
18384, 10393851
18394, 8073291
18403, 15976907
18405, 0
18420, 0
18423, 0
18435, 0
18447, 3047259
18465, 7488697
18474, 7639330
18478, 0
18483, 0
18492, 0
18494, 532421
18496, 14649830
18503, 0
18508, 2792524
18512, 32034427
18516, 2901252
18524, 0
18540, 0
18546, 0
18571, 73669945
18583, 0
18589, 0
18598, 0
18602, 0
18606, 0
18613, 2919988
18628, 0
18630, 0
18643, 0
18645, 0
18653, 0
18659, 0
18662, 0
18669, 0
18673, 405758
18693, 2392083
18698, 17539404
18702, 0
18705, 0
18717, 2666462
18719, 0
18724, 0
18730, 0
18739, 514580505
18744, 2804255
18749, 0
18755, 0
18756, 34220203
18763, 0
18766, 0
18783, 0
18798, 0
18805, 2759083
18814, 185110041
18815, 2392985
18823, 2759109
18827, 0
18834, 0
18836, 0
18837, 0
18844, 0
18850, 17730139
18889, 0
18910, 0
18928, 0
18929, 0
18931, 2715187
18938, 13091226
18939, 102418469
18942, 2610842
18943, 74718487
18950, 0
18965, 0
18969, 2667183
18970, 2624573
18974, 18947684
18989, 532410
19008, 0
19011, 0
19012, 0
19029, 6979935
19037, 2213308
19045, 44582816
19048, 1653418
19051, 15672967
19071, 10244594
19075, 44932524
19077, 43828006
19078, 8765888
19088, 0
19092, 0
19113, 0
19129, 0
19133, 0
19142, 14306342
19172, 23234677
19176, 0
19184, 0
19186, 26438291
19189, 2914062
19203, 0
19205, 10142199
19229, 1303211
19243, 0
19276, 301575132
19282, 0
19283, 0
19290, 0
19294, 0
19313, 30935207
19318, 0
19325, 0
19334, 3153
19352, 0
19355, 0
19367, 0
19368, 10675843
19369, 0
19379, 0
19390, 538476
19393, 2349372
19394, 5126580
19398, 0
19399, 13959893
19404, 0
19406, 0
19407, 0
19409, 2953497
19421, 0
19422, 0
19425, 486235
19433, 15463682
19438, 0
19440, 0
19442, 0
19444, 566226
19452, 0
19463, 0
19467, 0
19471, 18492443
19473, 0
19475, 300659847
19489, 0
19493, 0
19498, 0
19500, 0
19503, 867777
19506, 0
19510, 0
19516, 2989128
19520, 36629721
19530, 0
19534, 879788
19538, 0
19540, 0
19541, 861706
19544, 0
19545, 7392294
19546, 0
19548, 0
19555, 879776
19558, 879470
19564, 0
19576, 0
19579, 0
19582, 4355069
19588, 0
19593, 5156564
19597, 0
19600, 0
19603, 0
19617, 0
19620, 0
19624, 0
19634, 0
19637, 0
19639, 0
19642, 2955817
19647, 0
19649, 3677756
19652, 0
19655, 0
19664, 0
19674, 0
19684, 0
19689, 0
19691, 0
19695, 0
19697, 0
19699, 1350254
19702, 0
19706, 0
19719, 1361432
19724, 1364670
19729, 76434277
19731, 0
19732, 0
19746, 0
19750, 0
19751, 0
19757, 0
19759, 0
19765, 0
19770, 0
19774, 0
19778, 0
19781, 0
19783, 25206314
19789, 0
19795, 2213614
19796, 8789542
19801, 0
19808, 0
19821, 0
19822, 0
19829, 6624425
19835, 0
19836, 0
19840, 0
19844, 25704867
19860, 47898348
19864, 49039126
19869, 0
19874, 2867110
19877, 0
19880, 0
19881, 0
19885, 218413401
19897, 0
19899, 2615979
19902, 0
19906, 0
19923, 0
19926, 19286049
19929, 0
19938, 0
19943, 0
19949, 665647231
19950, 0
19952, 0
19956, 0
19958, 0
19959, 2392089
19964, 21348983
19965, 11946528
19975, 0
19977, 0
19984, 0
19985, 0
19988, 0
19991, 0
20005, 9583684
20007, 0
20015, 0
20021, 0
20026, 0
20027, 2415960
20031, 0
20033, 16094239
20037, 0
20038, 11378288
20042, 0
20045, 2446342
20049, 2411695
20052, 27141339
20062, 2669858
20067, 0
20073, 0
20077, 4824221
20078, 2412253
20082, 0
20083, 0
20085, 0
20101, 0
20103, 0
20105, 0
20108, 0
20114, 0
20117, 2445712
20127, 0
20137, 0
20158, 0
20160, 0
20161, 2447522
20163, 0
20167, 0
20174, 0
20175, 0
20186, 429556751
20189, 0
20196, 5762777
20208, 0
20212, 0
20215, 22326565
20217, 0
20221, 0
20225, 0
20228, 2481429
20233, 77501293
20242, 2533209
20253, 2481428
20254, 2481234
20260, 0
20262, 0
20263, 2481437
20264, 2483330
20266, 0
20272, 12416583
20281, 99692863
20300, 60345689
20302, 2147313353
20307, 0
20311, 0
20318, 0
20321, 0
20323, 0
20332, 2524403
20338, 0
20341, 0
20343, 167109226
20346, 5849607
20353, 0
20356, 0
20360, 0
20364, 0
20366, 0
20367, 0
20369, 10127588
20371, 0
20381, 2948656
20384, 0
20391, 0
20398, 0
20399, 0
20404, 0
20405, 0
20411, 5775248
20416, 0
20417, 5217170
20421, 0
20425, 0
20431, 17779723
20436, 0
20441, 0
20443, 0
20445, 0
20446, 0
20451, 0
20458, 0
20459, 0
20460, 0
20466, 0
20468, 0
20470, 0
20471, 0
20475, 0
20483, 0
20484, 2541010
20491, 11471653
20497, 0
20507, 0
20516, 340349017
20520, 8643107
20527, 2933182
20528, 2541810
20529, 0
20532, 0
20542, 0
20544, 0
20546, 0
20557, 61295304
20564, 2547356
20568, 43895184
20577, 0
20582, 2549429
20584, 0
20592, 0
20595, 2880729
20597, 26891469
20598, 89502269
20618, 0
20619, 0
20620, 5100057
20643, 0
20665, 0
20674, 14553999
20684, 0
20692, 5101571
20697, 0
20709, 0
20716, 119458638
20721, 0
20729, 29496538
20733, 0
20734, 0
20740, 0
20746, 2679826
20748, 0
20754, 28199758
20756, 0
20757, 41828918
20763, 2912158
20764, 0
20768, 5121175
20781, 26841236
20782, 0
20783, 15365486
20787, 1669839554
20791, 0
20792, 0
20793, 2887749
20799, 2561186
20803, 17463409
20804, 31795860
20809, 0
20816, 0
20817, 0
20821, 0
20823, 2561751
20830, 0
20833, 2561896
20849, 0
20855, 0
20862, 5125137
20863, 0
20870, 0
20883, 2672938
20884, 0
20886, 0
20887, 2574937
20896, 0
20898, 0
20902, 0
20903, 0
20905, 0
20919, 12881744
20921, 0
20922, 0
20928, 0
20929, 0
20940, 2679895
20941, 0
20947, 0
20948, 2574938
20961, 0
20974, 0
20986, 0
20989, 0
20990, 0
20994, 0
20995, 7729202
20997, 32270090
20999, 7730269
21005, 0
21007, 0
21013, 0
21014, 5722287
21019, 2576740
21027, 0
21028, 43874148
21029, 5852432
21030, 2612735
21037, 0
21049, 2577412
21051, 347758511
21054, 0
21058, 5156608
21059, 147570806
21061, 20968345
21075, 0
21080, 0
21082, 5159348
21084, 0
21089, 0
21090, 304518348
21094, 0
21095, 595391354
21100, 0
21104, 0
21107, 0
21108, 20648428
21111, 0
21114, 0
21115, 0
21119, 0
21123, 1099066101
21136, 5807562
21144, 0
21146, 29711904
21152, 0
21155, 0
21162, 21635410
21163, 10384916
21171, 0
21172, 0
21174, 0
21178, 0
21179, 2596287
21180, 13348619
21182, 0
21183, 0
21184, 0
21188, 0
21193, 0
21197, 0
21199, 0
21201, 0
21202, 0
21208, 0
21215, 0
21220, 0
21230, 2596780
21231, 2596781
21233, 0
21237, 0
21241, 2596956
21242, 0
21245, 0
21246, 0
21252, 2664389
21254, 0
21255, 5195681
21258, 0
21260, 0
21265, 79225084
21268, 0
21269, 10938564
21271, 5875275
21272, 0
21277, 0
21278, 2798080
21284, 0
21290, 2598399
21291, 44634954
21293, 0
21298, 0
21302, 36849751
21325, 10425322
21328, 0
21333, 0
21336, 2609031
21337, 2620027
21339, 15984599
21341, 0
21349, 363541991
21367, 0
21369, 2610844
21372, 0
21374, 0
21375, 26202519
21380, 0
21385, 0
21395, 0
21398, 0
21399, 0
21402, 0
21403, 0
21405, 0
21426, 0
21428, 7838215
21429, 0
21437, 5231674
21444, 0
21452, 0
21460, 0
21462, 10489112
21468, 0
21479, 0
21481, 0
21482, 0
21483, 14540142
21485, 0
21488, 0
21491, 7850355
21505, 0
21517, 0
21519, 2752788
21522, 2622366
21528, 2619959
21532, 0
21533, 0
21534, 2622299
21546, 0
21550, 0
21551, 0
21553, 2792713
21555, 0
21556, 2622370
21564, 24257213
21566, 0
21570, 0
21574, 132756892
21575, 2623237
21586, 0
21596, 0
21601, 0
21604, 0
21605, 2624516
21606, 0
21612, 0
21620, 0
21623, 0
21626, 0
21629, 0
21633, 0
21636, 0
21652, 0
21655, 0
21656, 0
21661, 0
21662, 0
21663, 0
21665, 0
21671, 0
21675, 5327851
21680, 0
21684, -2039643901
21685, 0
21690, 0
21697, 8205746
21698, 0
21700, 18639259
21701, 5325554
21702, 0
21704, 2662790
21706, 2662862
21710, 0
21715, 0
21719, 0
21724, 200506197
21734, 2666532
21743, 1632262
21752, 0
21754, 0
21755, 0
21757, 0
21759, 0
21762, 0
21778, 0
21779, 5344118
21787, 0
21793, 0
21800, 29596495
21810, 0
21815, 165381879
21816, 0
21830, 0
21842, 0
21849, 0
21851, 0
21857, 0
21858, 0
21860, 0
21863, 0
21864, 5608477
21870, 2978571
21885, 3034956
21892, 0
21896, 0
21898, 0
21899, 0
21902, 16018812
21907, 316916906
21919, 0
21927, 0
21929, 0
21933, 0
21936, 0
21940, 0
21946, 2715152
21952, 2671990
21959, 0
21960, 0
21962, 0
21965, 37680007
21966, 0
21973, 0
21976, 0
21978, 3054326
21979, 0
21983, 0
21985, 0
21992, 5913991
21995, 0
21997, 0
21999, 5346264
22001, 8016281
22002, 223432433
22008, 0
22010, 0
22015, 0
22019, 40144073
22021, 5344566
22025, 0
22026, 0
22029, 32209195
22030, 0
22034, 0
22036, 0
22041, 0
22049, 104306410
22051, 1182680264
22052, 60737019
22054, 0
22064, 0
22073, 2914055
22075, 0
22083, 0
22085, 0
22087, 0
22088, 0
22094, 2679956
22095, 10718024
22112, 0
22116, 0
22118, 0
22119, 0
22121, 0
22122, 8039844
22126, 0
22127, 0
22131, 48272782
22136, 0
22139, 2681570
22141, 0
22144, 2681526
22149, 11174877
22152, 0
22156, 0
22157, 5634156
22158, 0
22161, 5485250
22162, 0
22169, 0
22170, 2918630
22173, 0
22183, 0
22186, 0
22189, 13428392
22191, 34968147
22196, 0
22197, 0
22199, 13427752
22201, 8731342
22202, 24170510
22204, 0
22209, 2685620
22210, 0
22211, 0
22216, 0
22217, 5613863
22226, 0
22235, 0
22236, 8057257
22237, 2690065
22238, 0
22242, 0
22247, 0
22250, 2690674
22253, 0
22256, 0
22260, 14434750
22261, 0
22268, 0
22271, 0
22274, 0
22277, 828872260
22278, 0
22279, 8258787
22280, 0
22284, 0
22293, 0
22294, 13686645
22295, 24221537
22302, 0
22320, 0
22326, 2717141
22337, 13457570
22338, 2757011
22344, 0
22345, 2806968
22349, 0
22357, 0
22360, 8075431
22363, 0
22368, 18870751
22371, 0
22373, 2691964
22376, 0
22377, 35962253
22379, 5506016
22387, 0
22388, 64258795
22389, 0
22390, 0
22393, 13484714
22414, 5390537
22429, 2797983
22431, 2704246
22443, 0
22447, 0
22448, 2695991
22460, 17257162
22469, 2732504
22470, 0
22475, 13523838
22476, 2704756
22479, 43273989
22481, 0
22485, 2715150
22490, 0
22492, 0
22493, 0
22495, 0
22498, 0
22500, 0
22503, 2752751
22504, 0
22506, 0
22512, 10875027
22516, 0
22518, 0
22523, 2705043
22529, 0
22530, 2705055
22547, 0
22553, 0
22562, 0
22564, 0
22570, 0
22580, 0
22598, 0
22599, 5777386
22601, 16291412
22603, 0
22606, 25229077
22607, 0
22608, 0
22610, 0
22615, 0
22620, 2717142
22625, 0
22626, 0
22627, 0
22635, 2715324
22642, 0
22647, 0
22650, 0
22657, 0
22662, 0
22668, 0
22669, 0
22675, 0
22677, 0
22684, 2912205
22685, 0
22693, 0
22700, 0
22703, 0
22704, 0
22707, 0
22709, 5438680
22712, 0
22714, 174867021
22718, 0
22721, 0
22722, 0
22727, 29916441
22728, 0
22730, 0
22733, 5439541
22741, 0
22748, 0
22757, 2719774
22758, 58251470
22763, 0
22768, 0
22778, 0
22781, 40891585
22782, 0
22785, 5452610
22786, 0
22789, 2726042
22795, 0
22804, 0
22812, 0
22815, 0
22823, 2880583
22825, 0
22829, 2724651
22830, 0
22833, 0
22840, 9084055
22841, 0
22846, 14522910
22851, 0
22853, 0
22870, 0
22871, 0
22873, 0
22878, 93583878
22880, 0
22882, 26301900
22889, 0
22902, 0
22905, 0
22906, 0
22907, 0
22917, 0
22928, 2867121
22930, 0
22934, 0
22954, 8196940
22971, 355202665
22972, 8197224
22973, 2732345
22975, 38433933
22976, 0
22978, 0
22980, 0
22989, 361174385
22991, 0
22998, 0
23006, 0
23007, 0
23010, 0
23011, 2921637
23013, 0
23017, 0
23022, 0
23028, 0
23031, 0
23034, 2733729
23043, 0
23052, 0
23053, 0
23060, 2735260
23075, 2735102
23078, 86807196
23087, 0
23090, 0
23092, 0
23104, 13783838
23106, 0
23114, 0
23115, 0
23116, 0
23121, 0
23122, 2866866
23129, 0
23133, 0
23141, 859663468
23148, 2735611
23149, 0
23153, 0
23156, 0
23167, 0
23185, 0
23193, 5485261
23194, 5503900
23197, 0
23200, 0
23201, 0
23202, 14893017
23204, 24684344
23207, 0
23215, 5828048
23222, 0
23223, 0
23229, 2743210
23230, 0
23232, 30171737
23234, 0
23235, 0
23237, 8378094
23240, 0
23241, 0
23247, 0
23248, 0
23251, 0
23252, 0
23261, 2743219
23267, 2743217
23283, 2743344
23288, 24692912
23290, 0
23291, 569138000
23297, 2861131
23306, 0
23310, 0
23311, 0
23316, 0
23317, 112054583
23324, 0
23338, 0
23345, 0
23355, 13494311
23358, 5504633
23362, 0
23365, 0
23367, 0
23370, 0
23373, 2797090
23381, 8642383
23387, 2880337
23388, 128535817
23408, 529176993
23424, 2921549
23426, 0
23434, 13763512
23436, 2752359
23444, 0
23457, 0
23475, 0
23484, 0
23488, 0
23495, 0
23500, 0
23501, 5505630
23504, 0
23506, 0
23507, 0
23509, 8258997
23519, 0
23523, 0
23526, 0
23528, 5505988
23532, 0
23534, 0
23535, 0
23540, 2755140
23542, 24349344
23548, 2755115
23558, 0
23567, 0
23571, 67132456
23572, 51428412
23578, 2787745
23582, 0
23584, 0
23587, 0
23594, 2755141
23598, 0
23600, 2954993
23601, 0
23609, 0
23624, 0
23626, 0
23627, 0
23635, 0
23644, 0
23648, 8423551
23655, 0
23656, 0
23657, 3028476
23660, 0
23661, 2788592
23674, 0
23678, 16542190
23705, 0
23706, 2757109
23708, 0
23709, 2757095
23731, 0
23732, 0
23734, 0
23736, 16709581
23737, 0
23743, 0
23753, 0
23754, 0
23756, 0
23758, 399715919
23762, 2792692
23773, 0
23779, 0
23785, 0
23789, 0
23790, 0
23796, 52973000
23798, 0
23802, 5577047
23806, 0
23807, 0
23808, 0
23814, 0
23816, 0
23818, 0
23823, 0
23827, 12253322
23829, 0
23834, 0
23835, 28867520
23841, 0
23846, 0
23849, 0
23850, 22309018
23855, 0
23860, 82990881
23862, 8730851
23865, 8366370
23868, 2789201
23871, 0
23873, 13946509
23874, 0
23878, 0
23880, 0
23893, 0
23898, 2789476
23900, 2956994
23902, 0
23904, 2789757
23907, 39376802
23911, 2792847
23913, 0
23915, 0
23917, 8732454
23926, 0
23935, 0
23938, 0
23945, 0
23947, 0
23948, 2792692
23950, 54821191
23951, 0
23959, 0
23964, 0
23967, 0
23968, 2792694
23970, 0
23971, 2792711
23975, 0
23976, 5585685
23978, 0
23980, 2880280
23981, 2792719
23985, 0
23986, 0
23991, 0
23993, 33513632
23995, 0
23998, 2792870
24003, 0
24006, 0
24016, 0
24021, 61508100
24033, 0
24040, 5585756
24053, 0
24057, 0
24060, 0
24067, 0
24070, 0
24072, 0
24074, 0
24076, 11176904
24078, 0
24081, 0
24084, 0
24094, 0
24095, 0
24097, 0
24106, 0
24107, 0
24111, 0
24114, 0
24115, 2792883
24119, 0
24121, 0
24132, 0
24133, 35016627
24143, 2793702
24148, 0
24150, 0
24152, 14666262
24154, 0
24157, 0
24163, 0
24165, 249841733
24169, 0
24173, 0
24177, 0
24179, 0
24180, 0
24187, 2819658
24192, 0
24193, 0
24195, 2819056
24196, 2794037
24199, 0
24201, 5846551
24208, 0
24212, 0
24213, 2794340
24216, 2794268
24221, 8826431
24224, 0
24225, 0
24233, 8386756
24245, 0
24247, 2795623
24252, 0
24260, 2795631
24274, 0
24283, 0
24290, 0
24296, 11276247
24298, 0
24300, 0
24306, 0
24309, 278180380
24310, 0
24313, 0
24328, 2796070
24337, 0
24338, 11222858
24340, 0
24349, 0
24360, 0
24381, 5767807
24383, 0
24386, 25168239
24389, 2798011
24392, 0
24393, 0
24394, 5595987
24400, 0
24401, 0
24403, 0
24406, 0
24408, 0
24409, 0
24415, 0
24417, 19585453
24428, 8393960
24430, 0
24433, 2798002
24442, 8420753
24444, 0
24445, 2846451
24448, 0
24451, 0
24461, 0
24478, 5756103
24482, 0
24483, 0
24491, 0
24492, 19629381
24494, 19588892
24496, 0
24498, 0
24501, 0
24502, 0
24508, 0
24510, 0
24511, 0
24514, 0
24524, 0
24525, 16975121
24527, 42068292
24528, 0
24535, 0
24538, 5608560
24542, 0
24543, 0
24547, 0
24550, 0
24555, 0
24558, 0
24559, 0
24563, 33666286
24576, 0
24579, 0
24580, 0
24586, 0
24587, 0
24590, 2860834
24604, 0
24611, 8420553
24613, 0
24615, 0
24621, 8417164
24625, 0
24634, 2819425
24637, 17283393
24641, 0
24644, 11222968
24645, 0
24646, 0
24656, 0
24657, 0
24661, 2806801
24662, 0
24669, 0
24670, 0
24676, 0
24681, 0
24684, 0
24692, 0
24698, 0
24700, 0
24703, 5503938
24704, 0
24706, 0
24707, 2806968
24711, 0
24713, 28069528
24715, 8420783
24720, 0
24727, 0
24729, 0
24734, 0
24750, 0
24757, 6057503
24759, 0
24768, 3028329
24769, 2817073
24786, 2933304
24792, 0
24796, 0
24798, 0
24802, 0
24808, 0
24812, 0
24820, 2818483
24840, 0
24844, 0
24848, 5641635
24853, 0
24854, 5768140
24859, 0
24864, 28185200
24869, 0
24872, 0
24875, 0
24880, 0
24883, 5637871
24891, 11604173
24897, 0
24899, 5637892
24916, 0
24917, 0
24928, 0
24930, 0
24932, 0
24935, 0
24936, 0
24938, 0
24949, 0
24951, 0
24952, 0
24953, 50912605
24955, 0
24958, 0
24963, 8773671
24964, 0
24965, 117128124
24967, 0
24978, 0
24979, 0
24985, 0
24993, 0
24994, 0
24995, 0
25000, 0
25002, 0
25005, 0
25007, 0
25013, 2819569
25017, 0
25021, 0
25028, 127614083
25029, 0
25033, 0
25038, 0
25041, 0
25045, 0
25051, 28841060
25053, 0
25054, 28176465
25056, 2846439
25062, 2918655
25075, 2850447
25080, 8561004
25085, 0
25086, 0
25089, 0
25091, 5641547
25092, 0
25093, 0
25094, 0
25095, 0
25097, 0
25099, 0
25101, 2820815
25102, 0
25104, 0
25121, 0
25122, 3032379
25123, 0
25125, 0
25133, 0
25136, 5692910
25138, 0
25145, 0
25146, 0
25153, 2850587
25157, 2846447
25160, 0
25166, 0
25168, 0
25172, 0
25179, 0
25182, 2846838
25184, 2846795
25193, 0
25194, 2846699
25199, 206619662
25202, 2919857
25207, 0
25218, 0
25222, 2846870
25223, 0
25225, 0
25228, 0
25229, 0
25232, 31496567
25235, 5693795
25237, 0
25243, 0
25244, 0
25246, 0
25247, 0
25248, 2867119
25249, 0
25255, 0
25256, 31452423
25257, 0
25265, 14251896
25266, 2850459
25267, 0
25272, 2850483
25284, 0
25293, 0
25302, 0
25305, 0
25309, 54234897
25311, 0
25312, 0
25314, 0
25322, 2850592
25326, 14329074
25330, 2954057
25339, 0
25341, 0
25342, 8594014
25343, 0
25345, 0
25347, 0
25355, 42390305
25356, 14256483
25358, 90809046
25361, 0
25373, 0
25379, 0
25383, 0
25384, 0
25386, 2860509
25387, 0
25393, 0
25400, 8556131
25402, 0
25412, 0
25415, 0
25424, 0
25437, 0
25442, 165211933
25446, 0
25452, 0
25455, 0
25463, 0
25471, 2861164
25476, 0
25479, 0
25485, 69281251
25487, 0
25490, 0
25492, 2863153
25493, 0
25494, 28625795
25499, 0
25510, -1279931284
25511, 8865797
25513, 0
25515, 0
25516, 14317992
25517, 0
25523, 0
25527, 14328765
25529, 0
25532, 2864657
25533, 0
25542, 0
25544, 0
25557, 0
25563, 0
25565, 0
25566, 2866574
25571, 2865707
25576, 8599770
25577, 2866573
25580, 0
25585, 0
25590, 2919448
25602, 5733278
25603, 0
25609, 14333553
25615, 2866859
25619, 48735666
25624, 0
25630, 0
25631, 0
25641, 0
25642, 0
25643, 5733771
25646, 0
25648, 0
25650, 2867127
25659, 0
25674, 0
25682, 0
25683, 0
25685, 0
25695, 0
25696, 0
25700, 21239088
25701, 0
25711, 0
25712, 0
25713, 8606161
25715, 2910814
25730, 0
25740, 0
25743, 2867776
25747, 2867294
25762, 5761074
25763, 0
25771, 0
25778, 0
25784, 0
25791, 8603310
25792, 43017719
25794, 2978075
25795, 2867921
25797, 0
25799, 0
25807, 0
25812, 8662811
25813, 2868638
25818, 0
25828, 2868038
25833, 0
25838, 0
25840, 0
25852, 2868646
25854, 234983692
25855, 2868642
25868, 0
25869, 0
25871, 0
25872, 0
25881, 2868669
25883, 0
25887, 0
25904, 2868660
25905, 20264732
25910, 0
25921, 0
25935, 2868711
25943, 0
25947, 37847926
25949, 0
25950, 0
25953, 0
25956, 0
25957, 2956353
25958, 0
25964, 0
25965, 0
25975, 0
25980, 0
25983, 0
25989, 5750080
25995, 2875029
25997, 0
26002, 0
26003, 0
26007, 0
26009, 0
26012, 0
26013, 390079361
26017, 0
26018, 0
26025, 0
26027, 0
26030, 0
26031, 0
26032, 0
26039, 574063559
26040, 0
26045, 0
26059, 0
26062, 0
26064, 0
26066, 0
26069, 0
26075, 0
26076, 0
26077, 52140612
26078, 0
26080, 23262897
26081, 0
26083, 0
26093, 0
26102, 0
26116, 11688439
26118, 0
26120, 0
26130, 0
26139, 0
26145, 71614801
26147, 0
26148, 5854462
26156, 0
26161, 0
26171, 0
26176, 0
26178, 0
26186, 0
26191, 0
26193, 2880735
26195, 0
26200, 0
26202, 0
26207, 2880741
26208, 2881210
26218, 5761546
26219, 0
26222, 5761477
26226, 0
26243, 0
26249, 0
26250, 25990793
26252, 2881045
26255, 14600115
26266, 0
26267, 0
26269, 0
26270, 0
26289, 0
26296, 0
26297, 0
26318, 0
26319, 14405484
26320, 0
26322, 2881138
26327, 17338315
26330, 0
26336, 3019264
26342, 0
26349, 0
26353, 8643725
26359, 0
26360, 2881219
26361, 0
26365, 0
26369, 0
26375, 0
26380, 0
26400, 0
26402, 0
26429, 0
26437, 0
26449, 0
26459, 2798004
26460, 31723758
26470, 2901109
26474, 2908986
26486, 0
26495, 0
26499, 0
26503, 28840331
26505, 2927396
26506, 0
26509, 0
26510, 0
26516, 0
26517, 2887570
26520, 0
26522, 393817318
26528, 2887566
26532, 0
26536, 0
26543, 52377313
26560, 2887593
26571, 0
26576, 2920302
26579, 2887615
26585, 5775243
26591, 0
26595, 0
26600, 5775758
26604, 0
26605, 0
26608, 5802499
26611, 0
26620, 0
26635, 0
26640, 0
26644, 2887747
26645, 0
26649, 0
26650, 2887762
26653, 0
26655, 0
26656, 0
26659, 11551148
26665, 2887761
26668, 0
26672, 26169947
26673, 0
26674, 77917192
26689, 2918655
26691, 5776035
26692, 0
26698, 5910011
26700, 0
26701, 2942064
26705, 2939340
26706, 0
26707, 0
26710, 0
26713, 0
26722, 0
26723, 0
26726, 0
26734, 0
26735, 2899933
26742, 0
26746, 0
26751, 0
26753, 0
26755, 2899930
26756, 0
26762, 2906974
26763, 2899932
26766, 11987051
26776, 0
26778, 2899954
26784, 0
26786, 0
26798, 0
26799, 0
26801, 37515656
26809, 63941339
26810, 8699826
26815, 5875295
26825, 2901011
26832, 0
26845, 5802187
26847, 0
26864, 0
26886, 0
26889, 0
26892, 0
26899, 0
26901, 0
26912, 0
26921, 0
26925, 0
26929, 8703886
26935, 1122887380
26949, 0
26954, 0
26959, 0
26966, 0
26980, 0
26981, 2903791
26990, 3058107
26993, 0
26994, 0
26997, 0
27001, 0
27004, 2955235
27009, 0
27011, 0
27013, 49328252
27016, 0
27018, 0
27020, 0
27025, 0
27028, 2906973
27032, 0
27034, 20358173
27040, 20360176
27041, 17451828
27042, 0
27047, 0
27048, 2908451
27049, 0
27052, 0
27056, 46536373
27060, 0
27066, 0
27069, 2926971
27073, 0
27076, 0
27077, 0
27091, 0
27093, 0
27110, 0
27111, 0
27113, 0
27116, 0
27117, 0
27121, 0
27125, 0
27135, 0
27140, 0
27146, 0
27147, 0
27148, 0
27153, 0
27154, 0
27158, 0
27164, 0
27174, 2908956
27188, 0
27189, 0
27196, 0
27198, 0
27199, 0
27200, 0
27201, 0
27203, 5820792
27205, 0
27206, 2909157
27220, 0
27224, 0
27229, 0
27231, 0
27234, 0
27235, 0
27246, 5820103
27249, 32007669
27253, 8728437
27261, 17448521
27266, 0
27272, 2910792
27279, 0
27287, 0
27293, 2910059
27298, 0
27301, 2910056
27302, 0
27312, 0
27313, 0
27315, 5820146
27324, 0
27328, 2922170
27329, 0
27333, 0
27341, 0
27342, 0
27343, 0
27344, 0
27348, 0
27352, 0
27374, 0
27375, 0
27379, 2910388
27381, 0
27396, 0
27398, 8760582
27404, 0
27418, 0
27422, 0
27424, 2910457
27433, 0
27441, 0
27445, 2953890
27446, 0
27449, 2910476
27453, 91033775
27455, 0
27456, 0
27457, 0
27459, 2910820
27464, 0
27465, 127578351
27486, 0
27491, 8731903
27494, 5838677
27495, 2910681
27497, 0
27518, 0
27519, 0
27522, 0
27523, 5822684
27547, 0
27549, 0
27550, 0
27564, 14554557
27566, 2953452
27570, 11707538
27571, 0
27576, 0
27577, 0
27579, 0
27580, 0
27584, 0
27588, 2910927
27590, 0
27592, 0
27603, 2911588
27605, 0
27611, 2911049
27620, 0
27656, 0
27663, 14557800
27666, 2911346
27670, 0
27692, 0
27698, 0
27714, 5822964
27715, 0
27728, 0
27729, 2911347
27732, 0
27734, 0
27735, 0
27736, 2924438
27740, 0
27742, 8734544
27744, 0
27751, 0
27767, 17639057
27770, 0
27773, 0
27780, 0
27783, 0
27791, 0
27796, 0
27801, 0
27805, 0
27807, 0
27809, 0
27816, 128679930
27824, 0
27828, 0
27829, 205780285
27831, 20160954
27832, 5828964
27838, 0
27849, 2912094
27850, 0
27855, 0
27862, 0
27865, 0
27867, 0
27868, 0
27869, 0
27895, 29252643
27896, 11656286
27898, 0
27909, 0
27914, 0
27923, 11648973
27930, 0
27931, 0
27933, 57924175
27940, 0
27941, 2912489
27947, 0
27954, 5824846
27960, 0
27962, 11650098
27967, 0
27968, 81584501
27969, 0
27970, 0
27974, 2945175
27982, 0
27984, 11674412
27986, 0
27990, 0
27991, 0
27999, 0
28002, 0
28011, 0
28015, 0
28016, 5827379
28024, 0
28026, 0
28027, 0
28028, 0
28033, 0
28037, 17483319
28040, 0
28043, 0
28048, 2951440
28052, 0
28065, 0
28067, 2914027
28077, 0
28087, 0
28089, 0
28090, 11730224
28095, 0
28098, 0
28099, 0
28104, 789073378
28106, 0
28115, 2914492
28124, 0
28128, 584737557
28161, 0
28167, 0
28172, 70051156
28178, 2918636
28191, 0
28195, 0
28209, 0
29214, 0
29228, 0
29231, 5838568
29235, 0
29241, 0
29247, 0
29256, 0
29273, 0
29276, 0
29283, 23252081
29287, 2919506
29293, 0
29295, 5838903
29305, 0
29308, 0
29316, 188796968
29319, 0
29326, 0
29328, 0
29330, 2919472
29333, 0
29334, 14599476
29335, 0
29341, 0
29349, 35016866
29353, 0
29357, 0
29364, 0
29366, 0
29368, 0
29394, 0
29395, 0
29399, 0
29401, 0
29404, 5839578
29407, 14598885
29413, 0
29414, 0
29416, 0
29418, 0
29422, 0
29428, 0
29432, 0
29433, 20438833
29442, 0
29444, 2939850
29445, 0
29449, 0
29451, 0
29459, 2920050
29469, 0
29480, 11681811
29481, 0
29482, 2920098
29483, 0
29491, 0
29493, 11674965
29504, 0
29510, 0
29513, 0
29522, 0
29524, 0
29536, 0
29542, 0
29549, 0
29555, 178600380
29560, 0
29566, 0
29570, 2927377
29578, 0
29587, 0
29590, 0
29591, 0
29592, 0
29598, 0
29599, 0
29611, 0
29625, 5843424
29630, 0
29633, 0
29634, 5843110
29651, 0
29657, 14750789
29661, 0
29667, 0
29685, 2921634
29691, 0
29695, 0
29697, 9056713
29703, 0
29704, 0
29709, 0
29720, 34537032
29726, 0
29730, 116364425
29738, 2948780
29742, 0
29747, 2922107
29755, 2922128
29763, 0
29764, 0
29775, 0
29783, 138097713
29785, 0
29787, 0
29788, 0
29789, 5844498
29793, 0
29804, 2922325
29813, 2922423
29817, 0
29827, 8767344
29829, 0
29837, 0
29838, 2922467
29842, 0
29850, 0
29853, 17538474
29857, 0
29860, 0
29873, 87107830
29877, 0
29883, 2923227
29886, 0
29902, 0
29904, 0
29905, 0
29907, 0
29911, 2923251
29921, 0
29928, 0
29929, 0
29934, 0
29935, 0
29936, 2923256
29937, 0
29945, 2933370
29954, 0
29956, 8772553
29959, 0
29961, 0
29968, 0
29971, 0
29972, 2923258
29974, 0
29979, 0
29980, 29506087
29981, 0
29992, 219437301
29998, 20463113
30004, 0
30005, 0
30015, 0
30022, 2924193
30026, 0
30027, 0
30035, 141146181
30040, 0
30041, 8772372
30058, 17545634
30062, 82376818
30066, 2924136
30075, 0
30081, 76098141
30082, 0
30087, 0
30090, 0
30096, 0
30098, 0
30104, 0
30109, 0
30126, 0
30138, 0
30140, 0
30144, 2924352
30146, 2924577
30149, 8773092
30161, 0
30162, 0
30172, 0
30176, 20472561
30180, 52640825
30184, 0
30191, 0
30193, 0
30201, 0
30203, 0
30205, 0
30207, 0
30209, 0
30211, 0
30213, 0
30220, 0
30222, 0
30225, 0
30241, 0
30242, 0
30247, 0
30252, 0
30259, 43883880
30260, 0
30261, 0
30262, 0
30263, 0
30264, 0
30267, 2926224
30268, 0
30269, 17562736
30277, 2927395
30284, 0
30295, 0
30297, 0
30304, 52686603
30311, 0
30316, 0
30319, 0
30322, 0
30327, 0
30328, 0
30334, 0
30339, 0
30342, 2927135
30363, 32198879
30364, 162590983
30376, 0
30379, 82085007
30390, 0
30392, 0
30395, 11468252
30397, 0
30403, 0
30412, 313433431
30419, 0
30420, 0
30430, 0
30431, 0
30445, 5865024
30454, 0
30457, 2932397
30462, 0
30475, 0
30480, 0
30483, 0
30489, 0
30490, 0
30491, 2932487
30496, 0
30497, 0
30500, 0
30512, 0
30516, 3018845
30520, 0
30524, 0
30525, 0
30537, 0
30538, 0
30539, 0
30544, 0
30554, 0
30555, 0
30573, 0
30574, 0
30576, 0
30593, 0
30595, 0
30597, 0
30598, 0
30601, 0
30603, 0
30607, 0
30608, 2948410
30610, 0
30611, 0
30615, 0
30618, 5875309
30624, 0
30626, 0
30636, 0
30637, 0
30638, 0
30641, 8839344
30642, 0
30644, 0
30650, 2933091
30660, 0
30661, 0
30662, 0
30668, 0
30672, 0
30676, 8799485
30679, 8846321
30684, 29332199
30691, 5163224
30701, 0
30703, 0
30704, 0
30706, 0
30726, 0
30730, 2937555
30732, 0
30734, 0
30735, 0
30737, 0
30746, 0
30747, 0
30754, 3052532
30755, 0
30773, 0
30776, 5866611
30779, 0
30781, 0
30784, 0
30786, 0
30790, 70830652
30791, 0
30792, 0
30800, 125204944
30808, 2937657
30816, 0
30827, 23685676
30829, 0
30830, 0
30846, 0
30847, 0
30850, 0
30853, 0
30860, 0
30862, 0
30868, 0
30879, 0
30881, 0
30884, 0
30889, 0
30893, 0
30906, 0
30909, 3055978
30912, 0
30916, 0
30924, 2939394
30927, 5878824
30931, 0
30939, 23514967
30947, 0
30948, 0
30950, 2939482
30954, 0
30956, 0
30967, 0
30971, 0
30974, 0
30983, 5878970
30994, 2951958
30996, 0
30997, 0
30999, 5912717
31006, 0
31009, 0
31010, 0
31014, 0
31016, 0
31017, 0
31020, 0
31026, 8819667
31036, 0
31040, 14710147
31045, 29614471
31048, 0
31049, 0
31071, 0
31074, 0
31076, 0
31084, 0
31102, 211019888
31107, 14782285
31111, 0
31112, 8845831
31116, 0
31118, 0
31121, 0
31135, 2939938
31151, 0
31154, 0
31164, 2941931
31172, 0
31177, 0
31178, 0
31179, 0
31180, 0
31187, 0
31192, 0
31197, 0
31198, 0
31205, 6056527
31207, 0
31214, 0
31217, 0
31225, 0
31233, 2942072
31236, 0
31251, 0
31252, 0
31261, 0
31264, 5888920
31271, 0
31272, 0
31275, 0
31278, 0
31281, 0
31283, 0
31285, 0
31292, 0
31294, 0
31300, 0
31301, 0
31304, 0
31306, 11793544
31308, 3060186
31310, 144853799
31316, 0
31317, 0
31323, 0
31324, 11786409
31327, 0
31331, 0
31339, 6523404
31340, 2948785
31350, 0
31356, 0
31371, 11794351
31376, 0
31378, 0
31386, 0
31391, 0
31396, 5896236
31410, 0
31415, 8845538
31419, 0
31420, 3028981
31425, 0
31434, 5896803
31437, 2953453
31439, 0
31451, 0
31461, 0
31470, 0
31471, 0
31472, 0
31475, 0
31476, 0
31491, 0
31493, 2948690
31495, 0
31507, 0
31512, 0
31518, 0
31521, 2948750
31522, 0
31524, 2948756
31527, 0
31530, 0
31532, 2948789
31535, 0
31537, 2948754
31540, 0
31543, 0
31548, 2953571
31549, 0
31551, 0
31553, 0
31556, 0
31558, 0
31567, 0
31574, 0
31583, 0
31584, 0
31589, 2950001
31591, 0
31593, 0
31598, 0
31603, 0
31607, 0
31610, 0
31611, 0
31622, 2948782
31636, 0
31641, 0
31647, 2948784
31664, 0
31670, 17703402
31677, 0
31684, 0
31687, 0
31695, 0
31696, 2948786
31707, 0
31714, 0
31721, 2948788
31722, 0
31727, 0
31731, 0
31735, 0
31744, 8846505
31745, 0
31747, 0
31748, 0
31751, 0
31752, 2950311
31756, 0
31767, 0
31771, 0
31772, 0
31773, 0
31775, 0
31805, 0
31807, 8498341
31808, 2950310
31813, 0
31814, 0
31818, 0
31821, 0
31823, 0
31842, 0
31844, 0
31847, 2951430
31853, 0
31858, 17713460
31864, 23603305
31883, 8851764
31889, 0
31890, 0
31894, 0
31912, 0
31923, 0
31938, 17704104
31939, 0
31951, 2951431
31954, 0
31955, 2954071
31956, 0
31960, 5902877
31963, 0
31968, 0
31978, 0
31979, 0
31987, 0
31991, 0
31997, 0
32008, 0
32010, 0
32017, 0
32022, 0
32032, 0
32036, 0
32039, 0
32045, 0
32050, 2951446
32051, 2951518
32054, 0
32059, 0
32083, 0
32094, 0
32113, 0
32118, 0
32124, 0
32130, 0
32131, 0
32135, 0
32136, 0
32140, 3017992
32142, 0
32147, 0
32151, 50210848
32163, 0
32168, 0
32175, 0
32178, 32406005
32183, 0
32186, 0
32195, 0
32198, 0
32207, 0
32209, 0
32210, 102568153
32214, 0
32223, 2952213
32229, 0
32250, 0
32252, 0
32259, 44284692
32271, 0
32273, 38315364
32274, 0
32277, 0
32278, 0
32290, 0
32293, 0
32294, 2952372
32295, 0
32296, 2952480
32299, 0
32300, 3047146
32309, 0
32321, 0
32322, 0
32324, 2952486
32325, 0
32330, 0
32332, 618113600
32337, 0
32344, 14767386
32352, 0
32372, 0
32389, 35024950
32391, 0
32398, 2952494
32403, 0
32409, 0
32416, 0
32422, 0
32424, 0
32426, 0
32430, 0
32431, 0
32436, 0
32452, 0
32454, 0
32461, 0
32464, 0
32467, 0
32470, 8860199
32472, 0
32474, 0
32475, 0
32494, 0
32503, 0
32507, 8860331
32511, 0
32526, 2953455
32539, 0
32548, 2953501
32549, 0
32551, 0
32564, 0
32568, 0
32569, 0
32570, 0
32576, 0
32586, 0
32587, 0
32588, 11824904
32591, 0
32602, 6038565
32607, 0
32630, 0
32631, 0
32635, 0
32636, 0
32639, 0
32641, 2953507
32644, 0
32645, 0
32650, 0
32654, 0
32660, 36220647
32668, 0
32684, 0
32695, 0
32705, 0
32712, 0
32713, 0
32723, 9174511
32730, 0
32741, 29542851
32746, 14876121
32761, 0
32777, 2953616
32778, 0
32783, 0
32785, 0
32788, 0
32804, 29782695
32809, 0
32814, 0
32817, 5910463
32818, 0
32825, 0
32828, 0
32831, 0
32850, 0
32851, 0
32858, 0
32864, 0
32869, 0
32871, 0
32882, 8861724
32904, 0
32906, 0
32907, 0
32910, 5907279
32916, 20675789
32922, 0
32928, 0
32938, 2978089
32947, 0
32948, 0
32951, 0
32952, 2953887
32954, 0
32957, 0
32958, 0
32961, 8861761
32962, 0
32972, 2954075
32977, 0
32980, 0
32985, 0
32988, 0
32990, 0
32994, 0
32999, 0
33001, 0
33007, 0
33018, 3059983
33028, 0
33039, 0
33041, 0
33042, 3058177
33046, 0
33047, 2954069
33052, 0
33054, 0
33058, 0
33062, 0
33071, 0
33090, 6036908
33091, 0
33095, 0
33101, 0
33105, 0
33113, 0
33119, 0
33121, 0
33122, 0
33124, 0
33127, 14772144
33128, 0
33133, 0
33135, 3063230
33190, 0
33191, 0
33199, 0
33210, 0
33212, 0
33218, 2954237
33219, 0
33223, 0
33232, 2954413
33250, 0
33251, 0
33252, 0
33254, 0
33257, 0
33263, 0
33264, 0
33269, 0
33283, 0
33284, 0
33286, 0
33290, 0
33295, 11912212
33298, 0
33325, 0
33326, 0
33332, 0
33333, 0
33336, 0
33344, 0
33347, 0
33385, 0
33387, 0
33392, 0
33394, 0
33398, 0
33399, 2955810
33407, 0
33418, 0
33431, 0
33434, 17735053
33442, 0
33445, 0
33450, 0
33469, 0
33475, 0
33479, 0
33481, 0
33483, 0
33492, 2955884
33496, 0
33497, 2955890
33501, 0
33505, 0
33508, 3028333
33509, 0
33519, 0
33520, 0
33523, 0
33535, 0
33546, 0
33550, 2956397
33553, 2956396
33563, 3019267
33566, 0
33575, 0
33576, 0
33581, 0
33591, 0
33592, 0
33594, 0
33595, 0
33600, 2956982
33612, 0
33614, 0
33616, 0
33623, 0
33625, 0
33631, 0
33633, 0
33643, 0
33645, 0
33647, 0
33650, 0
33653, 0
33654, 0
33655, 0
33663, 0
33664, 5913033
33665, 0
33666, 2956535
33677, 0
33685, 0
33695, 0
33698, 0
33699, 0
33702, 0
33709, 0
33724, 0
33739, 0
33741, 23766385
33743, 0
33751, 2956992
33757, 2979244
33759, 0
33767, 0
33768, 11830086
33782, 0
33794, 0
33797, 0
33828, 77386861
33829, 0
33830, 0
33837, 0
33841, 2933188
33842, 489061440
33845, 0
33847, 0
33849, 3017983
33850, 0
33851, 0
33852, 0
33854, 0
33861, 0
33865, 2976611
33872, 0
33877, 2978595
33891, 0
33900, 0
33902, 0
33903, 0
33906, 0
33911, 0
33912, 0
33916, 0
33917, 0
33927, 0
33929, 0
33933, 0
33940, 0
33943, 0
33954, 0
33958, 23824156
33975, 0
33984, 0
33985, 5957168
33990, 0
33996, 0
33998, 0
34008, 2978076
34033, 0
34038, 0
34050, 50720354
34063, 0
34091, 0
34094, 0
34101, 0
34104, 0
34106, 0
34109, 0
34117, 0
34127, 0
34133, 0
34140, 0
34143, 0
34144, 0
34145, 0
34146, 0
34150, 0
34152, 0
34154, 0
34162, 0
34170, 0
34180, 0
34190, 0
34191, 0
34197, 0
34206, 0
34207, 0
34217, 0
34256, 0
34257, 2979230
34258, 0
34259, 0
34268, 0
34275, 0
34276, 8937855
34288, 0
34290, 0
34310, 9055458
34317, 2979245
34318, 0
34320, 0
34326, 0
34336, 2979247
34345, 0
34366, 0
34389, 0
34405, 0
34406, 0
34409, 0
34415, 0
34423, 0
34427, 0
34430, 0
34435, 0
34443, 0
34445, 0
34451, 0
34458, 0
34461, 9127379
34470, 0
34473, 0
34478, 0
34483, 0
34490, 201617054
34493, 0
34509, 0
34510, 0
34513, 3017770
34518, 0
34534, 0
34538, 89985599
34544, 9053354
34545, 0
34548, 0
34575, 45268848
34576, 0
34589, 0
34593, 0
34596, 0
34611, 0
34616, 3017985
34620, 3017986
34631, 0
34640, 6104889
34658, 0
34670, 0
34671, 0
34674, 0
34679, 0
34680, 0
34690, 3017993
34696, 0
34700, 0
34704, 0
34712, 0
34714, 0
34715, 0
34716, 0
34717, 0
34719, 0
34720, 0
34722, 0
34723, 0
34726, 0
34740, 3018543
34746, 0
34759, 0
34763, 0
34766, 0
34776, 0
34777, 0
34785, 0
34787, 0
34797, 0
34807, 0
34821, 0
34823, 0
34848, 0
34851, 0
34859, 21131244
34866, 0
34870, 0
34875, 0
34884, 3018900
34919, 0
34923, 0
34928, 0
34932, 0
34938, 0
34943, 0
34944, 0
34951, 30200065
34952, 0
34960, 0
34968, 0
34974, 0
34980, 0
34984, 27172570
34985, 0
35007, 0
35014, 0
35018, 0
35046, 3019262
35051, 6038395
35065, 0
35067, 0
35074, 0
35085, 0
35091, 0
35094, 0
35099, 0
35101, 0
35109, 0
35111, 0
35115, 0
35118, 0
35151, 0
35157, 0
35166, 0
35167, 0
35170, 0
35183, 0
35184, 0
35197, 0
35204, 0
35207, 0
35222, 0
35227, 0
35228, 0
35229, 3019268
35233, 0
35245, 0
35250, 3019269
35281, 3028671
35306, 0
35313, 3036882
35324, 29543135
35336, 0
35344, 0
35353, 224398431
35357, 259197646
35361, 0
35405, 0
35416, 176740010
35442, 0
35445, 0
35468, 0
35478, 0
35482, 0
35499, 0
35500, 3032838
35508, 0
35520, 55297445
35535, 0
35545, 0
35552, 0
35566, 0
35570, 0
35575, 57250766
35587, 0
35593, 9057874
35603, 3019303
35609, 0
35613, 6104881
35615, 0
35626, 482662509
35673, 0
35697, 15141770
35702, 0
35731, 0
35733, 6111864
35745, 3027919
35795, 0
35796, 0
35800, 0
35810, 0
35833, 4694143
35840, 660376444
35853, 0
35861, 0
35869, 0
35874, 0
35875, 0
35927, 0
35936, 0
35959, 27285432
35968, 0
35974, 0
35975, 0
35981, 3036916
35986, 0
36004, 0
36005, 3028329
36006, 3028240
36014, 6056472
36024, 0
36035, 0
36047, 8652834
36057, 0
36061, 21198158
36063, 0
36067, 11356652
36073, 0
36079, 0
36081, 0
36090, 0
36098, 0
36099, 0
36108, 61495045
36110, 0
36124, 0
36130, 0
36141, 0
36145, 0
36148, 6056945
36154, 3028335
36155, 0
36162, 0
36177, 6112745
36186, 2953510
36244, 3028957
36246, 0
36266, 0
36272, 0
36274, 0
36276, 0
36280, 0
36282, 0
36285, 0
36290, 0
36302, 3028364
36310, 3061636
36339, 0
36380, 0
36389, 0
36429, 0
36436, 0
36450, 0
36458, 0
36461, 0
36466, 28046900
36469, 24230318
36497, 0
36502, 3052504
36506, 0
36517, 0
36526, 0
36533, 0
36539, 39724614
36541, 0
36545, 0
36554, 24228891
36572, 5486444
36575, 0
36582, 0
36588, 0
36591, 12114842
36611, 0
36619, 3028745
36625, 0
36632, 0
36655, 0
36661, 3028756
36665, 0
36672, 0
36683, 3054390
36687, 0
36688, 178753164
36707, 3028808
36720, 12732360
36735, 6065224
36746, 0
36752, 6057624
36759, 6094329
36767, 0
36777, 0
36799, 6057828
36801, 3028956
36804, 0
36814, 48930606
36824, 0
36834, 0
36844, 0
36858, 3028920
36862, 0
36865, 0
36868, 3028987
36871, 0
36875, 0
36882, 0
36883, 3032832
36889, 0
36890, 3032378
36892, 0
36894, 0
36904, 57605152
36922, 36392234
36931, 3034969
36937, 0
36938, 27182905
36943, 0
36950, 54131967
36952, 0
36961, 12130583
36970, 3063286
36974, 0
36982, 0
36995, 0
37002, 0
37015, 0
37017, 0
37021, 18546009
37024, 0
37026, 8934243
37040, 6065602
37059, 0
37071, 0
37078, 0
37081, 0
37087, 0
37100, 0
37104, 3032837
37118, 6072543
37129, 0
37144, 0
37150, 0
37173, 0
37176, 0
37181, 0
37187, 0
37191, 0
37214, 0
37216, 0
37264, 0
37302, 0
37308, 3034190
37312, 0
37316, 3034967
37320, 3034191
37336, 3063264
37354, 0
37366, 0
37371, 17713209
37372, 3034329
37373, 0
37385, 6069858
37394, 3034982
37395, 0
37400, 0
37405, 0
37410, 0
37415, 3034956
37434, 0
37436, 0
37439, 0
37452, 0
37473, 0
37513, 0
37515, 0
37526, 0
37532, 0
37545, 0
37547, 0
37548, 27324696
37555, 11894345
37573, 0
37580, 6111420
37587, 0
37613, 0
37618, 0
37622, 15200724
37640, 0
37644, 0
37645, 0
37646, 16461375
37661, 6072575
37684, 0
37685, 0
37691, 0
37696, 0
37709, 0
37719, 3036338
37728, 3036851
37738, 0
37762, 0
37803, 0
37807, 0
37808, 30390755
37809, 0
37813, 0
37816, 0
37822, 0
37837, 0
37843, 0
37850, 0
37854, 0
37857, 6073686
37883, 0
37899, 3061885
37902, 0
37911, 0
37934, 0
37940, 0
37944, 15184029
37987, 0
38002, 0
38010, 3052585
38023, 0
38032, 3036880
38052, 0
38058, 0
38066, 9057827
38085, 0
38104, 0
38114, 0
38119, 3036911
38137, 0
38144, 0
38172, 0
38196, 30610128
38200, 48713648
38203, 21258585
38208, 0
38236, 12167175
38254, 0
38258, 0
38264, 0
38267, 15280035
38276, 0
38283, 3037218
38288, 0
38290, 6102616
38295, 0
38297, 12148851
38308, 0
38319, 0
38322, 0
38324, 0
38325, 0
38328, 3037220
38330, 6094446
38334, 3051374
38337, 0
38345, 0
38347, 0
38359, 0
38361, 6112777
38375, 0
38379, 0
38391, 0
38418, 0
38422, 0
38423, 0
38432, 0
38433, 0
38434, 8597147
38435, 0
38445, 0
38448, 163132451
38468, 9029255
38469, 0
38476, 9141478
38481, 0
38491, 0
38496, 0
38509, 0
38512, 0
38528, 0
38534, 0
38535, 3047170
38547, 0
38563, 0
38564, 0
38566, 3047187
38570, 0
38572, 0
38585, 0
38610, 0
38622, 0
38623, 3047251
38624, 430049899
38626, 0
38629, 3055928
38631, 0
38637, 0
38651, 0
38654, 0
38672, 0
38697, 0
38698, 0
38700, 0
38708, 0
38713, 0
38721, 0
38722, 0
38730, 0
38739, 3059988
38743, 0
38744, 73248367
38750, 0
38779, 0
38783, 461325505
38794, 0
38798, 0
38807, 0
38825, 0
38832, 9167047
38835, 0
38846, 0
38851, 136010038
38852, 0
38867, 0
38868, 0
38882, 0
38912, 0
38914, 0
38926, 0
38931, 0
38944, 3052495
38954, 0
38956, 0
38961, 0
38962, 0
38972, 0
38974, 0
38979, 3052505
38998, 0
39005, 0
39026, 9047089
39038, 0
39046, 6105044
39052, 0
39062, 0
39069, 0
39082, 28477535
39086, 9157731
39088, 0
39105, 0
39110, 0
39115, 0
39117, 15262711
39122, 0
39134, 0
39155, 0
39158, 0
39178, 0
39184, 8731214
39201, 0
39208, 0
39212, 12222805
39213, 0
39220, 0
39227, 0
39229, 0
39235, 0
39246, 0
39247, 3061607
39261, 0
39270, 0
39284, 0
39289, 0
39297, 3052586
39331, 18329377
39332, 0
39348, 0
39351, 0
39359, 0
39379, 0
39380, 0
39387, 3056039
39388, 0
39418, 0
39425, 0
39451, 0
39470, 0
39480, 0
39485, 0
39487, 175756930
39492, 0
39495, 42765669
39506, 3054392
39507, 0
39521, 12223669
39536, 0
39552, 15276030
39560, 0
39561, 3054922
39571, 0
39577, 0
39582, 0
39602, 3058132
39640, 12226960
39654, 3060230
39663, 2752341
39666, 0
39675, 0
39677, 3055715
39687, 0
39689, 0
39715, 3055769
39717, 0
39719, 0
39723, 0
39732, 0
39742, 43334343
39744, 0
39746, 0
39747, 0
39754, 0
39756, 0
39758, 0
39766, 0
39770, 0
39771, 0
39786, 3055768
39801, 0
39803, 0
39804, 0
39811, 0
39833, 0
39846, 0
39853, 0
39856, 0
39884, 0
39889, 0
39916, 3055777
39936, 0
39937, 3055779
39939, 0
39948, 0
40015, 0
40023, 0
40038, 0
40042, 6111872
40046, 0
40074, 0
40078, 3056051
40080, 0
40087, 0
40090, 0
40096, 21395075
40103, 0
40105, 0
40116, 0
40120, 39729171
40128, 0
40133, 0
40141, 0
40149, 0
40154, 0
40174, 0
40198, 0
40207, 0
40215, 0
40222, 0
40239, 0
40245, 3055970
40246, 3058125
40253, 0
40262, 0
40264, 0
40291, 0
40297, 288296862
40306, 0
40309, 0
40330, 0
40331, 3056118
40349, 0
40352, 36675737
40368, 0
40379, 3061889
40381, 3056249
40382, 0
40386, 0
40412, 0
40421, 0
40437, 0
40456, 0
40458, 0
40460, 0
40472, 0
40476, 0
40479, 0
40484, 0
40487, 0
40491, 0
40499, 0
40502, 0
40504, 0
40538, 0
40549, 0
40588, 0
40592, 0
40607, 0
40620, 0
40632, 3058183
40637, 0
40649, 0
40694, 0
40719, 0
40722, 0
40739, 0
40744, 0
40748, 0
40752, 0
40768, 0
40777, 0
40779, 3056397
40782, 0
40803, 0
40804, 0
40821, 6112818
40837, 0
40852, 0
40862, 0
40896, 0
40901, 0
40910, 0
40911, 0
40918, 0
40919, 15283167
40968, 0
40979, 0
40984, 0
40991, 0
40992, 0
40995, 0
40998, 3063198
41022, 0
41032, 0
41035, 0
41036, 0
41056, 0
41060, 0
41064, 0
41081, 3056728
41094, 0
41100, 0
41103, 0
41123, 0
41129, 0
41130, 0
41137, 0
41139, 0
41140, 0
41142, 0
41154, 0
41156, 0
41166, 15286828
41187, 0
41219, 15288873
41220, 0
41246, 0
41263, 42803997
41274, 15288431
41279, 0
41283, 0
41285, 0
41291, 3059984
41301, 0
41303, 0
41312, 0
41314, 0
41319, 0
41352, 0
41373, 0
41376, 0
41401, 0
41404, 0
41450, 0
41455, 0
41464, 0
41466, 0
41485, 0
41487, 0
41541, 0
41543, 0
41552, 3058126
41562, 0
41567, 0
41568, 0
41577, 0
41581, 0
41591, 3058138
41592, 0
41600, 0
41604, 0
41608, 9174453
41610, 9174495
41613, 0
41627, 0
41632, 0
41635, 0
41654, 9180461
41666, 0
41669, 0
41686, 0
41692, 0
41733, 0
41752, 0
41754, 3058184
41757, 0
41771, 0
41782, 0
41793, 0
41796, 0
41818, 0
41822, 0
41823, 0
41824, 0
41853, 9174632
41862, 0
41864, 0
41872, 0
41883, 0
41900, 0
41916, 0
41935, 0
41936, 0
41940, 3058224
41942, 0
41953, 9179616
41955, 0
41971, 0
41972, 0
41973, 0
41997, 0
42009, 0
42035, 0
42038, 0
42042, 0
42046, 0
42047, 9179991
42059, 0
42066, 0
42078, 0
42087, 0
42091, 0
42105, 6120016
42128, 0
42141, 9180233
42160, 0
42163, 3060091
42196, 0
42203, 0
42210, 3060190
42212, 0
42232, 0
42257, 0
42261, 3060232
42278, 9186506
42297, 0
42307, 0
42312, 0
42317, 0
42321, 0
42323, 0
42326, 0
42327, 0
42332, 0
42341, 0
42343, 0
42345, 0
42364, 0
42371, 5823183
42372, 0
42375, 0
42377, 0
42379, 0
42387, 0
42389, 0
42390, 0
42395, 0
42397, 0
42403, 0
42434, 0
42439, 0
42440, 0
42441, 0
42457, 0
42468, 0
42473, 0
42497, 0
42499, 0
42504, 0
42506, 0
42508, 0
42511, 0
42524, 0
42531, 0
42545, 0
42547, 0
42563, 0
42567, 0
42576, 3060234
42587, 0
42597, 0
42600, 0
42606, 0
42611, 0
42619, 0
42658, 0
42661, 0
42690, 3061925
42691, 0
42693, 0
42721, 9185734
42751, 0
42754, 0
42808, 0
42814, 0
42836, 0
42895, 0
42900, 0
42940, 0
42944, 0
42945, 0
42971, 0
42998, 0
43014, 0
43021, 3061891
43036, 0
43054, 3061897
43066, 0
43076, 0
43085, 2793958
43094, 0
43105, 0
43107, 24495870
43112, 3061898
43113, 0
43127, 0
43129, 0
43143, 0
43166, 0
43190, 0
43198, 15309769
43237, 0
43247, 0
43265, 0
43266, 42771490
43270, 0
43299, 0
43309, 0
43322, 0
43324, 0
43339, 0
43358, 0
43371, 0
43383, 0
43387, 0
43400, 0
43402, 0
43405, 0
43412, 0
43418, 0
43442, 0
43445, 0
43484, 0
43517, 0
43525, 0
43528, 0
43549, 0
43552, 0
43553, 0
43555, 0
43559, 0
43569, 0
43570, 0
43571, 0
43643, 0
43653, 0
43654, 0
43659, 0
43681, 112960589
43714, 0
43729, 0
43735, 3063186
43738, 3063195
43750, 0
43772, 0
43793, 0
43819, 0
43849, 0
43888, 0
43889, 0
43890, 3063226
43894, 0
43911, 0
43938, 0
43946, 0
43952, 0
43954, 0
43959, 3063230
43993, 0
44006, 3063228
44017, 0
44022, 0
44023, 0
44025, 0
44032, 0
44037, 0
44052, 0
44066, 0
44081, 0
44086, 0
44092, 0
44103, 0
44115, 3063258
44138, 0
44143, 0
44162, 0
44169, 0
44191, 0
44196, 0
44201, 0
44202, 0
44203, 0
44223, 0
44230, 0
44243, 2411616
44247, 0
44263, 0
44284, 0
44291, 0
44293, 0
44295, 0
44316, 0
44317, 0
44319, 0
44353, 0
44357, 0
44363, 0
44366, 0
44382, 0
44388, 0
44393, 0
44405, 0
44424, 0
44428, 0
44493, 0
44505, 0
44510, 3063316
44528, 0
44544, 0
44555, 12253179
44557, 0
44562, 0
44565, 0
44582, 0
44607, 0
44622, 0
44651, 0
44653, 0
44663, 0
44667, 0
44692, 0
44711, 0
44722, 0
44763, 0
44768, 0
44770, 0
44771, 0
44785, 0
44790, 0
44797, 5371259
44799, 0
44817, 11869746
44831, 0
44833, 0
44839, 0
44840, 0
44853, 0
44854, 0
44860, 3063341
44868, 9189958
44875, 0
44879, 0
44889, 0
44901, 0
44928, 0
44931, 0
44949, 35054213
44953, 6127574
44965, 0
44966, 0
44967, 0
44973, 3063773
44977, 0
44984, 0
44993, 0
45005, 0
45012, 0
45032, 0
45057, 0
45067, 0
45094, 0
45124, 0
45145, 0
45156, 0
45195, 0
45214, 0
45216, 0
45223, 0
45250, 0
45255, 3063795
45265, 0
45300, 0
45305, 0
45315, 0
45326, 0
45329, 0
45356, 0
45379, 0
45392, 0
45426, 0
47274, 0
47710, 0
47757, 0
50650, 0
50854, 0
50973, 84215393
54780, 0
59028, 5577430
66825, 0
73967, 0
80744, 38212733
81883, 0

run time: 0.85s (00:46:34)
