Temporalmotifs. build: 12:14:05, Apr 20 2018. Time: 12:14:14 [Apr 19 2018]
==========================================================================
usage: temporalmotifsmain
   -i:Input directed temporal graph file (default:'data/tp1/sx-mathoverflow-a2q-tp1.txt')
   -o:Output file in which to write counts (default:'counts.txt')
   -delta:Time window delta (default:1.32188e+09)
   -nt:Number of threads for parallelization (default:4)
1, 89321
2, 26157
3, 14883
4, 857
7, 532
11, 7696
13, 0
14, 0
16, 136
18, 42
19, 17
21, 7
22, 24845
25, 7486
27, 5855
28, 30
30, 1
32, 1845
37, 54
40, 388
42, 56
44, 75
45, 122274
49, 45193
50, 2
51, 31648
54, 0
55, 0
56, 5
60, 0
65, 247103
66, 292786
70, 0
71, 40
75, 5017
76, 4
78, 228221
81, 82
83, 133870
85, 255
86, 3
88, 48
91, 0
92, 36
93, 1292
94, 0
96, 9
97, 0
98, 19
100, 610
102, 1163
107, 0
109, 345
110, 16
111, 4
118, 0
121, 224403
126, 0
132, 45
135, 573
136, 6056
140, 0
142, 43
143, 15611
146, 10
151, 0
152, 1
158, 134
164, 0
171, 0
173, 0
175, 607
178, 0
179, 0
180, 5
182, 42
184, 15286
200, 43
202, 3
204, 0
211, 2
213, 0
215, 0
231, 0
238, 3029
239, 304
250, 505
256, 2
259, 1681
261, 3
262, 358
266, 4
269, 0
271, 313
272, 0
273, 14
279, 0
284, 2053
288, 85
290, 1387518
293, 9
296, 250
297, 415567
299, 1070
300, 1
302, 4396
303, 3347
307, 200
310, 5379
312, 1
316, 14
317, 19311
318, 929
321, 6234
322, 9
323, 0
324, 4
326, 5
327, 0
332, 250
333, 50
336, 42
337, 6
339, 2
340, 110
342, 120
343, 2454
344, 17477
345, 471
346, 1365
347, 2
348, 2605
349, 1780
350, 44977
351, 2697
353, 2873
354, 0
356, 4
358, 1
359, 682
360, 26610
361, 668
362, 15016
363, 1
367, 1
370, 3826
371, 0
373, 36
375, 121
376, 0
377, 100
378, 0
379, 276
380, 905
381, 3897
382, 145142
385, 222
386, 64
389, 19
391, 20140
392, 8
393, 0
394, 128337
396, 1716
397, 267
398, 701
399, 1
400, 0
401, 38
402, 4301
404, 5366
405, 333
406, 5463
408, 6
410, 1
412, 75
416, 8191
417, 0
421, 0
422, 202
423, 2
424, 75
425, 1721
426, 91
428, 23
429, 8857
430, 1917
431, 20496
434, 373
435, 3
436, 41
437, 20006
438, 38
439, 1350
440, 8593
441, 1241
445, 20
446, 1
447, 479
448, 0
450, 17960
451, 14981
454, 33476
455, 0
456, 0
458, 2
459, 0
460, 1193
461, 579
462, 2695
463, 0
466, 0
467, 71
468, 274
469, 1736
470, 0
473, 487
475, 0
476, 0
477, 2
478, 9
480, 0
482, 1
484, 484
488, 12
490, 11
491, 6
492, 153
493, 850
494, 216
498, 921
507, 90
509, 10
511, 0
513, 47
515, 0
519, 2589
522, 0
532, 2932
538, 0
539, 13
540, 5
550, 8
556, 18
562, 0
565, 0
570, 5
571, 1
572, 2
577, 1310
580, 6
582, 17308
584, 0
586, 9685
587, 2
590, 0
597, 1
598, 0
602, 11
603, 0
605, 4189
607, 17
613, 35792
614, 0
617, 0
618, 2
619, 836
621, 3
622, 71300
625, 15
630, 666
634, 13
641, 0
642, 0
643, 0
644, 19
648, 0
650, 5
657, 0
658, 220
659, 0
660, 40
661, 1
663, 2
667, 2
668, 15
669, 0
673, 35
674, 0
675, 5984
676, 0
678, 0
679, 0
683, 2394
685, 0
686, 0
687, 1
689, 436
692, 15
695, 126
696, 0
697, 0
699, 959
702, 0
703, 426
704, 0
705, 0
707, 119
709, 1474
712, 29
714, 0
717, 2864
722, 0
728, 101
730, 0
732, 44
733, 14446
734, 0
737, 2
738, 0
744, 2
745, 375
749, 4
750, 9655
751, 0
752, 0
756, 72
757, 7
761, 0
763, 12824
765, 2
766, 25885
767, 313
768, 0
771, 1
772, 0
773, 1
774, 78
775, 0
778, 257
779, 0
781, 3
782, 0
783, 0
784, 0
785, 5
788, 5468
790, 0
791, 10
792, 51
795, 0
797, 296
798, 619
799, 87
800, 637
801, 5
802, 3536
804, 0
805, 0
806, 1000
807, 87
808, 2
809, 0
810, 0
812, 29424
813, 471
814, 8
817, 0
818, 0
819, 1
820, 0
823, 4
824, 850
825, 30
826, 0
828, 15295
835, 0
836, 8
837, 0
838, 20
839, 0
840, 106
845, 1
846, 0
848, 28
851, 0
852, 0
855, 124
858, 1
860, 0
861, 0
863, 0
865, 17
866, 0
868, 0
873, 0
874, 13
876, 0
877, 0
878, 0
880, 13
881, 7
885, 0
887, 9
888, 4
889, 4
891, 0
892, 2
893, 0
894, 8
896, 40
900, 6
903, 0
908, 10
909, 2
910, 30
911, 2
913, 4509
914, 119
915, 8
916, 471
917, 0
918, 1
919, 87
922, 3
923, 0
924, 0
926, 7
927, 9
928, 0
930, 925
931, 0
932, 166
934, 837
935, 4917
936, 48
938, 0
939, 0
940, 4
942, 3626
943, 25519
944, 1
946, 8
947, 114
949, 12
950, 0
951, 0
955, 808
956, 171
957, 0
960, 444
961, 256
962, 6
965, 31
966, 1
968, 0
970, 6
972, 1323
973, 0
975, 7
977, 0
979, 47
981, 0
983, 0
984, 3
985, 0
986, 196
987, 136
988, 6
989, 0
992, 4
996, 6
997, 75
1000, 8
1004, 1074
1005, 0
1007, 0
1008, 0
1012, 0
1013, 5
1015, 195
1017, 1315
1018, 235
1019, 43
1020, 6
1021, 1005
1023, 44
1027, 7
1028, 110
1031, 0
1034, 1
1035, 56
1037, 7
1038, 0
1040, 3612
1041, 0
1042, 2075
1043, 0
1044, 3504
1046, 14
1047, 9921
1048, 640
1049, 552
1050, 630
1052, 0
1053, 0
1054, 4
1055, 0
1056, 205
1057, 2
1058, 0
1059, 4680
1060, 345
1061, 757
1065, 0
1068, 12
1071, 0
1073, 1199
1074, 12
1075, 4
1076, 1
1079, 1627
1082, 0
1083, 0
1084, 257
1086, 12
1090, 5
1093, 3
1094, 55
1095, 3540
1096, 53
1098, 9425
1100, 7
1101, 0
1102, 53
1104, 26
1105, 3
1106, 5394
1107, 2610
1109, 0
1114, 1301
1116, 8
1119, 2042
1120, 2
1121, 1114
1123, 5
1124, 0
1125, 27
1131, 11016
1132, 15
1134, 0
1137, 0
1139, 0
1142, 2
1143, 51
1144, 0
1146, 2
1148, 500
1149, 239404
1150, 6
1151, 0
1152, 0
1158, 1
1159, 5
1161, 179
1162, 128
1163, 0
1164, 0
1165, 7
1166, 0
1167, 0
1168, 119
1169, 0
1170, 5
1171, 1231
1172, 369
1173, 3
1175, 0
1176, 3337
1177, 33
1178, 12
1179, 3
1180, 0
1182, 15
1183, 0
1184, 27
1185, 2
1186, 235
1188, 0
1189, 231
1191, 0
1192, 0
1193, 83
1195, 1
1197, 20
1198, 32
1199, 0
1200, 0
1202, 341
1207, 0
1214, 1
1216, 0
1220, 50
1221, 0
1222, 6
1223, 392
1224, 1
1227, 86
1228, 72
1229, 509
1231, 128
1233, 2908
1234, 5576
1238, 697
1243, 17
1245, 1166
1246, 265
1249, 6
1250, 0
1253, 85
1256, 90
1257, 0
1258, 0
1261, 254
1262, 0
1265, 4
1266, 178
1268, 0
1272, 19
1273, 0
1274, 4
1275, 0
1276, 0
1281, 3
1291, 132
1292, 0
1296, 0
1299, 1
1301, 2
1302, 121
1304, 0
1305, 4
1306, 1929
1307, 0
1308, 0
1309, 0
1310, 843
1313, 8
1319, 4
1320, 443
1321, 9
1322, 22
1326, 4
1327, 3
1328, 3
1329, 0
1330, 1
1335, 4116
1337, 1
1338, 0
1340, 95
1343, 0
1345, 14532
1347, 0
1351, 0
1353, 119034
1354, 478
1355, 8593
1358, 11588
1360, 0
1363, 6
1364, 0
1365, 0
1366, 2
1369, 15
1374, 7
1377, 1
1378, 1
1384, 44772
1386, 14
1387, 0
1388, 0
1389, 16
1392, 334
1393, 0
1394, 0
1400, 43
1401, 0
1403, 21
1404, 17
1406, 27
1407, 414
1409, 237985
1411, 1
1421, 0
1423, 0
1429, 0
1430, 0
1436, 0
1437, 99
1441, 63238
1442, 6
1443, 0
1445, 8
1446, 367
1447, 59
1448, 0
1450, 145119
1453, 0
1455, 46
1456, 0
1459, 227455
1460, 1
1462, 29
1463, 3927
1464, 21197
1465, 48632
1467, 10
1468, 78
1469, 11
1470, 0
1471, 0
1472, 0
1473, 0
1474, 26
1475, 0
1476, 0
1477, 0
1478, 176
1480, 0
1481, 60
1483, 589
1488, 5
1492, 932
1494, 0
1496, 0
1501, 3
1507, 0
1508, 196
1509, 0
1513, 0
1516, 3
1518, 0
1519, 0
1521, 376
1524, 0
1525, 1
1526, 0
1528, 622
1529, 0
1530, 0
1531, 0
1532, 147457
1533, 0
1535, 0
1536, 396
1537, 11
1538, 2
1539, 21
1540, 185
1541, 4
1544, 1
1546, 105
1547, 2987
1551, 0
1552, 12
1553, 0
1555, 1
1556, 5
1557, 192
1558, 2
1559, 0
1564, 15
1566, 0
1568, 21
1570, 5
1573, 9798
1574, 7
1577, 0
1579, 2
1580, 1
1583, 0
1585, 1
1587, 62186
1589, 110
1590, 1545
1591, 0
1592, 16
1593, 1186
1594, 57
1595, 4
1599, 0
1606, 0
1607, 0
1610, 4109
1612, 43
1618, 1367
1619, 104
1621, 0
1622, 446
1623, 5
1626, 2
1627, 2
1629, 0
1631, 373
1634, 0
1636, 1364
1640, 0
1641, 1
1643, 52
1644, 1
1645, 319
1646, 17
1647, 10
1648, 1852
1649, 17
1650, 5831
1651, 830
1653, 48
1654, 0
1655, 0
1656, 0
1657, 4904
1661, 0
1662, 96
1663, 10
1664, 3
1666, 0
1667, 1
1668, 0
1669, 5
1671, 0
1672, 309
1673, 0
1674, 563
1676, 11
1681, 14
1682, 0
1684, 0
1686, 0
1688, 26
1690, 0
1691, 0
1692, 0
1697, 0
1698, 311
1700, 0
1701, 0
1702, 0
1703, 362
1704, 39
1706, 0
1708, 434
1709, 25
1710, 182
1711, 0
1713, 1
1714, 0
1715, 84
1716, 10
1717, 0
1720, 0
1722, 16
1724, 86
1729, 3
1730, 3
1731, 0
1733, 0
1734, 0
1735, 0
1737, 228
1740, 3
1743, 0
1745, 7
1747, 13
1748, 0
1756, 1
1761, 0
1762, 0
1763, 90
1765, 0
1767, 1
1768, 2
1770, 3
1772, 3
1776, 0
1777, 1
1778, 16
1779, 0
1780, 0
1781, 0
1782, 0
1783, 1
1784, 1872
1785, 0
1786, 0
1790, 5
1791, 0
1792, 3
1793, 0
1794, 0
1796, 0
1797, 578
1799, 54
1800, 1
1805, 0
1809, 0
1810, 0
1811, 4
1816, 0
1821, 0
1822, 100
1823, 0
1825, 3
1826, 2424
1827, 0
1828, 4
1831, 0
1832, 797
1835, 2
1837, 60
1840, 547
1841, 462
1842, 9
1844, 0
1846, 0
1847, 44815
1849, 1007
1851, 10565
1852, 0
1855, 7
1856, 0
1857, 0
1858, 0
1859, 1
1862, 1
1864, 1
1865, 0
1866, 248
1867, 575
1870, 1
1871, 0
1874, 28
1875, 0
1876, 7
1877, 113
1878, 572
1879, 0
1881, 0
1884, 2
1886, 13
1887, 446
1888, 34
1889, 0
1890, 0
1894, 1
1898, 205
1899, 0
1901, 2
1902, 77
1907, 0
1909, 0
1911, 0
1915, 2
1916, 14092
1919, 0
1921, 79
1924, 12
1927, 56
1928, 4
1930, 50
1933, 3
1937, 42
1938, 0
1939, 86
1944, 2
1946, 591488
1947, 75
1948, 0
1949, 0
1950, 0
1953, 2
1954, 0
1956, 15
1958, 0
1960, 0
1961, 2
1962, 0
1963, 1
1964, 0
1966, 1
1967, 1
1969, 14
1970, 0
1972, 0
1974, 0
1976, 0
1977, 152
1979, 2
1980, 0
1981, 0
1982, 82
1983, 0
1984, 0
1985, 1471
1987, 0
1988, 4
1990, 0
1992, 24
1993, 239
1997, 12
1998, 0
2000, 46472
2003, 181
2004, 3
2008, 319
2011, 873
2013, 31
2014, 0
2015, 0
2019, 0
2023, 0
2024, 2400
2026, 0
2028, 0
2029, 73
2031, 144
2033, 0
2034, 0
2035, 154
2036, 54
2039, 319
2040, 430
2042, 364
2043, 1898
2044, 1
2045, 23
2046, 163
2047, 40
2048, 2
2051, 28611
2052, 13
2055, 12
2056, 0
2058, 17
2060, 900
2063, 0
2065, 0
2074, 0
2078, 0
2080, 0
2081, 42
2082, 282
2083, 35001
2085, 0
2089, 491
2093, 7
2095, 230
2096, 3
2097, 1311
2099, 5
2100, 0
2102, 0
2104, 0
2106, 2730
2109, 0
2110, 2
2111, 0
2112, 0
2113, 0
2114, 0
2117, 0
2119, 0
2120, 13
2121, 0
2122, 19
2123, 67
2124, 0
2128, 0
2129, 0
2130, 0
2132, 0
2133, 0
2134, 0
2140, 0
2143, 38
2146, 186
2147, 50
2148, 1
2149, 3136
2156, 0
2158, 82
2160, 39
2162, 508
2164, 71
2165, 52
2166, 9
2170, 0
2171, 0
2172, 0
2176, 12
2177, 7
2181, 3
2182, 0
2183, 1
2185, 5
2186, 2
2189, 39
2191, 6779
2192, 336
2196, 328
2197, 0
2200, 0
2201, 0
2204, 0
2205, 22
2206, 41
2208, 0
2209, 0
2215, 202
2216, 0
2217, 0
2218, 0
2220, 0
2223, 2
2224, 0
2225, 1
2226, 0
2229, 1
2231, 7
2232, 0
2233, 20818
2234, 111
2235, 8
2238, 0
2240, 0
2242, 5
2245, 0
2246, 2
2258, 65
2259, 2
2260, 367
2264, 4294
2265, 0
2266, 482
2267, 3
2269, 0
2273, 591
2274, 12
2275, 118
2282, 12
2284, 989
2285, 0
2286, 0
2287, 0
2289, 0
2290, 15666
2292, 0
2293, 0
2294, 1110
2300, 14
2305, 4
2308, 17
2309, 0
2310, 42
2311, 0
2312, 7
2317, 0
2318, 142
2320, 0
2322, 0
2326, 0
2327, 22
2328, 0
2329, 0
2330, 1112
2331, 0
2333, 0
2335, 0
2340, 0
2341, 0
2344, 326
2345, 0
2347, 2
2348, 931
2349, 26487
2355, 0
2356, 8339
2357, 0
2360, 5
2361, 3227
2362, 254
2363, 644
2364, 0
2368, 27
2370, 0
2376, 0
2377, 13
2380, 5
2381, 88
2382, 0
2383, 173
2384, 91207
2386, 1061
2387, 0
2389, 5094
2391, 411
2392, 0
2394, 16
2396, 8
2402, 0
2404, 5
2409, 0
2410, 12
2415, 0
2416, 0
2418, 0
2421, 1
2436, 441
2446, 0
2447, 1
2451, 0
2454, 2
2455, 0
2458, 0
2460, 0
2464, 9
2467, 1562
2468, 0
2473, 14
2474, 0
2476, 0
2480, 215
2481, 648
2482, 15
2486, 0
2489, 12
2490, 13
2493, 1
2496, 0
2497, 198
2498, 19
2500, 0
2501, 0
2502, 11
2503, 38
2508, 1220
2509, 0
2510, 614
2512, 0
2513, 0
2514, 0
2515, 4
2523, 0
2525, 48
2530, 26256
2532, 27
2533, 95
2536, 89
2541, 0
2544, 0
2546, 0
2547, 0
2549, 0
2551, 1
2552, 12
2554, 12064
2555, 68
2557, 1
2559, 0
2560, 0
2562, 193
2565, 15
2566, 7
2567, 0
2568, 0
2569, 3
2570, 0
2575, 273
2576, 3
2578, 36
2579, 5
2582, 0
2586, 3
2588, 1
2589, 1
2592, 10
2594, 39
2596, 0
2597, 100
2599, 83
2600, 0
2602, 1
2604, 67
2605, 0
2610, 0
2611, 12
2612, 356
2613, 0
2614, 1
2615, 33
2616, 9
2618, 570
2619, 0
2620, 706
2621, 17
2622, 328
2623, 4645
2625, 1831
2626, 0
2627, 104
2628, 111
2629, 0
2630, 0
2631, 813
2633, 0
2634, 0
2636, 0
2637, 0
2638, 0
2639, 0
2640, 0
2641, 2
2642, 527
2644, 16
2647, 0
2648, 2
2649, 2
2653, 181
2655, 0
2657, 0
2659, 0
2660, 0
2663, 0
2664, 14
2665, 337
2666, 150
2669, 287
2671, 0
2672, 64276
2673, 0
2674, 0
2675, 0
2676, 0
2677, 3
2678, 12199
2682, 0
2683, 0
2684, 0
2688, 0
2689, 229
2691, 0
2693, 2
2695, 0
2698, 9
2699, 8
2701, 750
2702, 4
2705, 5
2707, 0
2711, 0
2714, 33
2720, 394
2730, 3
2731, 9
2733, 40
2734, 345
2735, 0
2737, 3
2738, 1
2739, 0
2741, 2
2743, 0
2747, 0
2750, 1
2755, 2
2756, 0
2757, 4727
2758, 0
2760, 4
2763, 32
2764, 0
2766, 0
2770, 0
2771, 0
2779, 0
2781, 67
2783, 0
2784, 5027
2785, 20
2788, 10
2791, 0
2795, 9
2796, 0
2797, 74
2802, 0
2803, 0
2804, 0
2805, 22
2807, 18387
2811, 178
2813, 0
2814, 61
2816, 0
2817, 0
2818, 0
2819, 93
2821, 9418
2822, 0
2823, 936
2826, 0
2828, 0
2833, 42
2836, 27
2837, 16707
2839, 0
2841, 220005
2855, 0
2856, 0
2857, 81
2858, 0
2862, 0
2865, 20
2866, 5
2868, 6
2869, 0
2870, 0
2871, 1
2872, 0
2873, 4
2874, 161317
2876, 7
2877, 0
2878, 8
2879, 0
2881, 0
2883, 332
2884, 38
2888, 90
2891, 2
2893, 46
2898, 0
2899, 3
2900, 147
2901, 0
2902, 4
2903, 51
2906, 1058
2907, 54
2908, 0
2910, 0
2912, 154
2913, 0
2915, 22
2917, 0
2918, 0
2923, 0
2926, 32407
2929, 11
2930, 0
2932, 0
2933, 3
2935, 0
2938, 38487
2943, 0
2944, 10
2945, 0
2947, 7
2951, 0
2953, 0
2954, 18110
2955, 1
2968, 644
2971, 0
2972, 2
2973, 2
2974, 5
2976, 0
2978, 0
2982, 0
2985, 5
2987, 0
2988, 0
2989, 2
2991, 2
3000, 7
3003, 0
3005, 518
3007, 0
3010, 0
3011, 2
3012, 0
3014, 0
3017, 2
3018, 0
3023, 11
3024, 0
3026, 0
3027, 19
3028, 25
3029, 15
3031, 1
3032, 492
3035, 1
3038, 0
3040, 5556
3041, 357
3045, 0
3046, 12
3049, 306
3051, 0
3052, 15
3054, 0
3056, 4
3058, 0
3061, 0
3062, 1
3063, 59
3065, 56
3067, 0
3071, 0
3072, 0
3074, 0
3075, 0
3077, 114
3078, 1
3084, 0
3091, 0
3092, 4
3094, 0
3096, 36
3097, 0
3102, 0
3103, 0
3106, 64932
3108, 672
3109, 8
3114, 0
3116, 0
3118, 165
3121, 272
3122, 0
3124, 363
3132, 189
3138, 0
3139, 17
3142, 82
3143, 162
3147, 33
3149, 59
3154, 1000
3156, 79
3157, 0
3160, 12
3161, 8
3168, 51
3170, 0
3172, 0
3180, 0
3183, 67
3186, 81
3190, 0
3193, 3
3195, 4
3199, 247
3200, 2
3202, 3
3204, 1
3205, 0
3206, 400
3208, 2
3210, 0
3213, 0
3214, 0
3231, 0
3233, 833
3237, 3
3238, 1229
3240, 0
3244, 0
3246, 2
3247, 3
3248, 350
3253, 0
3261, 46
3264, 12
3267, 0
3268, 0
3272, 15531
3275, 0
3280, 446
3281, 0
3282, 87
3283, 0
3285, 1
3286, 0
3287, 0
3288, 0
3289, 5
3290, 1
3291, 0
3292, 0
3293, 4
3298, 0
3299, 0
3301, 25
3303, 0
3304, 1243
3308, 5
3310, 0
3313, 2
3314, 18
3315, 15
3316, 3
3317, 2
3318, 9
3319, 1
3323, 0
3324, 12232
3326, 0
3327, 3
3329, 108
3330, 0
3331, 0
3332, 0
3333, 0
3338, 89
3341, 1
3343, 0
3345, 0
3346, 16
3349, 1
3350, 5
3355, 0
3356, 26
3357, 1
3358, 0
3361, 1
3365, 19
3366, 0
3369, 3
3370, 1
3372, 10
3373, 0
3375, 68
3376, 22
3377, 122
3380, 1192
3382, 0
3384, 127
3387, 0
3394, 8
3396, 32
3397, 0
3398, 2
3400, 42
3401, 313
3402, 3461
3405, 0
3407, 0
3409, 17
3410, 7
3413, 13
3414, 0
3416, 0
3417, 0
3421, 0
3424, 0
3425, 0
3427, 0
3428, 0
3431, 0
3432, 0
3438, 0
3441, 14
3444, 0
3446, 10
3447, 0
3448, 31
3449, 0
3453, 0
3454, 0
3457, 0
3458, 0
3460, 0
3461, 1
3462, 9
3465, 26
3467, 3
3468, 0
3470, 1
3472, 15
3473, 667
3474, 0
3475, 52
3477, 2
3478, 6
3479, 0
3484, 0
3485, 2649
3489, 0
3491, 0
3492, 0
3493, 90
3494, 0
3496, 0
3497, 0
3498, 0
3499, 2
3500, 0
3502, 807
3503, 19364
3508, 0
3509, 983
3510, 0
3512, 0
3513, 126
3514, 3
3517, 2
3518, 1
3519, 0
3521, 6431
3525, 22
3528, 165
3529, 0
3532, 191
3533, 0
3534, 0
3536, 0
3537, 1044
3538, 0
3539, 0
3543, 0
3544, 103
3545, 2526
3546, 2482
3547, 1
3548, 0
3550, 0
3551, 8
3552, 0
3553, 0
3554, 228
3556, 26
3557, 319
3560, 10
3562, 4
3564, 0
3565, 0
3566, 6
3568, 126
3569, 0
3572, 0
3574, 0
3575, 0
3577, 0
3578, 2
3579, 1
3580, 7
3582, 1
3585, 0
3587, 0
3588, 0
3589, 27
3590, 0
3592, 0
3593, 5
3596, 0
3597, 0
3598, 0
3602, 41
3603, 12
3605, 0
3609, 246
3610, 0
3611, 5
3613, 9
3615, 12
3619, 0
3620, 0
3621, 1110
3623, 846
3625, 0
3627, 0
3628, 1
3629, 4
3632, 0
3634, 3310
3635, 501
3637, 32
3639, 281
3640, 0
3641, 19
3642, 11
3645, 0
3646, 5
3647, 0
3648, 0
3649, 1
3650, 3
3651, 2
3655, 0
3657, 0
3659, 221
3664, 14
3669, 0
3671, 0
3675, 0
3676, 98
3680, 71
3681, 0
3682, 7
3683, 3
3684, 117023
3685, 2
3687, 0
3690, 0
3692, 14
3696, 817
3697, 0
3698, 216
3700, 0
3701, 253
3703, 0
3705, 0
3708, 13
3709, 436
3710, 3795
3711, 572
3713, 0
3716, 0
3721, 2
3723, 331
3725, 11
3734, 0
3736, 142
3737, 18
3738, 0
3753, 75
3754, 0
3755, 886
3756, 0
3757, 593
3759, 85
3760, 0
3762, 0
3763, 0
3766, 0
3770, 0
3775, 0
3776, 0
3777, 116
3779, 14
3782, 0
3785, 0
3786, 0
3787, 2
3788, 0
3790, 0
3792, 0
3794, 1
3795, 0
3796, 0
3801, 0
3803, 77
3804, 1
3806, 13
3808, 0
3810, 0
3811, 6576
3812, 0
3816, 32
3818, 2047
3819, 0
3822, 36
3824, 0
3825, 0
3826, 11
3827, 0
3828, 0
3829, 0
3831, 1
3832, 1
3833, 0
3836, 0
3837, 44
3838, 3
3839, 0
3840, 3
3842, 0
3843, 0
3844, 11
3845, 0
3846, 2
3847, 142
3848, 14
3849, 6
3851, 0
3854, 0
3855, 1
3856, 0
3857, 0
3859, 3330
3860, 8
3863, 0
3866, 0
3867, 0
3871, 0
3872, 10
3873, 0
3874, 216
3875, 0
3876, 14
3879, 0
3882, 8
3885, 5
3886, 0
3887, 8
3888, 12
3889, 0
3891, 889
3895, 1
3896, 10
3897, 2
3898, 8
3899, 8
3900, 0
3901, 479
3902, 297
3903, 3
3905, 0
3907, 0
3909, 44
3912, 8
3913, 0
3916, 8
3917, 0
3918, 0
3919, 4
3920, 1
3922, 200
3923, 2
3926, 41
3927, 3191
3928, 1
3929, 1
3931, 85
3935, 0
3936, 0
3937, 45
3939, 1
3940, 0
3944, 0
3945, 109
3948, 10828
3949, 0
3950, 1
3951, 0
3952, 12
3955, 1
3956, 0
3958, 669
3959, 104
3960, 21
3965, 0
3967, 0
3969, 2564
3970, 0
3974, 0
3975, 10
3976, 3
3977, 2
3981, 2
3983, 1000
3985, 0
3987, 4
3988, 26
3990, 1
3992, 6632
3993, 7611
3995, 54
3996, 1358
4000, 3
4002, 531
4003, 0
4005, 3
4007, 0
4008, 16158
4011, 123
4013, 0
4015, 0
4016, 7
4017, 1
4019, 0
4020, 14
4023, 1
4024, 0
4027, 1
4031, 2
4033, 0
4034, 0
4035, 56
4036, 0
4037, 4
4040, 2357
4041, 0
4042, 2903
4043, 11
4045, 1
4046, 192
4047, 5
4048, 24
4049, 0
4053, 333
4054, 461
4055, 16
4056, 0
4057, 0
4058, 0
4059, 0
4061, 14
4063, 0
4064, 0
4067, 0
4069, 20
4070, 0
4073, 0
4074, 1
4076, 12
4078, 255
4079, 0
4080, 0
4084, 1
4085, 124
4086, 1243
4087, 615
4089, 0
4091, 0
4092, 8
4093, 0
4094, 0
4095, 0
4096, 63
4097, 2
4099, 0
4100, 18
4101, 0
4102, 0
4103, 0
4105, 3
4106, 38
4108, 2
4110, 1
4111, 166
4112, 0
4114, 5
4115, 0
4117, 6
4118, 23
4119, 0
4120, 1
4126, 14
4128, 0
4129, 6
4130, 0
4133, 42
4135, 3
4137, 16
4138, 0
4139, 0
4140, 4
4144, 6799
4145, 0
4149, 407
4153, 0
4155, 129
4158, 61
4160, 1
4162, 1
4164, 12
4165, 1
4167, 5
4170, 16
4171, 24
4173, 0
4175, 0
4176, 25
4177, 16228
4178, 0
4180, 58
4181, 7
4182, 0
4183, 884
4186, 0
4188, 0
4189, 0
4192, 2
4194, 158
4197, 82
4198, 449
4199, 0
4200, 9
4201, 0
4204, 7
4205, 0
4213, 13772
4217, 0
4218, 0
4220, 0
4221, 7
4222, 0
4226, 0
4231, 30140
4232, 0
4233, 0
4234, 0
4235, 37
4239, 9
4241, 14
4243, 0
4245, 6
4246, 104
4247, 0
4248, 103
4249, 0
4250, 20
4252, 2
4257, 0
4261, 2
4262, 1201
4265, 0
4266, 0
4267, 9
4268, 0
4269, 0
4272, 0
4274, 0
4275, 26
4276, 0
4277, 0
4279, 159
4280, 0
4281, 656
4282, 0
4286, 0
4287, 0
4288, 0
4290, 2
4291, 43
4298, 470
4300, 0
4302, 2
4304, 269
4311, 0
4312, 6971
4313, 2
4315, 0
4317, 3
4320, 2
4321, 0
4322, 0
4324, 0
4325, 112
4327, 7
4330, 0
4331, 0
4333, 4284
4335, 0
4336, 909
4338, 3
4340, 1
4342, 0
4344, 320
4345, 25
4346, 0
4347, 0
4348, 1
4350, 0
4351, 42
4354, 19037
4355, 2
4356, 0
4357, 0
4358, 0
4361, 493
4362, 8673
4363, 0
4364, 0
4366, 148
4367, 255
4371, 0
4373, 0
4377, 2
4379, 1
4380, 0
4384, 35
4389, 1
4391, 0
4392, 0
4394, 0
4397, 0
4398, 7
4399, 12
4400, 592
4401, 6
4402, 33
4404, 0
4405, 14
4407, 0
4408, 2
4409, 1
4412, 0
4415, 9
4416, 99
4417, 0
4419, 3
4420, 2
4421, 3
4423, 1459
4424, 0
4426, 0
4428, 10974
4430, 3
4433, 13
4436, 0
4437, 62
4438, 1
4445, 0
4446, 0
4453, 0
4454, 0
4461, 0
4463, 91
4466, 46
4475, 0
4476, 0
4477, 62
4479, 0
4481, 2
4486, 0
4488, 16
4489, 0
4490, 3
4491, 0
4494, 0
4499, 0
4500, 86
4503, 15
4507, 0
4513, 0
4514, 0
4515, 0
4517, 8
4520, 68
4524, 2
4526, 13
4527, 7
4528, 9036
4534, 0
4535, 0
4536, 0
4537, 0
4538, 19
4540, 0
4541, 0
4542, 9
4543, 0
4544, 2
4545, 16
4547, 0
4548, 0
4549, 0
4553, 3
4554, 0
4555, 0
4556, 8714
4557, 0
4558, 884
4561, 1
4563, 2
4566, 0
4568, 12
4569, 0
4571, 0
4572, 225
4575, 0
4576, 0
4580, 164
4581, 0
4582, 0
4586, 4
4588, 0
4591, 0
4594, 9
4598, 0
4600, 422
4606, 71
4607, 0
4608, 0
4614, 54
4615, 0
4619, 44
4620, 0
4621, 12
4622, 214
4624, 0
4625, 69
4626, 5
4635, 0
4636, 9
4637, 9
4638, 2
4639, 279
4640, 0
4641, 0
4642, 222
4643, 19
4644, 0
4645, 0
4648, 0
4649, 4
4650, 0
4653, 377
4654, 0
4655, 0
4658, 91
4659, 22
4660, 16
4661, 1892
4664, 0
4668, 0
4669, 4
4671, 28
4672, 115
4673, 3
4675, 0
4676, 29
4677, 13
4678, 13
4681, 0
4682, 1
4683, 0
4685, 34
4692, 7629
4693, 0
4694, 0
4696, 21
4697, 0
4698, 14
4700, 0
4701, 14
4706, 688
4707, 675
4709, 15
4710, 0
4714, 0
4716, 2
4717, 0
4718, 0
4720, 237
4721, 37204
4725, 0
4728, 0
4730, 1
4731, 0
4732, 0
4733, 7
4734, 0
4737, 0
4738, 0
4740, 0
4741, 1
4742, 0
4745, 116
4746, 0
4747, 8
4750, 0
4751, 0
4753, 691
4755, 0
4756, 0
4757, 2
4758, 6
4759, 6
4760, 50
4761, 0
4762, 0
4763, 2
4766, 0
4767, 336
4770, 14
4773, 0
4778, 3
4782, 259
4783, 19
4786, 0
4790, 14680
4793, 0
4794, 8
4796, 0
4797, 0
4799, 1
4800, 271
4801, 0
4803, 0
4804, 0
4805, 2
4806, 1
4807, 11
4811, 0
4812, 5
4814, 5
4817, 0
4820, 0
4821, 249
4822, 0
4823, 0
4826, 6
4827, 0
4828, 0
4831, 0
4832, 2339
4833, 2
4837, 3
4842, 118
4853, 0
4854, 19
4856, 0
4863, 15
4872, 500
4875, 1
4877, 0
4890, 145
4891, 36
4893, 19
4894, 2
4896, 0
4903, 218
4904, 0
4907, 0
4910, 575
4912, 0
4915, 22
4922, 0
4923, 840
4924, 0
4925, 49
4927, 0
4928, 445
4933, 0
4934, 0
4947, 0
4948, 7
4949, 2
4953, 10542
4954, 0
4959, 123
4960, 0
4961, 3887
4963, 0
4964, 2
4965, 0
4968, 2
4971, 122
4972, 1
4974, 17
4975, 9
4976, 0
4977, 16
4985, 0
4987, 47
4989, 2
4990, 0
4991, 799
4992, 0
4994, 35
4996, 0
5000, 21
5001, 37
5002, 4
5005, 9
5010, 333
5012, 0
5015, 186
5016, 0
5017, 14
5018, 2
5023, 0
5029, 3
5031, 38
5033, 0
5034, 377
5036, 2
5040, 0
5043, 0
5044, 0
5045, 13
5048, 1
5052, 0
5059, 1
5062, 0
5066, 0
5068, 24
5069, 11
5070, 0
5072, 93
5080, 153
5081, 48
5082, 126
5086, 0
5087, 0
5089, 0
5090, 0
5091, 101
5092, 0
5093, 12
5094, 5340
5096, 0
5097, 0
5098, 0
5100, 17
5101, 204
5106, 0
5107, 0
5108, 1
5110, 0
5112, 3
5113, 0
5115, 0
5116, 0
5121, 0
5122, 0
5124, 29
5126, 0
5135, 0
5136, 20
5138, 0
5142, 0
5144, 1
5147, 38
5148, 0
5150, 0
5152, 0
5153, 1
5154, 0
5165, 4
5170, 0
5174, 0
5175, 111
5177, 10
5178, 0
5179, 0
5180, 0
5181, 0
5184, 0
5187, 4
5196, 8
5197, 11
5199, 52
5200, 52
5202, 0
5210, 110
5212, 3
5213, 0
5214, 0
5217, 27
5218, 0
5219, 0
5220, 0
5223, 5
5227, 1
5228, 0
5229, 601
5230, 0
5231, 0
5232, 5
5239, 14
5244, 0
5246, 0
5250, 3
5251, 104
5253, 0
5254, 4
5258, 0
5259, 2487
5260, 9
5261, 0
5263, 1
5265, 0
5267, 893
5268, 2
5273, 33
5274, 24
5275, 0
5279, 12
5281, 4
5282, 4
5284, 0
5285, 1
5286, 18
5287, 18
5288, 0
5292, 1950
5295, 4
5296, 7
5297, 0
5301, 5661
5304, 25
5305, 0
5309, 3613
5310, 6
5312, 54
5313, 0
5314, 0
5315, 0
5316, 38
5319, 0
5323, 113
5328, 8
5329, 9
5334, 0
5337, 1080
5338, 5
5339, 0
5340, 83
5342, 2
5344, 1
5357, 1
5360, 5
5363, 4
5365, 42
5371, 7232
5372, 117
5373, 43
5375, 1
5377, 0
5378, 115
5380, 0
5381, 0
5383, 0
5387, 131
5392, 0
5393, 0
5394, 1
5395, 44
5398, 0
5399, 5
5403, 0
5405, 0
5407, 0
5412, 0
5413, 1
5414, 0
5415, 1
5417, 0
5419, 0
5420, 330
5428, 3
5429, 0
5431, 98
5432, 0
5433, 0
5434, 0
5440, 0
5441, 0
5442, 2476
5443, 5
5448, 0
5450, 10
5453, 1
5461, 0
5462, 0
5463, 0
5464, 5
5466, 0
5469, 0
5473, 8
5477, 0
5480, 130
5482, 21
5483, 3
5484, 149
5486, 0
5487, 0
5490, 0
5493, 0
5495, 0
5496, 0
5498, 82
5499, 19
5506, 374
5513, 194
5516, 4
5519, 2
5523, 0
5524, 0
5526, 0
5531, 0
5534, 37
5535, 0
5536, 0
5537, 0
5538, 8
5539, 5
5542, 70
5543, 0
5544, 0
5545, 0
5546, 0
5547, 0
5548, 0
5550, 18
5551, 0
5553, 2
5555, 1
5557, 0
5562, 1
5563, 0
5564, 0
5566, 21
5567, 2
5572, 84
5575, 71
5577, 0
5579, 0
5580, 0
5583, 96
5584, 0
5585, 75
5587, 13
5593, 0
5597, 1
5598, 0
5601, 3
5604, 0
5605, 0
5607, 0
5609, 49
5610, 0
5611, 3
5613, 0
5619, 0
5621, 27
5622, 2
5626, 2
5627, 4426
5628, 66
5631, 0
5632, 0
5633, 1
5637, 0
5639, 0
5640, 10
5641, 0
5643, 0
5644, 0
5646, 0
5650, 0
5651, 1
5652, 0
5653, 0
5654, 0
5656, 37
5659, 24
5660, 2
5661, 0
5667, 0
5672, 0
5674, 0
5675, 0
5678, 1
5679, 0
5681, 0
5682, 0
5683, 0
5684, 0
5688, 0
5689, 0
5690, 11318
5692, 0
5696, 0
5698, 0
5700, 12
5701, 1273
5702, 0
5705, 2
5706, 26
5708, 29
5709, 42
5710, 0
5712, 188
5714, 58
5715, 0
5716, 0
5718, 0
5720, 0
5723, 3
5724, 0
5725, 0
5728, 0
5730, 90
5731, 0
5732, 82
5733, 0
5734, 4
5735, 5
5736, 2
5737, 0
5738, 6
5739, 0
5740, 7691
5743, 43
5744, 224
5750, 6
5751, 30
5753, 776
5756, 2827
5758, 0
5761, 11
5762, 0
5764, 17
5766, 0
5768, 4
5771, 1
5773, 1
5775, 171
5780, 0
5783, 0
5784, 71
5785, 0
5787, 21
5789, 28
5790, 1
5792, 0
5793, 0
5794, 3
5795, 4
5800, 12
5801, 88
5802, 26
5807, 0
5809, 0
5810, 8289
5815, 0
5821, 0
5822, 0
5823, 1
5825, 0
5827, 0
5830, 19
5831, 2
5837, 0
5838, 0
5839, 0
5840, 0
5841, 4
5842, 0
5844, 0
5845, 0
5846, 0
5849, 122
5850, 0
5851, 0
5852, 0
5857, 0
5860, 60
5869, 451
5873, 22
5875, 0
5880, 0
5883, 1
5884, 0
5887, 0
5890, 0
5891, 0
5893, 0
5896, 2
5897, 0
5899, 0
5900, 2
5901, 7
5903, 372
5906, 0
5907, 0
5908, 4
5912, 0
5914, 0
5917, 364
5922, 0
5923, 0
5924, 0
5925, 0
5926, 0
5931, 0
5934, 0
5935, 0
5937, 0
5938, 0
5943, 0
5944, 4
5945, 0
5948, 0
5950, 0
5952, 298
5954, 0
5958, 0
5960, 0
5963, 343
5965, 0
5969, 0
5970, 821
5971, 0
5973, 0
5974, 0
5975, 0
5976, 0
5977, 3
5980, 0
5984, 0
5985, 1
5986, 0
5988, 0
5993, 0
5994, 0
5998, 10
5999, 0
6005, 10
6012, 0
6013, 159
6014, 0
6015, 99
6016, 0
6018, 0
6021, 0
6023, 2
6027, 0
6030, 16
6031, 1453
6032, 56
6034, 0
6035, 70
6036, 0
6040, 2
6041, 0
6043, 1213
6046, 20
6049, 0
6051, 0
6052, 0
6055, 0
6057, 0
6060, 0
6062, 0
6066, 0
6067, 0
6074, 4
6076, 0
6079, 0
6081, 0
6082, 8
6084, 0
6085, 8274
6086, 0
6089, 2
6091, 1
6093, 1
6094, 177481
6096, 111
6099, 4
6100, 1
6101, 20255
6102, 0
6103, 0
6104, 3
6107, 66
6108, 0
6111, 6
6113, 0
6114, 0
6116, 1
6117, 0
6121, 5
6123, 0
6125, 0
6126, 0
6127, 0
6129, 2710
6131, 234
6133, 0
6135, 0
6137, 4
6140, 0
6141, 0
6142, 0
6147, 2
6149, 0
6151, 1
6153, 9298
6154, 0
6156, 3
6159, 14
6162, 0
6165, 0
6166, 0
6167, 0
6172, 4
6179, 0
6180, 4
6182, 0
6183, 21
6187, 11
6189, 2
6190, 0
6191, 1
6194, 6
6198, 0
6200, 0
6205, 346
6206, 40
6207, 0
6209, 96
6210, 2
6214, 276
6215, 0
6216, 0
6217, 6
6223, 0
6226, 0
6227, 0
6233, 1
6235, 0
6238, 0
6240, 0
6243, 0
6244, 0
6245, 0
6248, 1
6249, 30
6254, 81
6255, 1
6256, 0
6258, 9
6259, 0
6262, 3946
6263, 0
6264, 1
6266, 2
6268, 0
6269, 6008
6270, 14
6275, 0
6277, 3
6278, 3
6279, 0
6280, 0
6288, 0
6290, 0
6293, 0
6295, 0
6296, 0
6299, 0
6300, 0
6301, 5
6302, 0
6303, 0
6307, 820
6309, 1
6310, 0
6311, 0
6312, 0
6314, 0
6316, 22635
6318, 0
6320, 0
6321, 2
6322, 0
6324, 1
6325, 0
6326, 0
6327, 0
6328, 0
6330, 0
6332, 1
6333, 0
6334, 0
6337, 0
6339, 5
6342, 0
6343, 0
6344, 0
6345, 2
6347, 0
6348, 237
6349, 1
6351, 0
6353, 0
6355, 76
6357, 18
6358, 0
6359, 0
6360, 4
6361, 6
6362, 0
6363, 1
6366, 0
6367, 0
6369, 0
6380, 0
6381, 0
6382, 8
6386, 0
6388, 0
6389, 1
6398, 0
6400, 203
6401, 0
6407, 0
6408, 10
6414, 17
6415, 200
6418, 0
6419, 1
6421, 0
6425, 0
6427, 0
6429, 42
6430, 195
6433, 1
6435, 0
6437, 4
6438, 0
6439, 0
6441, 0
6442, 0
6444, 0
6451, 279
6455, 0
6459, 0
6460, 75
6461, 0
6462, 0
6463, 0
6466, 1688
6473, 0
6474, 1
6475, 0
6476, 0
6477, 1
6480, 0
6481, 52
6483, 0
6484, 1
6485, 2
6486, 0
6494, 6
6495, 29
6496, 0
6497, 0
6499, 0
6500, 11
6502, 0
6503, 185
6506, 300
6514, 35
6515, 137
6517, 2
6518, 31
6521, 146
6522, 82
6524, 0
6526, 0
6527, 0
6531, 78
6534, 0
6542, 0
6544, 1
6545, 951
6547, 0
6549, 0
6550, 0
6552, 0
6555, 2
6556, 0
6557, 1
6561, 0
6563, 0
6565, 0
6566, 16
6567, 3
6569, 10
6570, 11
6571, 1
6572, 0
6573, 0
6574, 0
6576, 0
6577, 2
6579, 510
6588, 7
6590, 22
6594, 5
6609, 0
6610, 1
6612, 0
6617, 0
6618, 0
6619, 3
6623, 0
6625, 0
6626, 5
6627, 23
6634, 0
6637, 142
6638, 4
6639, 0
6640, 0
6641, 0
6643, 0
6644, 0
6645, 0
6646, 380
6647, 781
6649, 26
6650, 0
6651, 91
6655, 0
6658, 206
6666, 27727
6668, 5
6670, 2
6673, 4
6674, 0
6679, 0
6691, 0
6694, 2
6696, 0
6698, 4
6699, 9
6700, 2
6701, 0
6702, 9
6710, 0
6713, 0
6714, 0
6715, 8
6716, 489
6719, 0
6722, 1
6726, 1
6727, 0
6742, 49
6748, 0
6749, 7
6750, 0
6751, 15
6752, 0
6753, 316
6756, 80
6757, 1
6758, 0
6759, 0
6761, 13
6766, 270
6768, 1
6769, 44
6770, 95
6771, 1
6772, 90
6773, 76
6774, 2
6776, 9
6778, 0
6779, 29
6781, 3
6783, 0
6784, 6
6787, 166
6788, 0
6789, 0
6791, 0
6792, 0
6793, 12
6794, 39421
6800, 0
6801, 0
6803, 0
6804, 0
6806, 0
6807, 0
6810, 0
6812, 0
6813, 0
6816, 0
6817, 0
6818, 188
6821, 0
6822, 60
6824, 0
6826, 4
6827, 67
6828, 0
6831, 0
6834, 0
6835, 1
6836, 115
6837, 0
6842, 0
6846, 0
6847, 2
6853, 0
6854, 3
6855, 0
6856, 2427
6858, 27
6860, 0
6861, 0
6862, 23
6863, 0
6866, 0
6871, 285
6872, 1
6876, 0
6881, 0
6882, 1
6883, 13
6886, 32
6890, 0
6892, 1
6898, 1
6899, 0
6902, 3
6903, 4
6904, 6
6905, 0
6906, 0
6908, 1
6913, 0
6915, 0
6916, 1
6921, 3
6922, 0
6923, 10
6926, 0
6933, 0
6935, 0
6936, 5895
6940, 0
6941, 3
6942, 1
6948, 2
6949, 20
6950, 1794
6953, 788
6958, 0
6960, 3
6961, 0
6966, 0
6973, 0
6975, 0
6976, 32854
6979, 12
6982, 0
6983, 0
6985, 8
6986, 358
6988, 0
6989, 0
6992, 0
6994, 1
6996, 0
6997, 0
6998, 8
7001, 9
7002, 58
7004, 0
7005, 28
7011, 0
7012, 0
7015, 70
7016, 1
7021, 14
7023, 0
7025, 0
7028, 3
7031, 829
7033, 25
7034, 0
7035, 3
7036, 0
7037, 0
7041, 10
7043, 0
7047, 0
7048, 73
7049, 0
7050, 0
7053, 9
7055, 0
7056, 0
7057, 0
7058, 0
7060, 2
7068, 0
7071, 0
7072, 0
7076, 108
7077, 0
7079, 310
7081, 4
7082, 2
7083, 0
7086, 52
7089, 61
7092, 2
7093, 67
7094, 1
7095, 0
7101, 0
7103, 0
7105, 0
7106, 0
7107, 1
7108, 7
7110, 77
7112, 0
7113, 1
7117, 0
7120, 16
7126, 0
7129, 0
7132, 0
7133, 1
7134, 0
7137, 0
7138, 18
7139, 0
7142, 0
7144, 199
7145, 0
7146, 0
7148, 0
7150, 9
7152, 0
7153, 0
7154, 54
7157, 0
7158, 0
7160, 0
7161, 8
7164, 0
7165, 12
7168, 26
7170, 3
7171, 0
7174, 0
7175, 0
7176, 0
7177, 3
7181, 2
7188, 0
7192, 5
7193, 248
7194, 0
7200, 1
7203, 0
7205, 0
7206, 3398
7207, 0
7209, 10
7211, 0
7214, 0
7218, 0
7219, 0
7222, 11
7223, 1
7224, 0
7227, 0
7228, 1
7229, 0
7231, 0
7234, 1
7238, 1
7239, 0
7246, 0
7247, 0
7248, 0
7252, 15
7254, 0
7256, 0
7257, 52
7258, 0
7260, 0
7261, 0
7262, 0
7263, 0
7266, 0
7269, 52
7276, 0
7279, 1
7281, 33
7283, 0
7285, 0
7288, 3
7289, 0
7294, 675
7300, 0
7302, 0
7303, 2
7305, 0
7307, 138
7311, 3750
7313, 68
7314, 0
7316, 0
7317, 5
7320, 2
7325, 4
7326, 0
7327, 0
7328, 0
7330, 17
7332, 1
7335, 6
7341, 37
7343, 0
7344, 1
7346, 19
7348, 9
7350, 0
7352, 1
7355, 0
7357, 0
7359, 0
7360, 1
7361, 0
7364, 2
7365, 0
7367, 0
7368, 0
7369, 0
7373, 0
7375, 0
7377, 0
7378, 0
7381, 0
7383, 0
7386, 48
7387, 4
7391, 0
7392, 1389
7393, 0
7397, 0
7399, 28
7401, 0
7402, 0
7408, 9
7409, 101
7410, 52
7411, 1
7412, 1
7416, 0
7418, 3
7419, 0
7421, 0
7422, 0
7424, 1
7428, 0
7434, 10
7436, 1
7437, 263
7438, 0
7440, 0
7441, 0
7442, 2
7443, 0
7444, 0
7445, 8
7448, 0
7456, 0
7458, 219
7460, 16535
7461, 4
7463, 0
7466, 22
7467, 0
7475, 0
7477, 0
7482, 0
7486, 125
7489, 0
7492, 5
7494, 7
7496, 0
7499, 1
7502, 0
7503, 0
7504, 28
7505, 0
7507, 635
7508, 0
7510, 1
7512, 1
7514, 3
7515, 0
7516, 0
7518, 0
7520, 0
7521, 2785
7523, 0
7526, 0
7527, 0
7531, 2
7533, 0
7534, 7
7537, 0
7538, 101
7540, 16
7551, 0
7554, 0
7561, 0
7562, 0
7573, 0
7575, 0
7576, 3
7582, 0
7589, 0
7590, 0
7591, 7
7595, 24
7599, 0
7600, 0
7607, 223
7608, 2
7611, 0
7614, 1
7618, 0
7619, 0
7621, 1
7625, 1
7626, 6
7630, 0
7631, 23
7632, 2
7637, 0
7641, 6
7644, 0
7646, 1
7647, 6
7651, 0
7653, 6
7655, 65
7660, 1
7663, 2
7664, 0
7666, 1696
7667, 14
7670, 0
7671, 8
7672, 0
7673, 0
7674, 1
7681, 0
7682, 0
7683, 0
7685, 0
7686, 0
7687, 3
7690, 2
7691, 0
7692, 23
7694, 4
7695, 6
7699, 19
7702, 0
7705, 0
7709, 0
7710, 336
7713, 0
7718, 0
7721, 313
7725, 0
7726, 114
7727, 0
7728, 0
7729, 0
7732, 15
7735, 1
7736, 0
7738, 14
7739, 20
7740, 0
7742, 0
7743, 9415
7746, 0
7747, 0
7748, 0
7751, 0
7753, 0
7754, 15
7755, 0
7756, 5
7758, 2
7759, 2
7760, 0
7762, 65
7763, 3
7764, 0
7765, 0
7767, 3
7769, 0
7772, 7
7773, 0
7775, 0
7776, 98
7777, 0
7778, 0
7779, 0
7780, 7
7781, 0
7783, 0
7787, 0
7790, 0
7792, 0
7799, 0
7801, 0
7803, 0
7804, 4
7813, 0
7814, 1
7817, 0
7818, 0
7819, 0
7820, 6
7821, 0
7827, 0
7828, 1
7829, 0
7830, 1
7832, 0
7834, 0
7837, 0
7839, 0
7842, 25
7844, 5
7845, 202
7851, 17
7858, 0
7861, 0
7867, 331
7868, 37
7869, 133
7870, 0
7872, 1
7874, 2
7875, 3
7877, 0
7878, 4
7886, 18
7890, 0
7891, 0
7894, 1
7895, 0
7899, 0
7900, 0
7903, 3
7908, 0
7909, 1
7911, 1
7914, 0
7915, 0
7916, 0
7917, 0
7919, 0
7923, 0
7929, 0
7931, 3
7932, 38
7934, 733
7935, 0
7936, 78
7939, 0
7944, 0
7949, 6
7950, 2
7952, 169
7956, 4
7961, 0
7966, 0
7967, 10
7972, 0
7979, 51
7981, 0
7982, 21
7983, 0
7986, 0
7987, 0
7990, 0
7991, 0
7993, 0
7995, 0
7998, 0
8003, 0
8004, 4
8008, 12452
8009, 0
8012, 0
8013, 0
8014, 0
8015, 1
8018, 0
8019, 0
8021, 3
8027, 0
8028, 0
8030, 0
8032, 954
8037, 20
8039, 0
8040, 0
8041, 0
8044, 0
8047, 57
8048, 0
8049, 0
8050, 24
8051, 4
8054, 0
8055, 0
8056, 0
8061, 0
8062, 0
8064, 4
8065, 0
8066, 3
8068, 27
8069, 0
8070, 0
8074, 0
8075, 43
8084, 0
8085, 0
8089, 0
8090, 0
8092, 3
8094, 2
8096, 0
8103, 1476
8105, 25
8106, 0
8111, 0
8112, 0
8119, 1
8120, 0
8121, 0
8122, 0
8123, 0
8124, 0
8125, 0
8128, 0
8130, 2
8131, 143
8132, 13
8133, 314
8134, 94
8135, 1
8140, 2
8141, 16
8143, 0
8144, 0
8146, 50
8152, 6
8153, 3
8154, 0
8157, 25
8158, 0
8160, 0
8161, 0
8162, 0
8165, 0
8168, 2
8170, 0
8173, 0
8176, 13541
8178, 0
8180, 1
8182, 0
8183, 21
8184, 0
8186, 0
8187, 0
8188, 11
8192, 0
8193, 0
8196, 0
8197, 0
8199, 3
8201, 9
8202, 0
8203, 11
8208, 0
8212, 3616
8214, 0
8215, 0
8216, 4
8217, 0
8222, 0
8224, 24
8225, 0
8228, 0
8230, 0
8232, 0
8234, 24
8235, 0
8237, 1
8239, 4
8244, 0
8245, 7
8246, 36
8248, 8
8250, 0
8252, 27
8253, 0
8254, 0
8257, 13
8264, 0
8265, 0
8268, 0
8272, 13
8274, 1
8275, 1
8276, 0
8278, 0
8286, 1
8288, 0
8289, 0
8294, 0
8307, 0
8308, 0
8309, 0
8320, 608
8321, 0
8322, 0
8324, 40
8333, 0
8334, 0
8338, 17
8341, 0
8343, 0
8345, 11
8347, 0
8353, 3
8354, 3
8358, 0
8361, 0
8363, 2
8366, 1
8368, 0
8373, 0
8375, 2
8379, 0
8380, 0
8381, 13
8382, 17
8390, 1
8391, 0
8393, 0
8394, 3
8395, 0
8399, 0
8403, 0
8407, 0
8410, 9
8415, 0
8417, 1
8418, 1
8419, 20
8424, 0
8426, 1
8430, 5427
8431, 0
8432, 1
8434, 107
8435, 0
8436, 0
8437, 0
8441, 18
8444, 0
8445, 0
8446, 0
8447, 0
8448, 0
8449, 0
8450, 0
8452, 39
8457, 6
8460, 1
8461, 0
8462, 0
8469, 0
8472, 5
8475, 0
8478, 0
8479, 32
8480, 5
8482, 44
8483, 0
8487, 0
8488, 0
8494, 64
8496, 0
8500, 0
8504, 12
8508, 5
8509, 0
8515, 0
8519, 0
8520, 2
8523, 0
8524, 0
8526, 0
8528, 21
8531, 0
8532, 1
8533, 0
8536, 0
8538, 0
8541, 0
8543, 0
8544, 0
8546, 0
8547, 437
8549, 0
8550, 0
8552, 10
8556, 8
8560, 0
8565, 0
8567, 0
8574, 2
8576, 1
8579, 0
8582, 0
8584, 4
8585, 0
8588, 33
8589, 0
8590, 9
8592, 0
8594, 1
8596, 0
8597, 1
8598, 0
8599, 0
8601, 0
8602, 0
8604, 1
8606, 0
8610, 0
8613, 0
8614, 0
8616, 0
8617, 0
8618, 0
8621, 34
8623, 0
8624, 2
8626, 0
8628, 1
8629, 1
8631, 0
8636, 0
8638, 0
8642, 0
8644, 0
8646, 32
8648, 1
8649, 0
8650, 0
8652, 0
8653, 0
8658, 6
8661, 0
8662, 0
8665, 1
8667, 1
8670, 10
8671, 0
8672, 0
8673, 1
8674, 8
8675, 0
8676, 736
8679, 1
8680, 55
8682, 0
8684, 0
8688, 0
8694, 0
8697, 0
8698, 0
8699, 204
8701, 0
8702, 1
8704, 0
8705, 0
8707, 0
8712, 0
8714, 0
8718, 0
8719, 11
8720, 1
8721, 16
8723, 0
8725, 20
8726, 68
8733, 54
8734, 0
8735, 0
8736, 27
8737, 0
8739, 0
8744, 0
8745, 0
8747, 0
8749, 0
8750, 0
8751, 0
8752, 0
8755, 459
8761, 0
8762, 0
8764, 1
8766, 0
8769, 1
8770, 0
8776, 53
8778, 1
8779, 17
8782, 0
8784, 16
8786, 10
8788, 0
8789, 0
8794, 13
8797, 0
8798, 8
8799, 10403
8801, 0
8802, 0
8806, 0
8808, 0
8811, 151
8812, 5
8813, 0
8814, 6
8817, 0
8818, 0
8820, 0
8822, 0
8824, 2
8826, 11
8828, 0
8834, 0
8838, 0
8842, 0
8843, 432
8847, 3
8850, 1
8855, 0
8857, 0
8858, 2
8860, 0
8864, 3
8866, 0
8867, 12
8868, 4
8870, 0
8871, 165
8872, 4
8875, 4
8882, 5
8883, 3
8885, 0
8886, 7
8887, 7
8888, 0
8890, 1
8891, 4
8894, 0
8899, 51
8900, 0
8901, 0
8905, 0
8906, 2
8907, 0
8908, 0
8912, 0
8913, 23
8914, 0
8915, 0
8916, 0
8920, 0
8921, 0
8923, 1
8925, 0
8927, 4
8931, 2
8932, 32
8933, 3
8938, 18
8940, 0
8941, 0
8945, 0
8952, 0
8955, 26
8962, 0
8965, 0
8966, 0
8967, 0
8969, 0
8974, 3
8975, 0
8977, 1
8978, 0
8981, 1
8982, 2
8984, 0
8987, 0
8991, 71
8994, 1
8995, 0
8996, 83
8998, 0
9000, 0
9002, 1
9003, 5
9005, 0
9006, 0
9008, 0
9012, 0
9014, 1
9015, 0
9017, 0
9019, 36
9021, 0
9022, 7
9024, 4
9025, 105
9026, 0
9028, 0
9031, 0
9032, 0
9034, 0
9035, 262
9039, 1
9040, 0
9041, 0
9044, 0
9046, 3
9048, 0
9052, 0
9054, 0
9057, 3
9059, 0
9061, 0
9062, 3095
9066, 0
9067, 1
9068, 20
9069, 0
9072, 181
9074, 0
9075, 4
9076, 0
9077, 1
9078, 0
9080, 0
9081, 0
9086, 0
9093, 17
9094, 0
9095, 0
9096, 5
9097, 0
9099, 0
9101, 0
9102, 13
9107, 1
9109, 3
9110, 4
9114, 13
9118, 0
9120, 0
9123, 0
9124, 14
9126, 0
9133, 0
9136, 0
9137, 2
9139, 1
9141, 0
9143, 0
9148, 0
9149, 0
9151, 0
9152, 1
9154, 2
9155, 0
9156, 0
9158, 0
9160, 0
9161, 35
9162, 0
9163, 160
9166, 0
9172, 0
9187, 18
9189, 9
9191, 0
9197, 20
9199, 11
9201, 0
9202, 0
9203, 0
9205, 2
9211, 1
9212, 0
9220, 0
9221, 0
9222, 0
9223, 0
9232, 0
9237, 0
9238, 0
9242, 0
9245, 0
9246, 26
9247, 0
9248, 6
9251, 0
9252, 3
9253, 0
9254, 0
9256, 0
9257, 0
9258, 0
9260, 0
9263, 0
9265, 9
9266, 0
9268, 0
9269, 133
9277, 0
9280, 0
9284, 0
9286, 0
9292, 1
9293, 0
9299, 0
9300, 58
9301, 0
9302, 0
9303, 0
9304, 0
9305, 54
9306, 0
9307, 14
9310, 71
9313, 4
9316, 0
9317, 251
9320, 0
9322, 2
9327, 0
9332, 0
9335, 9
9338, 0
9342, 4
9347, 0
9352, 9
9354, 2
9355, 8
9361, 0
9369, 0
9372, 0
9375, 0
9379, 6
9380, 0
9382, 0
9386, 1
9390, 1
9391, 1
9394, 0
9395, 7
9397, 0
9401, 73
9402, 0
9403, 0
9404, 13
9406, 0
9407, 0
9411, 0
9417, 438
9418, 0
9419, 0
9420, 10
9421, 0
9422, 10
9427, 2
9429, 2
9431, 0
9433, 0
9439, 1
9440, 0
9442, 0
9444, 0
9449, 1219
9451, 7
9453, 0
9455, 0
9456, 0
9458, 6
9459, 0
9462, 0
9463, 0
9468, 10
9470, 1
9471, 2
9472, 0
9475, 0
9478, 0
9481, 0
9486, 2
9489, 0
9490, 0
9491, 2
9492, 20
9493, 0
9497, 0
9498, 0
9501, 60
9502, 10
9503, 0
9504, 31
9506, 0
9509, 3
9514, 23
9516, 0
9518, 0
9522, 0
9523, 0
9525, 0
9526, 0
9527, 0
9533, 0
9534, 226
9535, 0
9538, 0
9539, 0
9542, 0
9543, 0
9544, 0
9545, 23
9546, 0
9547, 10
9550, 3
9552, 2
9554, 0
9556, 0
9557, 1
9558, 26
9559, 0
9560, 0
9561, 0
9562, 0
9563, 2
9564, 195
9565, 9
9566, 0
9569, 1
9573, 0
9581, 5
9582, 0
9584, 4
9586, 4
9588, 1
9599, 0
9600, 0
9601, 0
9609, 0
9610, 0
9612, 0
9615, 0
9617, 26
9618, 0
9621, 1
9624, 1
9625, 0
9626, 0
9638, 0
9645, 21
9646, 0
9652, 137
9653, 2
9658, 26
9661, 0
9666, 0
9667, 0
9668, 5
9669, 0
9671, 0
9672, 85
9679, 1
9680, 0
9684, 5
9689, 0
9690, 0
9694, 0
9699, 0
9704, 0
9710, 0
9711, 0
9712, 6
9713, 0
9714, 1
9716, 196
9717, 0
9720, 0
9721, 0
9724, 0
9727, 0
9728, 11
9729, 0
9730, 0
9732, 0
9733, 0
9734, 0
9736, 0
9737, 0
9740, 0
9754, 0
9755, 0
9762, 2
9766, 0
9767, 0
9769, 32
9776, 0
9777, 0
9778, 0
9779, 0
9785, 0
9787, 0
9791, 0
9792, 0
9793, 1
9798, 0
9800, 3
9804, 0
9805, 0
9807, 0
9808, 0
9809, 0
9810, 0
9818, 1
9819, 0
9821, 0
9823, 0
9825, 2
9826, 0
9829, 0
9831, 0
9833, 10
9834, 2
9835, 0
9836, 0
9838, 0
9839, 0
9840, 1
9842, 2
9844, 1
9848, 0
9849, 1
9850, 0
9852, 0
9853, 0
9855, 0
9857, 0
9858, 6
9867, 7
9868, 1
9869, 0
9871, 196
9872, 0
9878, 1
9880, 0
9881, 0
9883, 0
9885, 5
9889, 0
9890, 30
9891, 0
9896, 1587
9898, 0
9899, 1
9900, 0
9904, 20
9909, 0
9913, 0
9915, 7
9919, 65
9920, 0
9923, 0
9924, 350
9926, 0
9927, 5
9928, 748
9932, 0
9933, 0
9934, 0
9935, 0
9937, 0
9939, 0
9941, 0
9942, 3
9944, 6
9946, 0
9947, 114
9949, 0
9950, 3
9951, 0
9952, 0
9960, 36
9961, 0
9962, 9
9963, 0
9968, 0
9977, 0
9981, 0
9991, 2
9992, 0
10000, 0
10001, 2
10003, 0
10004, 0
10007, 88
10009, 0
10011, 0
10019, 1
10030, 0
10031, 1
10032, 0
10033, 0
10034, 0
10035, 50
10041, 0
10043, 0
10045, 0
10046, 4
10047, 0
10048, 0
10049, 0
10050, 0
10052, 0
10053, 0
10054, 0
10059, 291
10061, 0
10062, 0
10063, 0
10071, 0
10072, 3
10073, 1
10074, 0
10075, 0
10076, 3547
10079, 0
10080, 0
10082, 0
10083, 0
10084, 0
10086, 2
10091, 0
10095, 725
10096, 0
10097, 0
10103, 1
10104, 0
10105, 1
10106, 56
10109, 0
10110, 1
10111, 0
10112, 0
10118, 0
10119, 0
10121, 9
10122, 0
10123, 0
10124, 0
10125, 0
10128, 0
10130, 10
10132, 0
10134, 12
10135, 0
10137, 0
10139, 0
10143, 0
10144, 0
10147, 0
10148, 0
10150, 4
10155, 0
10156, 1
10159, 0
10164, 0
10171, 4
10174, 0
10175, 0
10176, 0
10177, 0
10178, 0
10179, 0
10181, 0
10183, 0
10184, 0
10186, 0
10189, 0
10191, 0
10192, 0
10193, 0
10194, 185
10202, 0
10203, 0
10204, 32
10205, 2
10206, 49
10211, 5
10213, 1
10215, 0
10217, 103
10218, 0
10219, 0
10220, 0
10221, 1
10223, 0
10225, 0
10227, 26
10231, 0
10234, 1
10238, 10
10239, 0
10241, 0
10246, 1
10247, 0
10251, 65
10253, 0
10255, 0
10256, 0
10258, 0
10264, 9
10265, 62
10266, 93
10267, 0
10269, 4
10271, 0
10272, 0
10273, 0
10275, 0
10276, 0
10277, 0
10280, 4
10281, 0
10283, 0
10284, 4
10286, 4
10290, 47
10292, 0
10294, 0
10299, 28
10300, 0
10301, 0
10302, 0
10303, 0
10304, 0
10306, 0
10309, 0
10312, 0
10313, 2
10316, 5
10317, 0
10322, 15
10323, 1
10324, 0
10326, 1
10327, 3
10328, 0
10330, 118
10331, 0
10332, 0
10333, 8
10335, 0
10339, 0
10341, 0
10343, 0
10346, 0
10350, 5
10351, 0
10354, 0
10356, 0
10363, 0
10365, 16
10366, 638
10367, 0
10368, 72
10376, 1
10378, 1
10380, 0
10381, 0
10386, 1
10390, 0
10392, 0
10393, 0
10397, 0
10398, 0
10400, 501
10401, 0
10402, 0
10405, 0
10406, 0
10408, 8
10410, 0
10416, 3
10422, 0
10424, 0
10426, 0
10427, 1
10429, 3
10431, 0
10435, 0
10436, 0
10443, 4
10444, 0
10446, 68
10452, 0
10453, 0
10454, 2
10457, 0
10458, 31
10461, 43
10462, 0
10466, 0
10468, 0
10469, 12
10473, 0
10475, 48
10476, 11
10477, 0
10478, 0
10481, 1
10482, 11
10483, 0
10487, 1
10491, 0
10494, 5
10495, 0
10497, 0
10500, 0
10503, 762
10509, 0
10511, 0
10516, 0
10517, 0
10524, 0
10527, 0
10533, 0
10535, 0
10537, 6
10538, 0
10539, 0
10541, 0
10547, 2
10549, 2
10550, 0
10551, 0
10552, 0
10553, 0
10554, 0
10555, 0
10557, 0
10562, 0
10563, 0
10567, 0
10570, 0
10576, 0
10577, 0
10578, 0
10579, 0
10580, 8
10583, 10
10585, 0
10590, 1
10594, 0
10596, 6
10602, 27
10605, 0
10608, 0
10609, 3
10610, 20
10611, 0
10613, 1
10614, 2
10617, 0
10620, 0
10621, 3
10622, 0
10626, 0
10627, 0
10629, 4
10632, 4
10639, 0
10640, 0
10646, 1
10648, 0
10650, 0
10657, 0
10659, 0
10661, 0
10663, 0
10670, 7
10671, 0
10673, 0
10675, 17
10676, 0
10679, 0
10680, 0
10684, 0
10687, 0
10696, 231
10698, 3
10700, 0
10701, 2
10703, 0
10705, 3
10706, 0
10707, 0
10708, 102
10709, 0
10711, 0
10712, 11
10714, 2
10718, 17
10727, 0
10728, 0
10729, 0
10734, 0
10735, 0
10738, 0
10740, 7
10744, 27
10745, 0
10746, 0
10748, 0
10749, 0
10752, 0
10753, 0
10756, 0
10757, 0
10758, 16
10761, 0
10763, 21
10766, 0
10767, 0
10768, 0
10769, 0
10773, 17
10774, 74
10775, 69
10777, 0
10779, 20
10780, 0
10785, 2
10791, 0
10792, 0
10799, 0
10800, 0
10801, 0
10803, 0
10809, 0
10811, 0
10812, 0
10814, 7
10819, 107
10820, 6
10821, 0
10827, 0
10828, 87
10833, 0
10837, 0
10839, 15
10840, 0
10841, 0
10844, 0
10846, 0
10849, 8
10850, 0
10853, 0
10854, 0
10857, 0
10858, 2
10859, 0
10860, 0
10861, 0
10862, 155
10867, 1
10868, 0
10870, 0
10871, 0
10872, 0
10875, 0
10876, 0
10881, 0
10883, 1
10887, 0
10893, 3
10898, 800
10899, 0
10900, 0
10901, 0
10903, 1
10909, 3733
10910, 0
10912, 0
10914, 0
10916, 0
10917, 0
10918, 17
10920, 1
10921, 0
10925, 0
10926, 5
10927, 0
10928, 5
10930, 5
10931, 17
10933, 0
10934, 3
10937, 0
10941, 0
10942, 0
10943, 0
10944, 0
10945, 0
10946, 78
10947, 0
10948, 0
10950, 0
10951, 0
10952, 0
10954, 0
10957, 0
10962, 0
10972, 0
10977, 0
10980, 2
10984, 1
10986, 0
10987, 0
10988, 0
10993, 0
10995, 0
10997, 0
11002, 2
11005, 0
11007, 1
11009, 6
11011, 1
11012, 0
11014, 0
11015, 0
11016, 402
11018, 0
11019, 0
11021, 0
11025, 1
11028, 23
11030, 4
11031, 0
11033, 3
11034, 6
11035, 0
11036, 0
11038, 0
11039, 0
11040, 0
11042, 0
11043, 0
11044, 0
11045, 0
11046, 0
11048, 1
11049, 0
11051, 0
11052, 0
11053, 3
11054, 325
11056, 1
11057, 0
11058, 0
11059, 9
11060, 4
11061, 0
11062, 0
11069, 0
11071, 2
11072, 40
11074, 0
11081, 120
11082, 0
11083, 0
11085, 2
11089, 0
11092, 4
11094, 3
11097, 0
11098, 0
11099, 0
11100, 0
11102, 0
11108, 85
11112, 0
11113, 0
11115, 60
11116, 0
11123, 0
11124, 1
11127, 0
11131, 0
11134, 1
11141, 0
11142, 9096
11143, 0
11145, 6
11146, 0
11147, 0
11151, 0
11153, 0
11156, 0
11157, 0
11163, 0
11167, 0
11168, 0
11172, 0
11173, 0
11176, 15
11177, 0
11178, 54
11180, 0
11186, 0
11190, 6
11191, 0
11192, 0
11206, 0
11207, 0
11211, 0
11214, 0
11215, 0
11216, 0
11218, 0
11220, 0
11221, 0
11225, 0
11228, 2
11230, 0
11239, 0
11241, 0
11244, 0
11247, 0
11248, 0
11249, 0
11251, 0
11255, 0
11258, 0
11259, 2
11260, 69
11262, 0
11264, 15
11266, 6
11268, 0
11269, 0
11272, 0
11277, 0
11280, 0
11281, 5
11284, 0
11286, 51
11291, 0
11297, 0
11299, 0
11300, 10
11301, 0
11303, 2
11306, 4
11307, 0
11312, 0
11317, 9
11318, 285
11319, 0
11321, 0
11322, 0
11324, 0
11325, 0
11329, 8
11332, 1
11334, 0
11335, 0
11344, 0
11346, 0
11349, 0
11359, 0
11360, 0
11361, 4
11362, 0
11363, 0
11366, 0
11368, 0
11376, 0
11378, 0
11380, 0
11383, 0
11384, 0
11387, 3
11390, 0
11392, 0
11394, 152
11395, 107
11397, 0
11398, 2
11399, 0
11402, 0
11405, 0
11407, 2
11409, 0
11411, 0
11413, 0
11414, 0
11416, 0
11417, 1
11418, 1
11423, 0
11426, 8
11433, 10
11435, 0
11436, 0
11438, 0
11439, 29
11443, 0
11445, 0
11447, 0
11449, 6
11454, 0
11458, 0
11464, 0
11482, 0
11483, 0
11484, 0
11491, 0
11493, 0
11498, 3
11499, 0
11500, 0
11501, 0
11502, 0
11503, 0
11504, 180
11506, 0
11512, 0
11521, 21
11522, 0
11523, 0
11528, 0
11530, 0
11535, 10
11536, 0
11537, 0
11538, 0
11540, 1121
11541, 0
11542, 13
11552, 4
11554, 0
11555, 0
11556, 0
11557, 16
11561, 0
11562, 1
11563, 0
11568, 3
11570, 16
11571, 0
11575, 2
11576, 1
11581, 0
11583, 0
11586, 0
11588, 6
11595, 0
11596, 0
11598, 3
11601, 0
11604, 0
11608, 0
11609, 11
11618, 70
11620, 0
11621, 0
11629, 11
11630, 0
11632, 2
11639, 0
11640, 21
11645, 0
11649, 0
11651, 0
11657, 0
11661, 9
11662, 0
11663, 0
11670, 1
11675, 0
11682, 7
11688, 0
11697, 0
11703, 0
11705, 44
11714, 0
11715, 0
11716, 1
11721, 0
11722, 0
11725, 0
11726, 0
11727, 62
11730, 1
11731, 0
11733, 0
11736, 0
11738, 0
11743, 0
11745, 0
11750, 0
11751, 0
11757, 2
11761, 0
11762, 4
11763, 0
11764, 0
11765, 490
11768, 28
11771, 0
11773, 0
11774, 0
11778, 0
11780, 0
11785, 0
11786, 331
11796, 0
11797, 0
11798, 0
11800, 0
11804, 2
11806, 0
11818, 0
11819, 0
11821, 0
11824, 0
11825, 0
11827, 0
11828, 3
11830, 0
11832, 0
11837, 0
11838, 0
11839, 0
11842, 3
11843, 0
11846, 14
11847, 25
11850, 5
11853, 2
11854, 0
11855, 0
11859, 0
11860, 0
11863, 0
11868, 0
11870, 0
11877, 2
11878, 0
11885, 76
11895, 0
11897, 0
11898, 5
11900, 0
11901, 0
11906, 0
11907, 2
11909, 0
11910, 0
11915, 0
11918, 0
11919, 207
11920, 0
11921, 0
11923, 0
11926, 161
11928, 12
11930, 0
11932, 0
11934, 12
11936, 0
11938, 0
11945, 0
11946, 0
11947, 0
11953, 0
11959, 0
11964, 7
11966, 4
11970, 0
11973, 5
11974, 0
11976, 0
11978, 0
11980, 5
11984, 12
11985, 0
11990, 0
11996, 0
11998, 5
12000, 0
12004, 0
12010, 0
12013, 0
12014, 0
12017, 1
12018, 0
12019, 4
12021, 0
12025, 0
12027, 16
12028, 8
12029, 0
12031, 0
12032, 3
12036, 0
12037, 0
12039, 3
12041, 0
12042, 0
12044, 0
12047, 0
12050, 0
12052, 0
12054, 0
12057, 0
12059, 0
12063, 10
12064, 1
12065, 0
12067, 0
12069, 0
12075, 0
12078, 0
12082, 7
12083, 0
12086, 0
12087, 70
12088, 1
12090, 0
12099, 0
12103, 0
12104, 0
12105, 0
12106, 4
12107, 134
12109, 0
12111, 0
12114, 0
12117, 9
12120, 185
12125, 0
12126, 0
12128, 0
12129, 0
12132, 0
12135, 0
12136, 0
12137, 0
12138, 0
12142, 0
12145, 7
12146, 0
12147, 0
12148, 0
12156, 0
12160, 2
12163, 3
12166, 135
12170, 0
12176, 157
12178, 6
12183, 0
12184, 0
12185, 0
12187, 0
12189, 0
12192, 30
12193, 0
12194, 0
12198, 0
12199, 0
12201, 0
12202, 0
12203, 0
12204, 2
12205, 48
12208, 1
12210, 0
12212, 0
12213, 4
12223, 0
12226, 3
12227, 0
12229, 0
12230, 0
12232, 0
12233, 0
12234, 0
12235, 1
12242, 0
12245, 0
12249, 18
12252, 0
12253, 0
12255, 0
12259, 0
12260, 2
12261, 0
12262, 0
12263, 1
12264, 0
12265, 0
12266, 0
12269, 0
12272, 1
12274, 1
12277, 0
12280, 0
12281, 2
12282, 1
12285, 0
12289, 2
12290, 0
12292, 0
12295, 0
12296, 0
12301, 299
12305, 0
12306, 4
12308, 0
12309, 0
12310, 28
12312, 44
12314, 0
12319, 0
12320, 0
12325, 1
12329, 0
12330, 2
12333, 0
12334, 0
12336, 10
12337, 59
12338, 0
12341, 9
12347, 0
12351, 0
12352, 0
12357, 5
12360, 3
12361, 0
12362, 4
12363, 0
12365, 0
12366, 1
12370, 0
12374, 0
12376, 0
12377, 0
12379, 0
12380, 0
12383, 9
12384, 0
12386, 0
12389, 0
12390, 0
12394, 9
12395, 0
12396, 0
12397, 0
12400, 0
12402, 27
12403, 0
12404, 0
12406, 0
12408, 0
12409, 0
12410, 0
12412, 0
12413, 0
12416, 0
12418, 128
12419, 0
12420, 1
12424, 0
12425, 0
12427, 0
12431, 0
12434, 0
12435, 0
12436, 0
12438, 0
12444, 0
12445, 1
12450, 0
12452, 0
12455, 0
12457, 0
12460, 0
12462, 0
12463, 4
12465, 0
12466, 53
12468, 0
12473, 0
12474, 0
12477, 0
12478, 0
12481, 60
12482, 479
12484, 54
12485, 0
12486, 5
12487, 0
12489, 0
12491, 0
12494, 0
12496, 0
12498, 6
12500, 0
12501, 0
12503, 0
12506, 0
12509, 0
12512, 0
12516, 0
12517, 3
12518, 25
12519, 0
12520, 0
12522, 0
12525, 0
12531, 0
12532, 0
12534, 0
12535, 0
12536, 0
12543, 0
12547, 8
12550, 0
12554, 0
12558, 0
12563, 0
12566, 0
12567, 0
12570, 1
12572, 0
12573, 20
12575, 0
12578, 0
12580, 1
12581, 0
12590, 0
12591, 0
12595, 2
12596, 0
12597, 28
12598, 0
12601, 0
12605, 5
12606, 0
12610, 32
12617, 229
12622, 0
12629, 0
12631, 0
12634, 0
12635, 0
12637, 5
12640, 0
12643, 8
12644, 0
12646, 0
12647, 0
12650, 0
12652, 0
12653, 6
12659, 0
12660, 18
12662, 0
12664, 65
12666, 0
12668, 6
12669, 2
12674, 3
12676, 0
12678, 0
12679, 0
12681, 0
12683, 0
12685, 0
12690, 0
12692, 0
12693, 0
12694, 3
12695, 0
12699, 0
12700, 0
12701, 0
12703, 0
12705, 562
12706, 0
12709, 0
12710, 0
12711, 0
12712, 0
12713, 13
12714, 0
12721, 0
12722, 18
12723, 3
12725, 0
12726, 0
12727, 0
12728, 2
12730, 1
12734, 7
12735, 0
12737, 0
12738, 0
12747, 0
12750, 0
12751, 0
12753, 0
12755, 0
12757, 1
12758, 0
12759, 0
12761, 1
12763, 0
12764, 1
12767, 0
12768, 0
12769, 0
12772, 0
12774, 0
12776, 0
12778, 0
12781, 0
12782, 0
12785, 0
12786, 0
12791, 0
12793, 0
12799, 0
12800, 10
12801, 0
12803, 0
12804, 0
12806, 15
12807, 1
12812, 0
12814, 0
12815, 0
12817, 0
12822, 0
12823, 2
12824, 1
12826, 0
12828, 0
12830, 0
12832, 15
12835, 0
12838, 0
12839, 0
12840, 0
12841, 0
12843, 0
12844, 10
12847, 2
12848, 0
12856, 0
12857, 0
12858, 34
12859, 0
12860, 5
12866, 0
12868, 0
12870, 0
12875, 9
12877, 0
12878, 0
12879, 0
12884, 4
12886, 0
12888, 0
12890, 1
12896, 0
12897, 0
12898, 8
12900, 0
12901, 0
12902, 0
12904, 0
12905, 0
12906, 0
12907, 0
12909, 0
12910, 0
12914, 2
12916, 0
12921, 0
12922, 9
12927, 1
12928, 0
12929, 0
12930, 0
12931, 0
12932, 0
12937, 0
12938, 0
12939, 0
12940, 0
12947, 0
12948, 1
12952, 2
12953, 0
12956, 0
12961, 2
12962, 0
12965, 0
12966, 0
12969, 0
12976, 18
12978, 10
12980, 0
12981, 7
12983, 0
12986, 0
12987, 0
12988, 0
12989, 0
12992, 19
12993, 1
12995, 0
12996, 6
12998, 0
13000, 0
13001, 0
13006, 0
13007, 0
13008, 0
13009, 0
13012, 3
13014, 2
13015, 0
13019, 0
13022, 0
13024, 11
13025, 0
13027, 0
13030, 0
13033, 0
13034, 0
13035, 0
13036, 0
13038, 0
13047, 0
13050, 0
13052, 0
13053, 0
13054, 7
13055, 0
13056, 0
13058, 0
13059, 3
13061, 0
13062, 0
13064, 0
13067, 0
13069, 0
13070, 42
13072, 11
13073, 0
13074, 0
13075, 0
13078, 0
13082, 0
13085, 0
13086, 0
13087, 0
13089, 0
13091, 0
13093, 24
13097, 0
13099, 0
13102, 3
13107, 0
13108, 1
13109, 0
13112, 0
13113, 3
13119, 8
13121, 12
13127, 1
13129, 0
13132, 62
13133, 0
13135, 0
13136, 0
13139, 23
13142, 5
13144, 17
13145, 0
13147, 0
13150, 0
13151, 0
13153, 0
13154, 0
13156, 0
13158, 6
13160, 0
13168, 4
13173, 0
13175, 0
13176, 0
13177, 0
13184, 0
13185, 0
13188, 0
13189, 0
13191, 0
13193, 0
13196, 1
13197, 0
13199, 0
13206, 1
13208, 0
13211, 20
13213, 1
13215, 0
13218, 3
13220, 52
13223, 1
13228, 0
13230, 0
13235, 0
13238, 69
13242, 0
13244, 0
13245, 2
13247, 0
13249, 6
13250, 0
13251, 0
13255, 0
13256, 0
13263, 0
13265, 43
13268, 6
13269, 2
13270, 0
13276, 0
13277, 1
13278, 0
13279, 1
13280, 1
13282, 0
13283, 0
13284, 0
13286, 0
13288, 0
13289, 0
13290, 0
13292, 0
13297, 0
13302, 15
13307, 0
13308, 0
13311, 0
13316, 0
13321, 1
13322, 0
13325, 0
13326, 0
13328, 0
13331, 0
13336, 0
13338, 11
13341, 0
13343, 0
13344, 0
13351, 26
13353, 0
13354, 0
13356, 25
13357, 0
13358, 8
13359, 0
13363, 11
13366, 0
13368, 1
13369, 0
13371, 0
13373, 0
13377, 4
13378, 0
13379, 0
13381, 1
13382, 0
13383, 0
13384, 0
13385, 0
13386, 0
13387, 0
13388, 0
13390, 0
13391, 0
13393, 0
13394, 0
13396, 0
13397, 0
13400, 5
13402, 0
13403, 2
13405, 0
13409, 0
13410, 0
13411, 0
13413, 0
13414, 2
13416, 0
13417, 0
13418, 0
13420, 0
13422, 0
13424, 0
13426, 0
13431, 5
13434, 0
13436, 0
13437, 0
13438, 0
13439, 0
13441, 352
13444, 1
13447, 0
13451, 0
13452, 0
13453, 17
13456, 0
13462, 0
13464, 0
13466, 1
13467, 0
13469, 0
13472, 0
13473, 14
13475, 10
13479, 0
13480, 4
13481, 0
13482, 12
13486, 0
13488, 0
13489, 0
13490, 0
13491, 0
13494, 0
13500, 0
13502, 0
13503, 0
13506, 0
13508, 0
13518, 0
13519, 1
13520, 0
13524, 0
13526, 0
13528, 0
13530, 0
13533, 0
13536, 0
13539, 0
13541, 2
13543, 0
13546, 0
13547, 0
13550, 0
13552, 8
13554, 0
13556, 1
13559, 17
13562, 0
13566, 8
13568, 0
13569, 0
13576, 2
13577, 0
13579, 0
13581, 0
13582, 0
13584, 0
13594, 0
13598, 0
13600, 0
13602, 0
13607, 0
13608, 0
13611, 0
13615, 5
13616, 0
13618, 0
13623, 0
13624, 0
13625, 20
13627, 0
13628, 42
13629, 0
13634, 3
13636, 0
13639, 0
13641, 0
13643, 1
13650, 27
13654, 1
13661, 0
13662, 0
13663, 0
13669, 0
13670, 0
13673, 0
13678, 0
13679, 0
13684, 0
13688, 0
13691, 0
13692, 0
13693, 45
13694, 2
13699, 0
13700, 39
13703, 0
13704, 0
13707, 7
13714, 0
13715, 3
13716, 0
13717, 1
13718, 4
13721, 0
13723, 0
13726, 0
13730, 0
13731, 0
13732, 0
13733, 2
13735, 0
13736, 0
13737, 0
13738, 0
13741, 4
13742, 2
13743, 0
13745, 0
13746, 0
13747, 0
13750, 0
13751, 0
13753, 24
13754, 0
13755, 0
13756, 0
13761, 0
13763, 0
13765, 0
13766, 32
13773, 0
13774, 7
13776, 2
13778, 0
13782, 0
13785, 0
13787, 0
13788, 0
13790, 0
13794, 0
13796, 0
13799, 0
13803, 0
13807, 0
13809, 598
13814, 0
13816, 0
13818, 0
13820, 0
13822, 4
13824, 0
13825, 223
13826, 0
13827, 3
13831, 0
13832, 0
13834, 0
13835, 16
13838, 4
13840, 0
13841, 4
13842, 2
13843, 0
13848, 0
13855, 0
13856, 0
13858, 3
13859, 1
13863, 0
13867, 0
13870, 0
13874, 0
13875, 0
13877, 0
13878, 27
13879, 0
13880, 0
13881, 0
13883, 0
13884, 0
13885, 0
13886, 0
13888, 0
13890, 0
13893, 0
13898, 1
13899, 0
13900, 0
13903, 0
13904, 1
13905, 0
13906, 0
13911, 0
13913, 2
13915, 0
13916, 0
13920, 0
13921, 0
13922, 0
13925, 0
13927, 1
13930, 0
13932, 1
13934, 0
13935, 0
13938, 5
13941, 0
13942, 0
13944, 0
13947, 6
13948, 0
13951, 0
13953, 0
13958, 1
13959, 1
13960, 0
13962, 4
13963, 0
13964, 0
13965, 0
13967, 0
13969, 0
13970, 0
13972, 141
13975, 4
13978, 0
13981, 7
13982, 0
13983, 0
13984, 0
13992, 4
13994, 0
13997, 0
14002, 6
14008, 9
14009, 0
14013, 0
14019, 0
14022, 0
14024, 0
14027, 0
14029, 0
14030, 0
14031, 0
14035, 0
14037, 3
14039, 0
14046, 0
14047, 0
14049, 0
14053, 0
14054, 0
14056, 0
14058, 15
14059, 0
14063, 0
14066, 0
14067, 0
14068, 0
14074, 0
14078, 0
14079, 0
14080, 0
14081, 0
14082, 0
14083, 0
14085, 0
14091, 0
14092, 1
14094, 3
14097, 0
14098, 0
14101, 0
14102, 26
14105, 1
14106, 0
14107, 0
14113, 0
14114, 1
14118, 0
14119, 2
14120, 0
14121, 0
14123, 6
14124, 0
14125, 0
14127, 0
14129, 0
14132, 0
14139, 0
14143, 5
14147, 0
14148, 0
14149, 0
14150, 0
14154, 0
14155, 4
14156, 0
14157, 9
14159, 0
14161, 0
14163, 0
14165, 0
14167, 25
14169, 0
14170, 0
14171, 0
14175, 1
14177, 0
14178, 1
14179, 0
14180, 0
14181, 3
14183, 1
14187, 0
14191, 0
14192, 0
14196, 0
14199, 6
14200, 3
14204, 2
14205, 0
14211, 2
14213, 0
14214, 0
14216, 1
14219, 0
14220, 1
14226, 1
14230, 15
14233, 14
14234, 1
14235, 0
14241, 0
14243, 0
14245, 0
14246, 0
14250, 0
14251, 1
14252, 3
14253, 0
14254, 0
14255, 0
14259, 0
14260, 0
14261, 0
14262, 0
14266, 0
14277, 0
14278, 0
14279, 0
14282, 0
14286, 4
14288, 0
14289, 11
14294, 0
14301, 0
14302, 32
14303, 0
14304, 0
14305, 0
14308, 0
14310, 0
14311, 0
14312, 11
14314, 0
14317, 0
14319, 1
14321, 0
14322, 2
14324, 24
14325, 0
14328, 7
14334, 0
14335, 0
14337, 9
14339, 3
14340, 0
14341, 0
14342, 0
14350, 0
14351, 0
14354, 15
14357, 0
14359, 2
14360, 0
14361, 0
14362, 0
14363, 0
14365, 3
14367, 1
14371, 26
14378, 0
14379, 269
14385, 3
14389, 0
14395, 9
14397, 0
14401, 0
14405, 0
14417, 0
14419, 11
14422, 0
14423, 0
14424, 3
14425, 1
14433, 0
14436, 2
14437, 0
14438, 0
14439, 0
14441, 2
14442, 1
14444, 0
14447, 112
14449, 1
14450, 141
14454, 0
14456, 0
14458, 0
14459, 0
14462, 5
14464, 13
14465, 0
14466, 0
14468, 0
14473, 0
14476, 0
14479, 0
14481, 0
14484, 0
14485, 0
14490, 0
14492, 0
14493, 116
14494, 0
14497, 322
14498, 0
14499, 0
14506, 0
14509, 0
14510, 68
14512, 0
14514, 5
14515, 0
14517, 7
14526, 0
14527, 0
14528, 0
14533, 0
14534, 0
14535, 0
14539, 0
14540, 6
14541, 4
14546, 0
14548, 0
14551, 15
14552, 2
14553, 0
14556, 0
14557, 0
14558, 0
14559, 0
14561, 0
14564, 1
14566, 5
14570, 0
14572, 0
14574, 1
14576, 1
14579, 16
14585, 0
14587, 0
14588, 1
14591, 0
14593, 0
14595, 4
14597, 0
14601, 0
14602, 0
14603, 0
14613, 1
14615, 0
14616, 0
14621, 0
14623, 0
14624, 0
14626, 0
14627, 0
14628, 0
14632, 0
14633, 0
14639, 37
14642, 0
14644, 0
14647, 1
14652, 0
14653, 12
14654, 0
14660, 0
14661, 0
14662, 0
14663, 0
14664, 0
14667, 0
14672, 31
14673, 0
14674, 0
14675, 0
14678, 0
14681, 0
14688, 0
14689, 38
14690, 0
14694, 1
14695, 0
14700, 0
14701, 0
14702, 0
14705, 0
14706, 0
14708, 0
14710, 0
14711, 0
14712, 0
14713, 0
14716, 0
14717, 1
14719, 0
14720, 0
14721, 0
14725, 1
14726, 161
14727, 1
14730, 0
14731, 0
14732, 0
14733, 0
14735, 0
14740, 42
14742, 0
14743, 0
14744, 14
14746, 0
14748, 0
14753, 0
14756, 0
14757, 0
14761, 0
14763, 0
14768, 0
14771, 0
14777, 0
14783, 0
14788, 0
14793, 0
14794, 1
14797, 0
14800, 1
14802, 0
14805, 0
14806, 12
14807, 0
14809, 3
14812, 4
14813, 0
14816, 3
14819, 0
14827, 0
14828, 0
14830, 229
14832, 0
14840, 0
14845, 0
14848, 0
14849, 0
14850, 1
14854, 3
14857, 0
14858, 0
14860, 2
14862, 1
14864, 0
14865, 0
14869, 0
14870, 0
14878, 0
14881, 0
14885, 0
14889, 0
14891, 0
14894, 0
14895, 0
14896, 0
14899, 0
14901, 0
14904, 0
14905, 0
14910, 0
14912, 0
14913, 7
14915, 94
14916, 0
14917, 0
14918, 0
14922, 0
14924, 0
14926, 0
14931, 0
14934, 0
14939, 0
14940, 4
14941, 0
14943, 0
14944, 0
14945, 4
14948, 0
14955, 0
14958, 0
14961, 0
14963, 0
14969, 138
14971, 0
14973, 0
14974, 0
14975, 0
14976, 0
14982, 1
14993, 1
15000, 0
15002, 0
15012, 0
15013, 0
15014, 0
15017, 0
15018, 0
15020, 0
15021, 0
15022, 0
15024, 0
15027, 0
15028, 9
15031, 0
15032, 0
15033, 0
15034, 0
15036, 0
15037, 0
15038, 0
15040, 0
15041, 0
15042, 0
15044, 0
15046, 0
15050, 0
15054, 5
15056, 0
15058, 5
15059, 0
15060, 0
15061, 0
15068, 0
15069, 0
15071, 0
15072, 0
15073, 0
15090, 0
15099, 0
15102, 0
15103, 0
15105, 4
15108, 0
15110, 0
15111, 0
15112, 0
15118, 0
15120, 0
15122, 0
15125, 5
15126, 3
15128, 0
15129, 12
15132, 0
15133, 0
15134, 0
15137, 0
15139, 12
15143, 0
15144, 0
15147, 0
15152, 0
15155, 4
15159, 0
15161, 0
15166, 0
15168, 0
15169, 0
15175, 0
15176, 0
15181, 0
15191, 0
15192, 0
15193, 0
15194, 6
15195, 0
15197, 3
15198, 0
15200, 0
15204, 0
15205, 0
15212, 3
15213, 0
15214, 1
15215, 0
15218, 0
15219, 11
15221, 3
15224, 0
15226, 0
15227, 0
15228, 0
15230, 0
15234, 0
15238, 0
15239, 0
15242, 0
15245, 0
15246, 0
15247, 0
15251, 0
15253, 0
15254, 0
15255, 0
15260, 0
15265, 0
15268, 0
15270, 0
15274, 0
15280, 0
15283, 0
15287, 0
15289, 9
15292, 0
15293, 29
15295, 0
15304, 0
15306, 0
15308, 0
15311, 1
15314, 0
15322, 1
15323, 0
15324, 0
15325, 0
15326, 0
15331, 1
15334, 1
15336, 0
15338, 0
15347, 0
15349, 0
15351, 0
15358, 0
15365, 0
15366, 0
15370, 0
15372, 0
15373, 0
15379, 4
15381, 0
15383, 0
15385, 0
15387, 0
15388, 5
15392, 0
15393, 0
15394, 0
15396, 0
15404, 3
15405, 0
15406, 0
15409, 0
15411, 0
15415, 3
15417, 1
15422, 0
15423, 0
15424, 0
15427, 1
15428, 0
15429, 0
15432, 1
15433, 0
15435, 0
15438, 0
15440, 0
15441, 0
15443, 0
15445, 0
15449, 0
15454, 0
15455, 2
15457, 0
15462, 0
15463, 0
15464, 0
15465, 0
15470, 0
15474, 0
15476, 0
15477, 0
15478, 10
15479, 0
15482, 0
15484, 12
15486, 1
15487, 0
15488, 3
15493, 13
15494, 0
15497, 0
15498, 3
15499, 0
15503, 0
15504, 0
15512, 0
15514, 0
15516, 43
15517, 3
15519, 0
15520, 0
15525, 0
15534, 0
15539, 0
15541, 1
15542, 0
15544, 0
15545, 0
15554, 0
15555, 0
15565, 0
15568, 0
15570, 0
15571, 0
15573, 0
15575, 0
15576, 0
15577, 0
15578, 0
15581, 0
15582, 1
15587, 0
15589, 0
15595, 0
15597, 2
15600, 3
15603, 0
15604, 0
15606, 28
15612, 0
15613, 0
15615, 0
15616, 0
15617, 0
15618, 0
15620, 22
15625, 0
15626, 5
15629, 80
15630, 63
15632, 11
15635, 0
15638, 0
15640, 0
15641, 0
15642, 1
15644, 0
15650, 2
15654, 5
15655, 0
15657, 0
15659, 0
15661, 0
15666, 37
15667, 0
15671, 0
15672, 0
15673, 5
15679, 0
15682, 0
15684, 0
15688, 0
15689, 0
15692, 0
15693, 0
15696, 0
15697, 0
15700, 6
15702, 0
15706, 0
15708, 0
15711, 0
15713, 1
15715, 0
15719, 0
15720, 0
15721, 0
15723, 0
15724, 0
15727, 0
15728, 1
15729, 0
15734, 0
15735, 4
15737, 0
15740, 0
15743, 0
15744, 0
15746, 0
15749, 0
15750, 0
15752, 0
15754, 0
15756, 3
15762, 0
15764, 0
15765, 8
15767, 0
15769, 0
15770, 0
15771, 0
15775, 0
15776, 0
15777, 2
15779, 0
15780, 3
15781, 0
15782, 0
15783, 12
15785, 0
15792, 0
15794, 0
15797, 1
15798, 0
15802, 0
15805, 3
15808, 0
15809, 0
15811, 0
15813, 0
15814, 0
15815, 0
15816, 0
15819, 0
15820, 0
15822, 0
15825, 0
15826, 0
15828, 0
15830, 0
15832, 0
15833, 1
15835, 0
15837, 19
15839, 0
15840, 0
15841, 0
15843, 0
15850, 0
15852, 0
15856, 40
15863, 0
15865, 0
15869, 0
15870, 0
15871, 0
15872, 0
15873, 0
15874, 0
15877, 0
15880, 0
15882, 12
15884, 0
15886, 1
15887, 2
15889, 0
15890, 1
15891, 0
15897, 0
15900, 0
15901, 0
15904, 0
15910, 0
15912, 0
15914, 0
15918, 0
15921, 0
15928, 0
15931, 0
15933, 0
15934, 367
15940, 0
15948, 0
15951, 0
15955, 0
15956, 0
15962, 0
15967, 0
15969, 0
15970, 0
15975, 0
15977, 0
15978, 0
15980, 0
15983, 0
15988, 0
15991, 0
15993, 0
15994, 0
16002, 0
16005, 0
16006, 0
16007, 16
16008, 4
16009, 0
16012, 6
16013, 0
16019, 6
16023, 0
16024, 0
16025, 0
16028, 0
16031, 0
16033, 1
16034, 0
16036, 0
16040, 0
16041, 0
16044, 7
16046, 13
16048, 12
16049, 0
16050, 0
16054, 0
16058, 0
16060, 0
16062, 0
16064, 0
16066, 0
16074, 0
16077, 0
16078, 0
16080, 0
16082, 0
16086, 0
16087, 6
16089, 0
16091, 0
16100, 0
16101, 0
16103, 0
16107, 0
16109, 0
16113, 0
16114, 0
16116, 0
16117, 0
16120, 0
16121, 1
16122, 0
16123, 0
16124, 0
16127, 0
16129, 0
16131, 0
16132, 1
16140, 0
16142, 0
16143, 4
16144, 1
16147, 0
16151, 1
16155, 0
16158, 0
16160, 0
16166, 0
16175, 0
16178, 7
16183, 2
16185, 0
16193, 0
16196, 0
16200, 0
16203, 2
16215, 0
16242, 0
16243, 0
16246, 0
16259, 0
16260, 0
16267, 0
16274, 0
16275, 0
16280, 9
16282, 0
16286, 0
16287, 0
16289, 1
16290, 0
16294, 0
16297, 0
16298, 0
16315, 0
16317, 0
16320, 0
16321, 3
16323, 1
16325, 0
16326, 0
16329, 0
16333, 0
16336, 0
16343, 5
16344, 0
16345, 0
16348, 0
16352, 0
16356, 0
16360, 0
16361, 0
16362, 0
16364, 0
16367, 0
16370, 2
16373, 0
16383, 4
16385, 2
16386, 0
16387, 0
16389, 0
16391, 3
16393, 0
16394, 1
16395, 0
16399, 0
16404, 0
16409, 4
16414, 0
16415, 0
16416, 0
16417, 1
16423, 0
16424, 0
16425, 1
16426, 0
16428, 0
16429, 3
16430, 0
16433, 0
16436, 0
16438, 0
16447, 2
16450, 0
16452, 1
16453, 0
16456, 0
16466, 0
16468, 2
16474, 0
16477, 0
16478, 0
16479, 0
16480, 0
16483, 0
16486, 0
16487, 0
16492, 0
16494, 0
16497, 1
16498, 0
16504, 0
16505, 0
16510, 0
16511, 0
16513, 0
16515, 0
16516, 0
16518, 0
16522, 0
16523, 0
16524, 0
16526, 0
16527, 0
16529, 0
16530, 0
16535, 0
16536, 0
16537, 0
16543, 0
16545, 0
16546, 0
16548, 0
16549, 0
16554, 0
16555, 0
16556, 25
16557, 23
16559, 0
16561, 0
16571, 0
16575, 0
16578, 37
16582, 0
16590, 0
16595, 0
16600, 0
16609, 0
16610, 1
16620, 0
16622, 0
16625, 0
16626, 0
16627, 0
16628, 0
16629, 0
16635, 2
16637, 0
16639, 0
16641, 0
16643, 0
16645, 5
16646, 0
16653, 0
16654, 0
16659, 0
16661, 0
16665, 0
16667, 0
16669, 0
16671, 0
16673, 2
16675, 0
16679, 0
16683, 0
16684, 1
16686, 0
16689, 0
16698, 0
16702, 7
16703, 0
16704, 0
16705, 0
16707, 0
16709, 0
16711, 16
16717, 0
16722, 0
16723, 0
16726, 0
16727, 0
16728, 0
16729, 0
16737, 0
16738, 0
16739, 0
16741, 0
16746, 0
16750, 9
16751, 0
16753, 1
16756, 0
16757, 0
16758, 0
16761, 7
16766, 0
16767, 26
16769, 0
16774, 0
16784, 0
16790, 0
16791, 0
16793, 2
16797, 0
16800, 0
16801, 0
16805, 0
16806, 0
16809, 2
16811, 0
16813, 0
16817, 0
16819, 0
16823, 0
16826, 0
16831, 0
16832, 3
16834, 0
16835, 0
16839, 2
16842, 0
16845, 0
16846, 0
16855, 0
16857, 11
16858, 12
16859, 0
16862, 11
16864, 0
16870, 0
16871, 0
16872, 0
16876, 65
16877, 1
16881, 0
16882, 0
16883, 0
16886, 0
16887, 13
16888, 0
16894, 0
16900, 0
16904, 0
16906, 0
16910, 0
16914, 0
16917, 0
16920, 0
16923, 2
16924, 0
16925, 0
16927, 0
16930, 0
16931, 0
16934, 1
16937, 2
16939, 26
16940, 0
16944, 2
16947, 0
16948, 0
16951, 0
16952, 0
16953, 0
16957, 0
16959, 8
16960, 0
16963, 0
16965, 2
16969, 0
16972, 1
16981, 3
16983, 0
16985, 1
16986, 0
16988, 2
16989, 0
16994, 0
16995, 0
16996, 0
17000, 0
17007, 0
17008, 0
17009, 6
17010, 0
17013, 0
17015, 0
17016, 0
17017, 2
17022, 0
17029, 0
17033, 0
17035, 0
17036, 0
17039, 0
17042, 0
17045, 0
17047, 1
17049, 0
17050, 0
17051, 0
17052, 0
17053, 18
17054, 0
17057, 0
17060, 0
17062, 0
17064, 0
17069, 0
17071, 0
17072, 0
17073, 3
17074, 0
17077, 0
17079, 0
17081, 0
17082, 0
17085, 0
17087, 0
17089, 0
17092, 0
17094, 0
17098, 0
17099, 0
17100, 0
17104, 0
17106, 1
17110, 0
17111, 0
17112, 0
17113, 0
17114, 0
17115, 0
17117, 0
17118, 0
17121, 0
17125, 0
17128, 0
17132, 1
17137, 0
17157, 3
17160, 0
17161, 1
17164, 6
17177, 0
17181, 0
17184, 0
17187, 0
17191, 1
17192, 0
17193, 6
17198, 0
17200, 0
17202, 0
17203, 0
17204, 0
17211, 0
17212, 0
17214, 0
17217, 0
17218, 4
17219, 0
17220, 3
17227, 0
17228, 0
17229, 0
17233, 0
17235, 0
17238, 0
17244, 0
17246, 0
17249, 0
17252, 0
17253, 0
17255, 2
17256, 0
17260, 0
17261, 12
17263, 1
17265, 0
17267, 1
17271, 0
17273, 0
17276, 0
17277, 0
17280, 0
17283, 0
17294, 0
17298, 0
17300, 0
17301, 0
17304, 0
17306, 0
17308, 2
17309, 0
17314, 0
17323, 0
17324, 0
17325, 0
17326, 1
17327, 0
17332, 0
17333, 0
17336, 1
17337, 0
17338, 0
17340, 0
17345, 0
17349, 0
17350, 0
17353, 0
17356, 2
17358, 0
17360, 3
17361, 0
17362, 0
17363, 0
17366, 0
17367, 0
17370, 0
17371, 0
17377, 0
17378, 1
17384, 0
17385, 0
17388, 0
17391, 0
17394, 1
17396, 0
17398, 0
17399, 0
17400, 0
17403, 0
17404, 0
17406, 0
17410, 0
17414, 0
17417, 0
17420, 0
17422, 1
17423, 0
17424, 0
17426, 0
17435, 0
17438, 0
17441, 0
17443, 1
17445, 0
17446, 0
17448, 0
17452, 0
17453, 0
17456, 1
17457, 94
17459, 0
17462, 5
17463, 0
17464, 0
17465, 0
17467, 0
17470, 0
17472, 0
17473, 0
17476, 3
17477, 0
17479, 0
17481, 0
17482, 0
17489, 1
17490, 0
17492, 2
17495, 0
17497, 0
17500, 2
17502, 0
17510, 0
17512, 0
17513, 6
17515, 0
17519, 0
17522, 0
17525, 0
17526, 0
17529, 0
17531, 0
17532, 0
17535, 0
17536, 0
17539, 0
17545, 0
17547, 0
17550, 0
17551, 0
17553, 0
17559, 0
17565, 2
17577, 0
17579, 0
17580, 0
17581, 0
17588, 0
17591, 0
17596, 0
17598, 0
17600, 0
17602, 0
17604, 8
17607, 0
17608, 0
17610, 0
17614, 0
17616, 0
17617, 0
17619, 0
17624, 0
17626, 0
17637, 2
17638, 0
17640, 0
17644, 0
17648, 0
17649, 0
17653, 2
17656, 0
17657, 0
17660, 0
17661, 0
17662, 0
17666, 0
17668, 0
17671, 4
17675, 0
17685, 0
17687, 0
17693, 0
17695, 0
17696, 0
17701, 0
17705, 0
17707, 0
17708, 0
17710, 0
17714, 0
17719, 0
17720, 0
17721, 0
17725, 0
17731, 5
17732, 2
17734, 0
17735, 0
17736, 0
17745, 0
17747, 0
17755, 2
17760, 0
17761, 0
17763, 0
17764, 0
17765, 2
17767, 0
17768, 0
17769, 0
17770, 0
17773, 1
17779, 0
17780, 0
17781, 0
17787, 3
17789, 0
17791, 0
17798, 12
17800, 0
17802, 0
17803, 0
17804, 7
17806, 2
17807, 0
17812, 0
17813, 0
17828, 0
17829, 0
17830, 0
17834, 0
17836, 4
17842, 1
17845, 1
17846, 0
17847, 0
17854, 0
17855, 0
17857, 0
17858, 0
17860, 10
17861, 0
17864, 0
17872, 0
17878, 0
17879, 0
17880, 0
17882, 0
17883, 1
17887, 0
17888, 0
17894, 0
17901, 0
17902, 0
17903, 0
17905, 0
17907, 0
17913, 3
17923, 0
17926, 0
17927, 0
17931, 0
17935, 0
17945, 0
17950, 0
17951, 0
17955, 0
17956, 0
17961, 0
17963, 0
17965, 0
17969, 0
17970, 0
17977, 0
17980, 5
17982, 0
17984, 3
17986, 0
17987, 0
17988, 5
17991, 0
17992, 0
17993, 0
17994, 0
17995, 0
17997, 0
17998, 0
18000, 0
18004, 0
18005, 0
18006, 0
18009, 3
18012, 0
18013, 0
18014, 0
18017, 1
18019, 5
18023, 0
18025, 0
18027, 0
18028, 0
18030, 0
18031, 0
18032, 3
18033, 0
18035, 3
18036, 4
18039, 0
18041, 1
18045, 0
18047, 0
18048, 0
18049, 0
18050, 0
18051, 0
18052, 0
18054, 0
18057, 0
18060, 39
18063, 0
18064, 0
18069, 4
18072, 0
18073, 0
18074, 0
18075, 0
18077, 0
18078, 0
18079, 0
18080, 0
18086, 0
18088, 0
18089, 0
18091, 2
18093, 0
18097, 0
18098, 0
18103, 0
18105, 0
18107, 0
18108, 5
18111, 0
18115, 0
18116, 0
18119, 0
18122, 0
18126, 0
18127, 0
18128, 11
18129, 0
18134, 0
18136, 0
18138, 0
18141, 40
18142, 0
18143, 0
18145, 6
18148, 0
18153, 0
18154, 0
18157, 0
18158, 0
18161, 0
18163, 0
18168, 0
18171, 0
18173, 0
18178, 1
18181, 0
18183, 19
18184, 0
18187, 0
18191, 1
18198, 0
18204, 10
18205, 1
18207, 0
18211, 0
18212, 0
18216, 0
18217, 0
18219, 0
18229, 0
18231, 0
18236, 0
18237, 0
18238, 0
18241, 0
18245, 0
18250, 0
18253, 0
18255, 0
18256, 0
18260, 0
18263, 0
18265, 0
18271, 0
18275, 0
18279, 0
18282, 0
18283, 0
18284, 0
18286, 0
18291, 0
18301, 14
18305, 0
18306, 0
18310, 0
18313, 0
18316, 0
18317, 0
18323, 0
18327, 0
18334, 0
18340, 0
18342, 1
18345, 0
18349, 0
18353, 0
18354, 0
18355, 0
18356, 0
18358, 0
18359, 0
18372, 0
18373, 0
18376, 0
18377, 0
18380, 0
18381, 0
18382, 0
18384, 5
18393, 2
18394, 0
18405, 0
18406, 0
18410, 0
18418, 0
18419, 0
18420, 3
18422, 0
18425, 0
18431, 0
18433, 0
18440, 0
18441, 0
18443, 0
18446, 0
18449, 0
18450, 0
18451, 0
18452, 0
18459, 0
18464, 0
18465, 57
18474, 0
18478, 0
18482, 0
18483, 0
18485, 0
18486, 0
18492, 0
18494, 4
18496, 0
18497, 3
18500, 0
18502, 0
18503, 2
18505, 1
18508, 0
18512, 0
18516, 0
18524, 0
18526, 0
18529, 0
18534, 0
18535, 0
18538, 0
18539, 0
18540, 0
18542, 0
18543, 3
18546, 0
18550, 0
18554, 0
18571, 0
18573, 0
18578, 0
18579, 0
18580, 0
18583, 0
18586, 0
18587, 2
18590, 0
18593, 0
18595, 0
18596, 0
18598, 0
18602, 0
18606, 0
18614, 0
18618, 0
18624, 0
18626, 0
18628, 0
18629, 0
18630, 0
18632, 2
18635, 0
18638, 0
18639, 0
18642, 2
18643, 0
18645, 0
18651, 0
18654, 0
18657, 1
18658, 0
18659, 0
18660, 0
18662, 0
18665, 0
18666, 0
18671, 0
18678, 0
18682, 0
18684, 0
18686, 0
18692, 3
18693, 0
18699, 1
18702, 2
18708, 0
18717, 0
18719, 0
18722, 0
18725, 0
18728, 0
18729, 0
18730, 0
18731, 0
18732, 0
18736, 0
18741, 0
18742, 0
18744, 0
18748, 0
18749, 0
18750, 0
18755, 0
18756, 0
18757, 0
18760, 13
18762, 0
18765, 0
18766, 0
18768, 3
18772, 0
18777, 0
18783, 0
18794, 0
18800, 0
18801, 0
18805, 11
18807, 0
18810, 0
18814, 2
18815, 0
18816, 0
18818, 0
18822, 0
18823, 0
18827, 0
18830, 0
18834, 0
18836, 0
18837, 0
18839, 0
18848, 0
18849, 0
18854, 0
18855, 0
18857, 1
18858, 0
18861, 0
18863, 0
18865, 0
18866, 0
18867, 1
18875, 0
18879, 0
18881, 0
18884, 0
18889, 0
18894, 0
18903, 0
18905, 0
18908, 0
18910, 0
18913, 0
18915, 0
18925, 0
18931, 0
18934, 1
18935, 0
18939, 0
18943, 2
18944, 0
18946, 0
18949, 0
18951, 0
18953, 0
18954, 0
18957, 1
18960, 0
18961, 0
18964, 6
18965, 0
18968, 0
18969, 0
18981, 0
18989, 0
18995, 0
18996, 0
18998, 0
18999, 0
19000, 0
19001, 0
19003, 0
19004, 0
19006, 0
19007, 0
19012, 0
19018, 0
19022, 0
19024, 0
19025, 0
19027, 0
19029, 0
19033, 0
19034, 0
19044, 0
19045, 0
19047, 1
19048, 4
19049, 0
19050, 0
19051, 0
19053, 0
19054, 0
19059, 0
19063, 11
19068, 0
19071, 0
19072, 0
19074, 0
19075, 7
19077, 0
19083, 0
19084, 0
19085, 0
19088, 0
19090, 0
19091, 0
19092, 4
19097, 0
19106, 0
19108, 1
19109, 0
19111, 0
19115, 0
19116, 0
19123, 0
19129, 0
19130, 0
19131, 0
19132, 0
19133, 0
19134, 0
19137, 0
19138, 0
19142, 1
19145, 0
19146, 0
19149, 0
19150, 0
19152, 0
19154, 0
19156, 0
19157, 0
19159, 0
19162, 0
19166, 4
19172, 0
19173, 0
19175, 0
19182, 0
19184, 0
19185, 0
19189, 10
19191, 0
19193, 0
19199, 0
19201, 0
19203, 0
19206, 0
19209, 0
19216, 8
19224, 0
19225, 0
19229, 0
19237, 0
19240, 0
19243, 0
19246, 0
19247, 0
19254, 0
19256, 0
19263, 0
19265, 0
19267, 0
19276, 0
19278, 0
19282, 0
19287, 0
19290, 0
19293, 0
19296, 0
19300, 0
19303, 0
19307, 0
19318, 0
19324, 1
19327, 0
19330, 0
19333, 0
19334, 0
19335, 0
19337, 0
19338, 0
19350, 0
19356, 0
19359, 0
19360, 0
19363, 0
19365, 0
19368, 0
19369, 0
19373, 0
19378, 2
19390, 0
19391, 0
19393, 0
19394, 0
19399, 0
19404, 0
19407, 0
19410, 0
19414, 0
19415, 0
19444, 0
19475, 3953
19943, 0
19949, 161
20038, 25
20584, 1
21108, 0
21125, 0
21684, 0
21743, 0
22846, 0
23571, 147
23873, 7
24134, 0
25726, 5
26801, 128
27140, 1
27783, 0
30395, 110
32332, 0
32916, 0
33663, 0
33841, 41
35336, 24
35353, 197
35357, 305
35416, 571
35428, 47
35482, 0
35575, 432
35833, 471
35840, 41
36067, 7
36108, 1804
36285, 72
36466, 1
36687, 0
36720, 14
36814, 127
37021, 18
37691, 47
39082, 3
39146, 0
39663, 6
39719, 47
39723, 0
39742, 0
39843, 0
40544, 0
40578, 0
40739, 1
43085, 23
44243, 98
44739, 4
44797, 0
47274, 15
47710, 0
49924, 0
50854, 0
57583, 0
62165, 0
62253, 0
62607, 0
66825, 0
76792, 0
81883, 3

run time: 1.43s (12:14:15)
