1, 64
2, 2023314
3, 9644086
4, 0
7, 1244128
11, 0
19, 1101501
22, 50326237
25, 2
27, 0
32, 3
40, 66
45, 917720
49, 236967644
51, 4
65, 7711222
66, 140315460
71, 0
75, 621297811
78, 131216384
83, 0
93, 2542280
100, 2
102, 6096661
109, 0
110, 9
111, 0
121, 191226180
136, 0
143, 2576356
158, 0
175, 20
184, 115318851
187, 0
200, 0
238, 4423580
250, 15132389
261, 0
262, 2
271, 0
274, 0
279, 0
284, 30020983
288, 0
290, 1237263083
297, 1187225503
299, 0
300, 2226677
302, 3304524
303, 16460011
310, 1235633
312, 0
317, 42006780
318, 63157111
321, 7003847
322, 0
327, 36644389
332, 0
333, 1299817
342, 0
344, 2964019
345, 801086
346, 0
348, 1
349, 1117987
350, 1203841
351, 15910517
353, 64054500
359, 0
360, 94488671
362, 1321759
370, 0
373, 0
375, 0
379, 0
381, 64976675
382, 1693135
385, 0
391, 227811511
394, 100432528
396, 4198778
398, 13303760
401, 690445
402, 42874660
404, 4
405, 33279062
406, 5298626
412, 0
421, 0
422, 24
425, 7878910
428, 1227344
429, 0
430, 3300070
431, 20155795
434, 0
437, 65132191
438, 1295598
439, 5562879
440, 144101298
441, 1016903
447, 3605259
450, 16862983
451, 802418
454, 372798225
458, 0
459, 0
460, 0
461, 10310348
463, 0
468, 6165597
469, 1222286
470, 0
473, 0
477, 0
484, 3
492, 0
493, 0
507, 0
509, 0
511, 0
519, 0
532, 0
556, 0
572, 0
580, 0
582, 12198374
586, 31423281
602, 1219602
605, 12
613, 185679499
619, 0
622, 20
630, 21994670
634, 0
644, 15981370
651, 0
657, 0
658, 42
660, 0
669, 0
674, 0
683, 0
689, 0
703, 0
709, 0
728, 3
730, 2486704
732, 9
733, 2138602
737, 0
745, 1287381
749, 6
750, 0
752, 0
756, 0
763, 496670281
766, 286555161
767, 2587461
778, 7464776
783, 0
788, 0
791, 0
795, 1
798, 0
799, 5250912
801, 51439106
802, 0
806, 35792208
824, 2319516
825, 0
827, 0
828, 4
838, 0
840, 6
848, 6434753
855, 0
856, 1206212
860, 0
865, 0
889, 1298000
890, 0
892, 2572525
893, 0
896, 0
908, 1098541
911, 0
913, 0
915, 0
916, 0
919, 3793887
927, 0
930, 686262
934, 14911318
935, 1100447
940, 0
943, 2572705
947, 8
949, 106
955, 113204202
956, 2608714
961, 0
970, 2
972, 1012669
979, 0
1004, 2190208
1008, 0
1015, 4438345
1017, 11004652
1021, 1
1023, 0
1028, 0
1037, 0
1040, 2
1042, 0
1044, 624348
1046, 0
1047, 0
1048, 10435544
1049, 0
1050, 8202633
1056, 405402316
1058, 2177377
1059, 0
1061, 5582511
1068, 0
1073, 8962933
1079, 3410314
1084, 2
1096, 16269230
1098, 23746145
1100, 4926633
1102, 959997
1106, 64333385
1107, 0
1109, 0
1114, 81732
1119, 0
1123, 0
1131, 134724046
1134, 0
1139, 0
1143, 0
1148, 0
1149, 57229939
1152, 0
1162, 45444796
1168, 0
1171, 0
1176, 193818120
1181, 0
1186, 0
1190, 3
1198, 0
1222, 0
1223, 8205463
1227, 5171087
1229, 0
1231, 17
1233, 6713389
1234, 0
1243, 0
1245, 2062915
1249, 0
1256, 0
1261, 4807255
1266, 27536026
1273, 0
1281, 0
1291, 6705438
1302, 0
1305, 1303540
1306, 73274749
1310, 101505756
1320, 0
1328, 9
1335, 0
1345, 169258301
1353, 1011656
1355, 8179201
1358, 72947590
1360, 0
1377, 0
1384, 1113391
1392, 0
1407, 0
1409, 93184717
1421, 0
1437, 0
1441, 139707297
1443, 0
1445, 0
1446, 1185608
1447, 0
1450, 9929171
1459, 3515828
1463, 118135945
1464, 0
1465, 128000972
1474, 2
1478, 0
1481, 5104233
1483, 0
1492, 86591407
1496, 0
1508, 914512
1516, 3
1532, 130156482
1536, 0
1537, 8
1540, 8847527
1556, 0
1557, 3144172
1568, 6220864
1573, 50283304
1579, 0
1580, 0
1587, 3987402
1593, 20850535
1610, 2186207
1623, 0
1631, 0
1645, 0
1646, 0
1649, 4815969
1650, 70770038
1666, 0
1672, 0
1682, 18861571
1688, 34716366
1695, 0
1698, 9072009
1703, 65466561
1708, 1046668
1709, 0
1713, 0
1715, 7666815
1729, 0
1737, 12045167
1759, 0
1770, 0
1778, 1
1784, 0
1797, 0
1811, 2055054
1822, 0
1826, 5202114
1835, 0
1837, 1241987
1840, 21930251
1841, 1287259
1847, 40140666
1859, 1
1874, 1
1877, 0
1878, 0
1887, 0
1888, 0
1898, 85536375
1907, 2132529
1916, 1016067
1924, 0
1939, 0
1946, 992043726
1969, 0
1979, 0
1980, 0
1985, 0
1988, 2312287
1993, 0
2000, 297859896
2011, 1
2024, 4
2029, 0
2035, 0
2036, 0
2039, 27084394
2042, 15833311
2043, 1300802
2047, 0
2051, 119602121
2056, 1060434
2060, 4434271
2082, 3539521
2083, 0
2085, 0
2089, 0
2095, 12058561
2097, 0
2106, 447
2126, 2119620
2146, 0
2147, 0
2149, 0
2158, 1289771
2164, 1120471
2165, 0
2177, 0
2181, 0
2183, 1853578
2191, 49525238
2192, 0
2196, 30
2197, 0
2209, 0
2218, 0
2224, 0
2225, 0
2233, 277631372
2234, 4064243
2237, 0
2258, 0
2259, 0
2264, 1219006
2273, 88373933
2274, 0
2284, 13971606
2285, 1
2290, 207624573
2294, 2408415
2306, 0
2310, 0
2312, 3082480
2317, 0
2318, 0
2330, 0
2344, 0
2349, 1231174
2356, 4067690
2361, 0
2362, 122950327
2363, 7454835
2381, 2746092
2383, 178863650
2384, 198788900
2386, 1
2393, 0
2415, 35725595
2424, 0
2436, 0
2452, 0
2467, 21
2480, 41167775
2481, 95427651
2490, 0
2496, 0
2497, 0
2501, 0
2502, 6199028
2503, 34453888
2508, 0
2513, 0
2530, 252728890
2536, 0
2554, 96757849
2555, 0
2562, 0
2570, 71
2575, 24531285
2578, 2139916
2586, 0
2594, 24
2596, 0
2597, 56
2602, 0
2604, 0
2618, 0
2622, 117217416
2623, 0
2627, 7375300
2631, 0
2641, 0
2642, 0
2653, 7420034
2659, 0
2660, 1
2663, 0
2664, 0
2666, 0
2669, 5437694
2672, 6188850
2689, 135006482
2698, 895924
2701, 0
2702, 0
2720, 0
2733, 146468249
2738, 0
2747, 0
2757, 35437139
2779, 0
2784, 3512468
2796, 0
2807, 232490062
2811, 3337821
2819, 0
2821, 787257
2823, 1285228
2826, 0
2837, 0
2841, 134692482
2857, 0
2868, 7154011
2874, 2006567
2878, 0
2883, 2596252
2884, 0
2893, 43305805
2900, 254601
2901, 0
2906, 15066728
2907, 0
2912, 0
2926, 1180766169
2933, 0
2937, 568565
2954, 255063581
2968, 36
2985, 6
2991, 0
3005, 2058744
3027, 1321635
3032, 25639904
3035, 0
3040, 0
3041, 85822170
3049, 0
3067, 0
3075, 47108988
3077, 2436027
3106, 471378573
3108, 0
3118, 1829015
3121, 2096118
3124, 0
3132, 2
3143, 1062892
3154, 464800
3172, 0
3183, 0
3193, 1920013
3199, 108501125
3206, 126331846
3214, 884772
3253, 0
3272, 327906115
3291, 0
3293, 0
3304, 0
3308, 0
3324, 111352473
3329, 0
3332, 0
3333, 0
3365, 0
3376, 0
3377, 15960041
3380, 1304014
3384, 0
3394, 0
3396, 0
3400, 2
3401, 0
3402, 41026556
3404, 0
3409, 0
3460, 40952332
3461, 0
3462, 2115120
3465, 0
3473, 0
3479, 0
3485, 0
3487, 0
3493, 0
3502, 22343314
3503, 24723256
3521, 8898932
3536, 1976976
3544, 0
3545, 5752422
3546, 7
3547, 0
3557, 0
3568, 0
3593, 20199290
3602, 0
3603, 2235938
3621, 36404776
3627, 1241977
3634, 97639108
3635, 985939
3651, 70802923
3659, 0
3669, 4
3675, 3
3676, 1
3680, 9
3684, 788132302
3696, 0
3698, 1223993
3709, 2585384
3710, 3326081
3711, 8746243
3723, 0
3753, 6
3756, 0
3759, 0
3775, 0
3803, 43485168
3811, 2
3816, 2573415
3822, 0
3824, 1304458
3828, 0
3837, 1
3847, 39806375
3848, 6
3855, 0
3859, 8247215
3873, 0
3879, 0
3889, 0
3891, 1244251
3897, 12
3901, 23412235
3902, 1211517
3903, 0
3905, 0
3919, 0
3920, 0
3927, 0
3928, 775417
3931, 4576770
3948, 170167217
3958, 0
3959, 16455013
3969, 4437899
3970, 15090143
3977, 0
3983, 0
3992, 7711094
3993, 2184302
3995, 17889866
3996, 3967398
4002, 20124825
4003, 0
4008, 0
4013, 0
4015, 0
4020, 0
4034, 0
4037, 3943366
4040, 12106257
4042, 3666033
4047, 0
4053, 30168682
4054, 0
4061, 0
4069, 6754192
4085, 0
4086, 2590959
4096, 2528575
4111, 0
4117, 6
4118, 2443866
4119, 0
4128, 0
4133, 0
4137, 0
4140, 6230981
4144, 95002302
4149, 37360015
4155, 3923094
4158, 6544508
4177, 469309853
4180, 0
4181, 12362644
4183, 3009739
4194, 3859938
4198, 0
4213, 1224039
4231, 212489919
4248, 0
4262, 1112114
4274, 0
4276, 0
4281, 1304080
4298, 1093197
4304, 0
4312, 739850802
4315, 1221795
4324, 0
4333, 54883541
4336, 1284759
4351, 3353629
4354, 4065048
4361, 0
4362, 63677774
4366, 3860582
4367, 0
4379, 0
4391, 0
4394, 0
4402, 0
4423, 28114941
4424, 0
4428, 77989783
4433, 4251662
4435, 0
4438, 0
4463, 8365907
4477, 884792
4486, 0
4497, 1
4500, 300204
4503, 0
4504, 3576875
4517, 0
4519, 0
4528, 74006553
4542, 0
4554, 0
4556, 20590099
4558, 0
4572, 6576966
4580, 0
4600, 529947302
4613, 0
4614, 9582218
4622, 1107650
4639, 86014296
4649, 14285262
4653, 1314421
4658, 0
4661, 10
4678, 1031049
4685, 0
4696, 1291878
4701, 0
4706, 0
4707, 13677353
4720, 20718461
4721, 74087897
4737, 15
4745, 6
4753, 0
4755, 0
4760, 0
4763, 0
4767, 6845335
4778, 0
4780, 0
4789, 1044113
4790, 0
4794, 2076183
4800, 0
4803, 3881237
4807, 1
4811, 0
4814, 16030094
4832, 248111669
4842, 0
4854, 1295569
4872, 1231299
4890, 0
4894, 0
4910, 1044801
4923, 17873503
4948, 0
4953, 21855958
4959, 0
4961, 80610613
4971, 9
4975, 0
4987, 2
4991, 1215974
5010, 73174365
5015, 26273829
5017, 0
5018, 5
5031, 1
5034, 9962790
5043, 2479520
5081, 2062967
5082, 0
5091, 41221802
5094, 0
5100, 2654115
5101, 102547801
5107, 1120438
5115, 0
5124, 0
5150, 0
5152, 1923816
5177, 0
5181, 2772786
5200, 0
5217, 0
5223, 0
5229, 0
5239, 6095193
5251, 0
5258, 6
5259, 6385297
5263, 34130881
5267, 0
5274, 0
5279, 12979080
5281, 0
5288, 0
5301, 686013
5304, 0
5323, 0
5340, 10
5371, 3159357
5373, 0
5375, 0
5387, 13
5399, 0
5419, 0
5420, 1069251
5429, 1065097
5442, 80569816
5450, 1318895
5477, 0
5482, 0
5484, 0
5495, 13
5496, 70
5498, 6734677
5499, 0
5506, 0
5513, 7962648
5516, 2616352
5519, 1059992
5534, 0
5575, 1246784
5583, 15748853
5584, 0
5585, 7139701
5587, 2899634
5621, 0
5627, 3
5656, 9155788
5659, 1320617
5678, 0
5690, 307052344
5697, 3913556
5701, 12718551
5702, 0
5708, 1
5709, 10
5712, 154566733
5732, 1
5734, 4
5740, 15318521
5743, 6076940
5744, 0
5750, 0
5751, 0
5753, 0
5761, 2
5762, 0
5768, 0
5771, 0
5784, 10
5789, 3
5792, 7815174
5794, 0
5801, 4457653
5810, 20493352
5849, 0
5857, 0
5869, 0
5883, 0
5887, 0
5899, 0
5917, 24161516
5937, 10
5963, 8662996
5984, 24301340
5993, 0
5998, 0
6003, 0
6013, 1289735
6015, 2
6030, 1295592
6032, 3164270
6043, 51439771
6059, 12
6066, 0
6074, 0
6084, 11556451
6085, 142184055
6094, 991005350
6096, 1
6101, 314404051
6104, 3
6107, 12
6113, 6
6121, 1307243
6129, 13307024
6133, 0
6146, 0
6153, 4851342
6183, 0
6205, 9830297
6206, 0
6209, 0
6210, 0
6214, 4893020
6223, 0
6243, 0
6249, 8567622
6255, 0
6262, 12319057
6263, 1291845
6269, 4781823
6278, 3050421
6316, 65333694
6321, 0
6322, 6233837
6325, 6156362
6339, 0
6342, 6
6345, 0
6348, 11303228
6355, 0
6360, 0
6369, 0
6377, 0
6395, 0
6415, 0
6427, 51
6429, 2
6451, 23487820
6460, 2432963
6466, 0
6481, 3
6485, 0
6494, 1233614
6500, 0
6506, 16844020
6514, 5497794
6517, 1048647
6518, 15428639
6521, 0
6522, 0
6545, 5068213
6557, 0
6563, 0
6574, 1318671
6575, 0
6579, 0
6594, 0
6617, 0
6618, 0
6628, 0
6634, 1289216
6646, 1444325
6647, 6218113
6649, 1017094
6651, 0
6666, 76640476
6671, 0
6698, 0
6700, 0
6710, 0
6716, 0
6728, 0
6751, 2319245
6756, 6625321
6757, 0
6771, 0
6772, 0
6773, 1064995
6779, 1209264
6781, 0
6787, 0
6794, 364479827
6797, 0
6801, 0
6818, 114521714
6827, 1318876
6834, 0
6836, 0
6856, 0
6858, 0
6872, 22327954
6936, 14617572
6942, 33707760
6950, 118685318
6976, 3768796
6986, 0
6989, 0
6996, 0
6998, 0
6999, 5065570
7020, 0
7021, 0
7031, 1299839
7043, 0
7060, 0
7066, 0
7076, 194054435
7079, 0
7089, 0
7092, 32611828
7103, 0
7108, 1321959
7119, 0
7120, 0
7126, 0
7193, 0
7206, 382773508
7222, 0
7227, 0
7252, 1239718
7262, 0
7263, 0
7265, 0
7294, 1719964
7302, 1031628
7310, 0
7311, 16381982
7330, 1295046
7332, 0
7341, 1707376
7352, 0
7368, 4845974
7378, 0
7383, 0
7392, 0
7399, 1777185
7402, 25571986
7409, 1285762
7410, 63804025
7420, 0
7434, 0
7437, 0
7442, 0
7443, 914625
7448, 0
7458, 0
7460, 153730507
7482, 0
7494, 0
7507, 0
7519, 882686
7521, 0
7538, 0
7576, 2441457
7580, 0
7591, 8482629
7631, 40417541
7644, 1213613
7646, 0
7653, 0
7666, 55578735
7687, 0
7691, 0
7699, 0
7709, 35817603
7710, 96173829
7717, 0
7721, 870374
7727, 1101609
7732, 0
7742, 596614
7743, 26731405
7755, 0
7762, 3034982
7780, 0
7783, 0
7813, 0
7830, 0
7839, 0
7845, 0
7867, 0
7868, 2576491
7878, 0
7894, 0
7932, 0
7934, 0
7935, 0
7952, 47347382
7967, 0
7979, 0
7998, 0
8003, 0
8008, 138082844
8012, 0
8019, 0
8027, 0
8032, 22686705
8041, 1213802
8050, 0
8065, 0
8080, 0
8103, 101836987
8106, 11726760
8112, 6585819
8131, 17510173
8133, 328300399
8135, 0
8146, 1318518
8162, 0
8176, 116286549
8181, 0
8187, 0
8193, 0
8201, 0
8212, 0
8216, 1295749
8217, 2609290
8239, 0
8250, 7765892
8252, 3187725
8320, 1111031
8329, 0
8338, 3629696
8345, 0
8353, 0
8358, 0
8369, 0
8381, 1111457
8382, 0
8385, 461180041
8394, 0
8410, 0
8419, 6675748
8426, 0
8430, 317207243
8435, 3120287
8441, 0
8452, 0
8457, 0
8460, 0
8479, 0
8494, 0
8506, 0
8508, 33924830
8538, 0
8542, 0
8588, 32361284
8590, 0
8602, 1289757
8621, 3187855
8628, 247845474
8639, 0
8648, 0
8652, 0
8699, 0
8702, 0
8719, 6692368
8721, 0
8725, 2616872
8726, 0
8733, 0
8737, 6425218
8745, 0
8751, 0
8756, 0
8769, 0
8779, 0
8784, 1238005
8798, 0
8799, 261964780
8800, 0
8811, 0
8818, 0
8824, 0
8838, 0
8843, 1311007
8846, 0
8857, 9136352
8871, 0
8887, 18091517
8899, 0
8927, 0
8938, 7702918
8955, 0
8966, 0
8991, 50802014
9015, 0
9019, 0
9022, 0
9024, 0
9025, 399470105
9062, 0
9068, 2596477
9072, 278521405
9074, 0
9091, 27221561
9093, 1050011
9102, 0
9114, 0
9124, 0
9149, 0
9161, 5156617
9164, 0
9187, 0
9211, 0
9232, 13681669
9253, 1095009
9269, 47362713
9277, 0
9304, 0
9305, 0
9313, 0
9317, 244688431
9332, 0
9377, 1313153
9379, 0
9401, 3665580
9417, 22966194
9422, 0
9430, 1289476
9449, 8305057
9463, 0
9471, 1096298
9485, 10856857
9502, 1304362
9547, 0
9550, 26358702
9564, 0
9581, 0
9582, 0
9603, 0
9611, 0
9617, 10928723
9652, 47820614
9658, 3880031
9672, 19139114
9684, 1208393
9694, 33599838
9716, 0
9777, 0
9800, 0
9804, 0
9825, 0
9831, 0
9833, 15758513
9840, 1572709
9871, 3622518
9878, 0
9896, 0
9915, 5589751
9924, 96625077
9928, 9629608
9942, 0
9947, 14430969
10001, 0
10007, 0
10031, 0
10035, 424692719
10047, 0
10059, 17508490
10072, 1215978
10073, 0
10076, 66355641
10083, 0
10084, 0
10091, 0
10095, 0
10106, 0
10110, 1303401
10119, 0
10127, 0
10146, 0
10174, 0
10186, 0
10194, 0
10231, 0
10235, 0
10265, 9496286
10266, 53359618
10271, 0
10273, 13568167
10290, 3180514
10300, 1227397
10304, 0
10330, 1826083
10333, 3327850
10341, 0
10350, 0
10365, 0
10366, 216339501
10368, 3698478
10384, 2528608
10393, 0
10400, 32024299
10423, 0
10431, 0
10443, 4276870
10446, 5359083
10450, 0
10454, 4859504
10458, 0
10475, 0
10481, 0
10482, 4197934
10503, 116491032
10518, 0
10546, 0
10547, 0
10591, 9030931
10605, 27978981
10607, 0
10610, 0
10626, 0
10629, 0
10646, 0
10668, 0
10675, 0
10696, 175143886
10707, 0
10708, 489362
10712, 0
10718, 7586279
10727, 0
10735, 0
10744, 29016720
10763, 0
10769, 0
10774, 0
10810, 0
10834, 0
10839, 0
10846, 9011840
10847, 0
10850, 0
10854, 9101739
10858, 0
10862, 0
10881, 7474439
10893, 0
10898, 94756118
10901, 0
10903, 0
10909, 0
10923, 0
10926, 1117965
10929, 0
10941, 4807130
10946, 0
10980, 14533902
11009, 13428817
11010, 0
11025, 11604445
11028, 2127762
11035, 0
11051, 0
11054, 161524610
11056, 0
11059, 0
11081, 0
11084, 0
11100, 161203834
11108, 0
11115, 126483334
11124, 0
11141, 0
11142, 1760543538
11145, 105371120
11146, 0
11164, 0
11176, 0
11178, 0
11211, 11852337
11214, 0
11216, 0
11233, 3722539
11236, 8416204
11259, 2607968
11260, 740607627
11262, 0
11263, 0
11273, 0
11307, 0
11317, 5312477
11318, 0
11332, 0
11376, 0
11392, 0
11394, 5348077
11395, 3725943
11398, 0
11417, 18985858
11427, 0
11437, 0
11445, 0
11475, 0
11500, 740794
11504, 3883203
11521, 0
11540, 70705231
11546, 11779332
11552, 2035940
11574, 0
11576, 0
11581, 0
11598, 0
11599, 0
11618, 0
11640, 207226999
11647, 1095007
11682, 12929446
11705, 2412516
11716, 0
11738, 0
11741, 0
11765, 32716320
11768, 895861
11771, 0
11781, 0
11791, 1221910
11819, 0
11825, 0
11828, 0
11846, 0
11853, 0
11856, 0
11860, 0
11877, 1309434
11885, 0
11901, 0
11919, 727763315
11920, 1285522
11926, 441496946
11945, 0
11949, 1242705
11966, 12307079
12008, 0
12064, 0
12106, 0
12107, 0
12120, 40474257
12126, 0
12128, 0
12138, 23204337
12156, 5165378
12166, 121155810
12170, 0
12176, 21477029
12178, 122069732
12192, 0
12204, 2637189
12205, 0
12218, 5157845
12233, 0
12259, 0
12281, 2752787
12283, 0
12301, 1208295
12310, 51984388
12325, 1304334
12337, 6414287
12352, 0
12356, 0
12357, 4909351
12395, 0
12402, 1031461
12419, 0
12481, 515483218
12482, 3362332
12487, 8980005
12489, 7890825
12518, 0
12547, 41783991
12565, 2059436
12591, 0
12603, 0
12604, 0
12605, 3890324
12610, 2412713
12617, 0
12640, 0
12643, 10882565
12644, 0
12647, 0
12660, 0
12664, 0
12674, 2432720
12705, 685017132
12713, 0
12722, 0
12761, 0
12776, 0
12782, 0
12793, 0
12823, 0
12826, 0
12841, 0
12847, 0
12858, 14112573
12873, 0
12878, 1241974
12884, 0
12898, 6306143
12905, 27885085
12906, 0
12911, 0
12947, 0
12961, 1241030
12968, 0
12976, 26654119
12978, 33229903
13015, 0
13022, 0
13034, 0
13042, 1299818
13059, 7249991
13061, 0
13070, 0
13092, 0
13093, 1285801
13113, 99907738
13119, 23248650
13139, 0
13168, 5188265
13213, 0
13215, 0
13223, 0
13251, 1241405
13265, 408449436
13268, 25588731
13282, 0
13283, 0
13302, 0
13326, 0
13356, 0
13360, 22800276
13381, 10857477
13388, 0
13402, 0
13431, 0
13441, 15207949
13444, 0
13480, 58938627
13500, 0
13503, 0
13514, 0
13525, 3671678
13530, 1318892
13552, 7841191
13556, 0
13576, 0
13625, 41897656
13641, 0
13643, 0
13647, 0
13650, 533555244
13653, 0
13662, 0
13694, 7310349
13700, 0
13707, 0
13731, 0
13739, 0
13742, 0
13753, 0
13767, 25907122
13774, 0
13824, 0
13825, 0
13832, 0
13842, 0
13874, 0
13898, 1828737
13904, 3719576
13915, 32666820
13917, 0
13922, 0
13923, 0
13938, 0
13972, 468336461
13991, 0
14009, 0
14024, 63330116
14037, 0
14067, 0
14094, 515115909
14102, 0
14105, 0
14111, 0
14143, 2192043
14154, 5214424
14163, 0
14166, 0
14167, 0
14226, 886198
14230, 0
14233, 2534988
14246, 0
14257, 0
14289, 0
14302, 3672662
14319, 0
14321, 0
14340, 14290465
14349, 0
14354, 0
14378, 0
14379, 1003318
14385, 0
14390, 0
14414, 2866254
14436, 0
14440, 0
14447, 64254859
14450, 422468611
14454, 8512704
14493, 5200906
14497, 24559813
14508, 2586715
14510, 763474
14514, 44696884
14515, 28210194
14517, 0
14527, 3085574
14536, 0
14549, 1217999
14551, 1376806
14555, 0
14566, 3857418
14567, 1243002
14581, 0
14593, 0
14633, 0
14653, 2416760
14688, 1293876
14689, 0
14694, 0
14802, 0
14807, 0
14809, 0
14830, 531132484
14835, 23460073
14848, 0
14865, 0
14869, 0
14901, 15398578
14915, 75926741
14972, 1320594
14973, 0
14974, 0
14988, 0
15002, 8027135
15054, 14565017
15092, 0
15129, 50587444
15155, 1185555
15192, 0
15197, 0
15235, 0
15238, 0
15242, 50107704
15247, 0
15293, 2076790
15311, 0
15314, 0
15342, 0
15388, 0
15424, 0
15438, 0
15482, 112013
15488, 943290
15503, 0
15505, 0
15506, 0
15517, 0
15540, 10020229
15551, 0
15566, 0
15570, 9937215
15604, 1288243
15606, 0
15629, 229071566
15630, 0
15640, 0
15650, 0
15667, 0
15672, 0
15684, 0
15704, 0
15713, 0
15735, 16763727
15743, 2852030
15770, 0
15780, 3316985
15782, 0
15811, 0
15819, 20250346
15833, 0
15837, 0
15860, 0
15884, 0
15887, 2063983
15899, 2436225
15915, 0
15933, 1208363
15934, 291751103
15938, 0
15946, 0
15981, 0
16002, 6849501
16023, 0
16040, 0
16044, 0
16046, 4721605
16049, 0
16082, 0
16089, 0
16107, 3693975
16109, 0
16178, 1111027
16183, 119073571
16185, 1904360
16215, 0
16302, 0
16321, 0
16325, 0
16326, 2601037
16371, 1246795
16409, 1777181
16436, 0
16507, 0
16510, 42163095
16518, 0
16524, 0
16530, 0
16537, 55823759
16545, 0
16559, 1069285
16578, 0
16615, 0
16623, 0
16628, 0
16639, 7792473
16649, 0
16659, 4161167
16678, 67498004
16702, 49176245
16710, 0
16716, 0
16722, 0
16739, 0
16751, 0
16758, 0
16785, 2412477
16831, 0
16852, 0
16858, 0
16877, 0
16888, 3654058
16908, 0
16931, 0
16934, 0
16959, 3360693
16981, 0
16988, 0
17008, 0
17020, 0
17022, 0
17029, 8956005
17047, 2640296
17064, 11553275
17073, 0
17085, 0
17087, 3664020
17114, 1773189
17118, 2434043
17164, 0
17169, 0
17176, 3670972
17218, 36029397
17229, 0
17260, 0
17261, 16083091
17263, 0
17276, 0
17294, 0
17308, 6265866
17353, 0
17403, 0
17440, 0
17457, 1244072
17492, 0
17503, 0
17506, 5148794
17509, 3941685
17532, 0
17546, 0
17565, 3168351
17581, 160618079
17599, 0
17602, 0
17630, 1101584
17644, 0
17653, 0
17734, 19614180
17773, 54170204
17787, 17422096
17836, 105502490
17845, 2049778
17846, 1293756
17861, 0
17879, 0
17896, 0
17901, 2096098
17907, 114257991
17913, 1300509
17926, 0
17945, 0
17968, 11078419
17969, 0
17980, 9024364
17988, 19991764
18000, 0
18017, 4186512
18048, 0
18050, 0
18060, 989770033
18086, 16826852
18116, 0
18128, 29193202
18191, 0
18207, 0
18229, 0
18238, 40435886
18256, 0
18261, 0
18263, 73735707
18279, 0
18283, 0
18286, 2062267
18335, 0
18376, 0
18378, 0
18403, 2510619
18406, 0
18420, 0
18447, 0
18474, 0
18496, 0
18512, 2215268
18516, 0
18571, 0
18583, 1321951
18593, 0
18598, 1206460
18606, 2592416
18659, 0
18662, 2578333
18698, 2570921
18702, 0
18739, 260265999
18744, 0
18756, 8808499
18759, 0
18785, 1307847
18801, 0
18810, 0
18814, 0
18827, 0
18850, 22000310
18889, 0
18910, 0
18939, 4064806
18943, 9106545
18950, 1238458
18974, 0
18984, 0
19008, 0
19011, 0
19012, 0
19029, 0
19045, 2893632
19072, 1289478
19075, 13453366
19077, 286297
19078, 0
19088, 0
19109, 0
19186, 1223914
19205, 1769393
19206, 0
19243, 0
19272, 0
19276, 145666612
19325, 463123
19341, 0
19368, 0
19369, 1287238
19399, 0
19414, 0
19436, 0
19444, 0
19471, 0
19475, 36162385
19520, 0
19534, 2035962
19545, 0
19593, 3652087
19603, 1096289
19623, 0
19673, 0
19725, 0
19729, 19565486
19770, 0
19821, 0
19823, 0
19829, 0
19838, 1303406
19844, 1231107
19860, 0
19864, 0
19874, 0
19885, 49576450
19899, 0
19938, 0
19943, 0
19949, 20582329
19965, 1221904
19985, 0
20026, 3890971
20031, 0
20033, 13546623
20038, 0
20052, 0
20062, 0
20105, 0
20160, 0
20162, 0
20186, 62937819
20200, 2623694
20228, 0
20233, 13306497
20281, 1945417
20282, 0
20300, 1242975
20302, 198911052
20307, 0
20341, 0
20343, 4231200
20356, 0
20381, 0
20391, 0
20404, 0
20408, 0
20411, 1297061
20460, 149165
20507, 0
20516, 412800
20529, 0
20584, 0
20586, 0
20595, 36262311
20597, 102492679
20598, 42441859
20627, 0
20673, 0
20674, 3701093
20716, 0
20729, 3894458
20757, 0
20764, 4955408
20775, 0
20781, 53504491
20782, 0
20787, 94628501
20793, 3089138
20803, 1244115
20804, 0
20823, 0
20830, 0
20838, 0
20883, 3640036
20902, 0
20919, 0
20948, 1239794
20994, 1318806
20995, 0
21007, 0
21014, 2108254
21029, 0
21051, 91636572
21052, 885219
21059, 3356208
21082, 0
21090, 1048641
21095, 1769008
21111, 0
21123, 43931811
21124, 0
21136, 0
21146, 131823283
21163, 0
21179, 0
21230, 0
21233, 0
21252, 0
21265, 2407704
21271, 0
21278, 2967196
21291, 8156904
21326, 0
21337, 0
21339, 9181353
21349, 81981521
21369, 30896777
21375, 594995
21380, 0
21399, 0
21402, 0
21409, 0
21482, 0
21491, 0
21564, 11271659
21566, 0
21574, 43813336
21611, 0
21652, 0
21655, 0
21684, 117130513
21690, 0
21698, 0
21724, 0
21753, 0
21778, 0
21800, 4893054
21815, 200620583
21870, 1239250
21885, 0
21907, 21340395
21917, 0
21929, 0
21931, 0
21965, 4277196
22010, 0
22019, 10289006
22030, 0
22049, 0
22051, 64774968
22052, 13117954
22055, 0
22064, 0
22079, 0
22094, 0
22112, 0
22131, 168623205
22139, 1213621
22157, 435633
22170, 0
22180, 0
22191, 0
22202, 0
22277, 201210219
22294, 0
22296, 0
22298, 0
22303, 0
22309, 0
22332, 0
22337, 0
22339, 0
22377, 8969589
22388, 0
22389, 12417497
22431, 0
22460, 0
22479, 0
22491, 0
22553, 0
22599, 2418950
22606, 26477004
22608, 0
22709, 1298229
22721, 2418507
22722, 0
22741, 0
22758, 21073033
22763, 0
22768, 0
22773, 0
22781, 9784270
22810, 17162073
22815, 0
22846, 15947132
22873, 0
22878, 41510030
22882, 0
22930, 6269855
22971, 91916582
22989, 163818054
23008, 10084682
23034, 0
23064, 0
23078, 0
23106, 0
23141, 193064786
23179, 0
23193, 9299859
23197, 0
23202, 0
23232, 0
23234, 0
23240, 0
23291, 63543767
23297, 8560438
23310, 1308409
23317, 0
23355, 0
23388, 0
23444, 5242339
23476, 0
23501, 2634414
23507, 0
23523, 0
23542, 0
23571, 8827242
23572, 17549700
23600, 0
23661, 2009750
23743, 0
23753, 0
23758, 36714285
23772, 0
23775, 0
23796, 0
23827, 8493453
23829, 2482594
23835, 0
23846, 0
23850, 0
23853, 0
23855, 0
23860, 5289033
23862, 0
23869, 1321765
23873, 0
23907, 1223857
23917, 1062802
23935, 0
23950, 22530094
23951, 2447625
23964, 0
23971, 0
23980, 0
24041, 0
24060, 0
24076, 14561440
24078, 26646047
24094, 0
24114, 0
24119, 0
24152, 0
24156, 0
24165, 9859495
24196, 0
24201, 0
24221, 3515518
24224, 0
24226, 0
24274, 1058848
24309, 32515735
24386, 1312848
24389, 0
24433, 0
24451, 0
24478, 14596190
24482, 0
24483, 6220147
24494, 10305533
24525, 0
24541, 0
24563, 5329314
24576, 0
24586, 0
24611, 783278
24625, 0
24633, 0
24634, 1310979
24637, 0
24656, 0
24669, 0
24676, 1012650
24703, 0
24706, 12791134
24757, 0
24768, 0
24792, 0
24798, 1288241
24815, 1235629
24854, 1231688
24859, 0
24891, 4124595
24913, 0
24916, 4855044
24953, 7216264
24965, 6494026
24993, 2487276
25011, 0
25028, 66188855
25040, 0
25051, 0
25097, 0
25104, 2224030
25121, 0
25122, 3894077
25123, 0
25145, 1060560
25199, 14407841
25229, 2608160
25256, 144177641
25309, 0
25311, 3647655
25322, 0
25326, 0
25329, 0
25342, 0
25355, 0
25356, 0
25358, 34258241
25437, 894232
25477, 1209472
25485, 30194043
25490, 3900653
25494, 0
25510, 704842595
25511, 5428298
25516, 2190118
25527, 0
25563, 0
25585, 0
25590, 0
25602, 948261
25622, 0
25642, 1017958
25674, 0
25684, 0
25696, 0
25700, 0
25730, 0
25905, 1983207
25947, 2418916
25980, 0
25983, 0
26002, 3834482
26013, 0
26039, 30230390
26069, 0
26080, 88063658
26081, 0
26207, 0
26208, 4779416
26218, 4807762
26238, 0
26243, 0
26252, 0
26282, 0
26288, 0
26295, 0
26310, 0
26319, 3925172
26349, 0
26360, 0
26380, 2008654
26383, 0
26437, 0
26459, 0
26470, 2590084
26510, 0
26522, 266612310
26536, 1048493
26538, 11107419
26576, 0
26591, 7464296
26608, 8532336
26631, 0
26635, 1234647
26640, 0
26650, 0
26674, 0
26677, 0
26689, 0
26700, 1109569
26705, 1321567
26710, 3093015
26737, 0
26762, 0
26766, 1016911
26778, 0
26801, 0
26809, 1203838
26824, 0
26832, 0
26834, 0
26875, 0
26885, 0
26901, 0
26935, 90428183
26978, 0
27004, 548007
27013, 36714418
27040, 0
27066, 0
27069, 0
27105, 0
27111, 0
27117, 0
27121, 1171814
27125, 0
27140, 0
27160, 0
27164, 2589371
27188, 0
27249, 427874
27328, 0
27330, 0
27398, 136317
27404, 0
27433, 0
27453, 12428450
27456, 7336797
27465, 7434279
27467, 0
27513, 0
27526, 0
27559, 0
27566, 0
27626, 0
27637, 0
27664, 0
27712, 0
27735, 0
27742, 1308449
27767, 0
27816, 32716974
27828, 1218030
27829, 1566179
27831, 2641934
27832, 0
27840, 0
27870, 0
27909, 0
27923, 3088435
27933, 0
27941, 0
27962, 1293736
27968, 0
27970, 0
27976, 0
28011, 0
28027, 0
28033, 0
28037, 0
28104, 330717228
28128, 248914418
28143, 0
28161, 878954
28199, 2403128
28209, 0
29225, 0
29231, 1062552
29241, 3924100
29273, 0
29316, 23582824
29319, 1285221
29322, 0
29323, 0
29341, 0
29404, 2663307
29422, 3135753
29437, 0
29444, 1004322
29480, 0
29491, 25823413
29500, 1286575
29557, 0
29566, 0
29611, 0
29625, 3323785
29661, 0
29685, 0
29689, 0
29697, 75220565
29730, 27398818
29736, 0
29738, 0
29747, 1231904
29783, 88622717
29787, 0
29818, 1213683
29827, 0
29850, 0
29873, 8728718
29887, 3861822
29938, 0
29961, 987978
29979, 0
29981, 0
30062, 79737
30081, 2222923
30084, 0
30155, 0
30158, 0
30170, 1294405
30172, 0
30178, 1307277
30186, 203503638
30252, 1295323
30264, 5399336
30267, 0
30366, 1101607
30375, 0
30397, 0
30412, 12960948
30419, 0
30457, 0
30462, 1321425
30491, 0
30500, 1287242
30516, 0
30521, 0
30537, 0
30582, 0
30668, 0
30679, 1859896
30684, 1194099
30691, 0
30699, 0
30721, 0
30726, 3896772
30790, 2634485
30800, 0
30827, 9398054
30850, 0
30860, 0
30889, 0
30948, 0
30957, 0
30971, 0
30999, 873813
31016, 0
31026, 2034368
31035, 16765466
31040, 0
31045, 6273009
31051, 0
31055, 0
31084, 0
31102, 0
31134, 1304680
31179, 1239798
31233, 15298752
31261, 0
31304, 0
31308, 0
31310, 112288735
31317, 0
31327, 0
31328, 0
31331, 0
31339, 1062561
31342, 0
31356, 0
31371, 10363078
31391, 0
31437, 0
31441, 0
31446, 3188440
31469, 91866056
31475, 1017978
31476, 0
31495, 0
31528, 0
31548, 0
31603, 1107640
31647, 0
31724, 3181702
31747, 0
31771, 0
31807, 19741717
31814, 8466623
31849, 0
31873, 434906
31883, 0
31952, 1288216
32022, 2186435
32135, 0
32178, 12600429
32185, 0
32198, 143142
32210, 0
32216, 3894406
32259, 0
32261, 0
32307, 1320886
32316, 0
32325, 58064
32330, 0
32332, 71544010
32344, 0
32355, 0
32389, 100953834
32454, 0
32459, 0
32460, 0
32467, 0
32470, 6207084
32499, 0
32507, 0
32591, 0
32592, 0
32620, 0
32631, 2574492
32657, 1288095
32660, 8597863
32723, 0
32831, 490826
32851, 0
32864, 0
32866, 0
32906, 0
32922, 1308143
32961, 0
32968, 0
32972, 1306848
32985, 6069391
33018, 0
33039, 25185693
33064, 0
33084, 0
33088, 0
33090, 0
33122, 0
33128, 13898763
33135, 2359183
33141, 2138975
33156, 0
33199, 0
33232, 0
33286, 0
33290, 0
33322, 0
33377, 0
33509, 0
33518, 0
33544, 0
33546, 0
33550, 0
33573, 0
33640, 0
33643, 0
33646, 0
33647, 0
33664, 0
33672, 4013227
33699, 0
33725, 0
33741, 3402810
33757, 223347
33768, 14726177
33792, 0
33804, 3346112
33820, 0
33837, 0
33842, 0
33849, 0
33854, 1012541
33889, 0
33891, 2443832
33900, 0
33927, 0
34027, 0
34050, 8566347
34082, 0
34105, 0
34170, 1314428
34180, 69337443
34217, 1234175
34256, 0
34309, 0
34341, 0
34444, 0
34445, 0
34448, 0
34461, 16110157
34464, 0
34483, 775158
34490, 0
34518, 0
34538, 116406269
34544, 0
34575, 1836873
34591, 0
34640, 801821
34655, 0
34744, 0
34766, 0
34859, 4277084
34866, 0
34884, 2407441
34919, 1100430
34942, 0
34951, 572869
34984, 0
35150, 0
35158, 2589351
35167, 0
35183, 0
35261, 0
35269, 1298169
35313, 1231687
35324, 0
35330, 0
35336, 0
35344, 0
35349, 0
35353, 28347649
35357, 3130606
35360, 0
35370, 0
35394, 0
35397, 0
35416, 8892558
35417, 0
35419, 5248249
35453, 0
35478, 0
35480, 0
35482, 7265827
35483, 0
35486, 0
35508, 0
35520, 21077396
35529, 11153108
35545, 0
35575, 0
35593, 7534824
35603, 0
35615, 0
35626, 344672243
35651, 0
35660, 0
35683, 884699
35687, 0
35702, 2336241
35706, 464940
35714, 1096058
35719, 0
35733, 0
35734, 1300510
35745, 0
35779, 0
35793, 2629620
35800, 0
35833, 0
35838, 0
35840, 198489181
35850, 0
35869, 0
35872, 0
35899, 0
35927, 0
35936, 1307275
35942, 0
35946, 0
35959, 54361675
35983, 0
36013, 0
36014, 1201891
36016, 1321326
36024, 0
36035, 0
36060, 0
36067, 11145637
36073, 0
36075, 0
36090, 4766590
36098, 0
36103, 5766272
36119, 0
36145, 0
36146, 1287281
36148, 0
36150, 0
36155, 0
36160, 0
36164, 0
36173, 0
36185, 0
36212, 2621407
36263, 0
36282, 0
36302, 0
36340, 0
36350, 0
36356, 846213
36367, 0
36370, 0
36383, 0
36385, 0
36414, 0
36419, 0
36441, 0
36452, 0
36466, 1020832
36469, 1146200
36477, 1243528
36502, 0
36527, 0
36530, 0
36539, 0
36554, 33494400
36562, 0
36563, 6500828
36572, 0
36575, 0
36579, 0
36588, 0
36591, 0
36604, 3334093
36622, 0
36625, 7437686
36640, 0
36672, 0
36687, 1049278
36688, 324607441
36690, 0
36703, 0
36707, 5042511
36720, 0
36721, 191226891
36735, 1852214
36744, 0
36766, 0
36779, 0
36799, 0
36814, 8788582
36826, 0
36856, 0
36862, 6149598
36869, 0
36871, 7935418
36886, 21416891
36889, 0
36904, 6706524
36931, 6075474
36934, 0
36938, 0
36939, 1308112
36950, 6234955
36952, 0
36961, 0
36965, 0
36972, 0
36974, 2077200
36977, 0
36987, 1304650
37002, 1296205
37006, 1298765
37015, 0
37021, 1029465
37026, 1859885
37039, 0
37043, 0
37059, 0
37072, 3607478
37087, 1065096
37096, 2607171
37099, 1286366
37103, 207739091
37110, 0
37118, 0
37129, 0
37159, 6426327
37211, 0
37212, 0
37214, 13241609
37238, 0
37239, 1059728
37254, 3693546
37257, 0
37266, 0
37302, 0
37308, 0
37328, 0
37336, 1289494
37338, 1048494
37352, 0
37354, 0
37366, 0
37370, 0
37371, 0
37373, 0
37385, 63010632
37389, 0
37392, 0
37405, 0
37432, 1321082
37433, 1062550
37434, 0
37436, 10571851
37452, 0
37496, 0
37515, 0
37537, 0
37553, 0
37555, 119418838
37580, 1298090
37587, 0
37612, 0
37613, 0
37644, 9643697
37646, 2343854
37657, 0
37659, 0
37676, 0
37681, 0
37691, 0
37708, 0
37738, 0
37757, 0
37759, 0
37777, 0
37800, 0
37808, 4426014
37822, 15143558
37840, 0
37850, 12126766
37854, 0
37855, 2200834
37859, 0
37861, 0
37893, 0
37902, 0
37919, 0
37942, 0
37981, 0
37987, 0
37998, 2493601
38010, 0
38052, 0
38066, 1203859
38075, 0
38085, 878952
38088, 0
38104, 0
38114, 0
38136, 0
38145, 0
38168, 0
38190, 0
38196, 0
38200, 5323698
38203, 0
38236, 1244115
38254, 0
38257, 0
38258, 0
38267, 4793899
38276, 4154341
38290, 2590162
38319, 3641460
38322, 0
38324, 0
38330, 0
38331, 0
38361, 0
38379, 0
38407, 0
38434, 8293962
38435, 0
38448, 20634015
38468, 114487921
38475, 0
38477, 5170867
38490, 0
38512, 9983712
38523, 0
38529, 0
38547, 0
38566, 11283119
38600, 2416692
38620, 6235956
38623, 0
38624, 374094496
38626, 0
38629, 1286884
38630, 0
38654, 0
38698, 3176340
38711, 0
38712, 0
38722, 0
38729, 0
38744, 1580821
38750, 0
38762, 0
38783, 12409816
38799, 0
38805, 2599608
38807, 0
38816, 0
38825, 0
38832, 0
38835, 0
38851, 7001497
38852, 4881845
38854, 3966115
38862, 2191754
38866, 42926751
38867, 5228275
38869, 0
38889, 176855913
38912, 0
38947, 0
38952, 0
38966, 1285450
38981, 0
38989, 2748759
39004, 57181448
39015, 0
39026, 0
39039, 0
39046, 0
39082, 59825917
39086, 1095065
39115, 12346431
39120, 0
39129, 8694786
39142, 11732087
39146, 0
39153, 0
39163, 0
39179, 0
39184, 0
39187, 0
39190, 0
39203, 0
39212, 0
39229, 0
39261, 888684
39280, 0
39284, 0
39297, 0
39307, 0
39310, 2121018
39322, 0
39331, 1037960
39332, 0
39342, 0
39348, 1120560
39359, 1303139
39360, 0
39362, 0
39374, 0
39380, 3345632
39387, 0
39421, 4194088
39428, 0
39472, 0
39475, 0
39489, 0
39492, 0
39495, 20940794
39507, 2190834
39521, 58033200
39537, 0
39552, 47496061
39572, 0
39602, 1098604
39611, 0
39630, 0
39639, 0
39654, 1203873
39677, 46567
39684, 0
39713, 1048608
39714, 0
39717, 0
39719, 0
39725, 0
39742, 0
39744, 1066266
39747, 31816435
39754, 1044909
39762, 0
39764, 0
39777, 0
39805, 0
39815, 11646954
39836, 0
39915, 0
39921, 0
39939, 0
39997, 0
40003, 0
40023, 15422954
40027, 0
40033, 0
40038, 2113422
40046, 0
40078, 884774
40086, 1321967
40090, 0
40096, 0
40120, 10133304
40128, 0
40133, 0
40145, 0
40154, 0
40206, 0
40213, 0
40220, 1241123
40231, 0
40232, 0
40236, 0
40263, 0
40264, 0
40272, 0
40291, 0
40297, 518764875
40323, 1231311
40324, 0
40352, 3401045
40386, 0
40409, 0
40432, 2628811
40439, 386968
40458, 0
40476, 0
40479, 0
40484, 0
40491, 0
40502, 0
40513, 0
40520, 0
40529, 0
40549, 0
40564, 3732530
40588, 6694331
40591, 0
40637, 0
40640, 0
40644, 0
40694, 0
40700, 0
40707, 0
40723, 1298164
40726, 1314493
40734, 0
40746, 0
40779, 0
40780, 11120748
40782, 0
40789, 0
40793, 7710618
40804, 4576132
40821, 13235441
40834, 0
40835, 0
40836, 0
40847, 0
40862, 1304647
40883, 20788043
40888, 0
40893, 0
40911, 4197499
40923, 0
40932, 0
40950, 1320619
40983, 8480295
40992, 0
40998, 1904788
41032, 2462073
41035, 0
41060, 1222055
41064, 0
41069, 0
41071, 1112120
41075, 7782409
41103, 0
41105, 0
41109, 0
41110, 0
41123, 0
41139, 37336971
41142, 1292036
41156, 0
41178, 0
41187, 1303407
41194, 0
41220, 0
41233, 0
41242, 0
41258, 2427232
41262, 0
41263, 0
41269, 0
41274, 18094143
41279, 0
41283, 0
41285, 0
41290, 0
41291, 581783620
41301, 2641316
41305, 0
41314, 2476845
41345, 879601
41379, 0
41401, 0
41407, 0
41452, 0
41487, 0
41522, 1284718
41530, 0
41537, 1285345
41541, 0
41562, 0
41577, 0
41585, 0
41593, 17434151
41604, 0
41619, 9005691
41626, 1298140
41632, 1294875
41638, 0
41644, 18727246
41654, 22424748
41666, 29599
41686, 0
41734, 0
41736, 0
41769, 0
41782, 0
41801, 0
41823, 0
41827, 1291885
41837, 0
41862, 2479623
41873, 0
41900, 3963562
41928, 0
41932, 3868273
41938, 0
41940, 0
41953, 47924902
41970, 7773665
41978, 0
41979, 0
42001, 1769299
42006, 0
42015, 0
42021, 0
42040, 0
42042, 0
42047, 11917161
42059, 0
42087, 0
42100, 0
42137, 0
42140, 0
42150, 0
42154, 0
42160, 1321799
42202, 0
42207, 0
42278, 22493155
42286, 0
42290, 0
42291, 0
42302, 1320655
42305, 0
42326, 6463514
42345, 0
42364, 0
42367, 0
42371, 0
42387, 0
42395, 0
42409, 0
42440, 36440121
42441, 0
42455, 0
42474, 0
42501, 0
42504, 1241986
42506, 0
42507, 0
42508, 0
42511, 0
42531, 0
42537, 0
42571, 1016066
42572, 0
42586, 0
42613, 0
42636, 2483074
42645, 0
42656, 0
42676, 4571973
42677, 0
42690, 10563901
42714, 0
42716, 0
42721, 1115379
42750, 0
42768, 0
42804, 11189736
42816, 0
42851, 0
42864, 0
42871, 0
42913, 0
42915, 0
42971, 0
42993, 0
42995, 1064991
43000, 0
43013, 0
43014, 0
43027, 0
43054, 47060182
43076, 7242728
43088, 0
43107, 14206998
43108, 202351927
43122, 23966590
43138, 0
43158, 0
43166, 0
43172, 0
43198, 5016726
43247, 172728
43258, 1208359
43263, 5185459
43266, 82871235
43267, 1303406
43296, 520597
43305, 0
43307, 0
43309, 0
43318, 0
43324, 0
43326, 2414279
43332, 0
43354, 20295431
43383, 0
43387, 0
43395, 0
43418, 0
43423, 3595365
43438, 0
43444, 0
43445, 1298171
43501, 0
43516, 0
43528, 0
43535, 0
43549, 0
43557, 0
43559, 14506642
43560, 0
43593, 1314158
43639, 0
43645, 0
43667, 0
43672, 0
43681, 1380540
43683, 0
43687, 3901453
43691, 0
43696, 0
43697, 0
43701, 1285666
43723, 0
43737, 6205697
43741, 0
43793, 0
43796, 0
43821, 0
43839, 0
43850, 0
43888, 0
43889, 0
43915, 0
43928, 0
43941, 0
43946, 0
43951, 1213629
43954, 6943702
43959, 0
44006, 0
44022, 0
44032, 0
44049, 0
44052, 0
44079, 0
44093, 0
44094, 0
44134, 0
44138, 0
44143, 157467425
44152, 1288241
44169, 0
44172, 0
44175, 0
44191, 7405886
44192, 0
44201, 3718862
44206, 1296139
44220, 1069229
44250, 0
44291, 74690
44293, 17776336
44362, 5608078
44374, 0
44376, 0
44405, 0
44420, 0
44423, 0
44458, 0
44464, 888683
44484, 0
44498, 0
44499, 0
44534, 2190190
44539, 0
44547, 0
44551, 0
44555, 0
44557, 1296138
44565, 0
44590, 0
44591, 0
44602, 0
44609, 0
44610, 0
44633, 0
44637, 0
44641, 0
44642, 0
44651, 0
44691, 0
44722, 0
44778, 0
44785, 0
44790, 0
44797, 22460241
44812, 0
44817, 2739791
44833, 0
44860, 0
44862, 500354
44864, 0
44873, 0
44881, 0
44905, 0
44928, 0
44931, 0
44949, 14333827
44951, 0
44953, 107932477
44967, 1159867
44992, 0
45000, 0
45002, 0
45005, 1311835
45027, 0
45045, 0
45057, 6695380
45065, 0
45070, 0
45115, 0
45116, 0
45118, 3962794
45119, 0
45138, 0
45142, 0
45188, 0
45198, 0
45223, 0
45242, 0
45255, 14999957
45262, 0
45285, 0
45300, 1016077
45305, 0
45347, 0
45354, 0
45356, 0
45379, 0
45392, 0
45397, 680238
45413, 111980
45422, 20408
45426, 0
45431, 0
45433, 0
45454, 429452
45468, 0
45469, 0
45482, 0
45494, 10063947
45501, 0
45505, 0
45510, 0
45522, 0
45523, 0
45524, 149165
45526, 0
45549, 0
45558, 0
45560, 0
45564, 0
45570, 447227
45581, 0
45587, 0
45591, 0
45597, 0
45600, 0
45609, 0
45611, 0
45614, 0
45615, 0
45624, 0
45630, 0
45640, 0
45644, 0
45653, 0
45655, 0
45657, 0
45664, 572869
45668, 0
45669, 0
45673, 0
45677, 0
45679, 0
45681, 5654240
45693, 0
45694, 0
45704, 575027
45707, 0
45726, 0
45728, 0
45729, 0
45730, 0
45731, 0
45740, 0
45745, 592805
45747, 0
45764, 0
45766, 0
45776, 1780647
45789, 0
45807, 0
45818, 0
45842, 0
45855, 0
45859, 0
45864, 801419
45868, 0
45902, 0
45926, 0
45932, 0
45933, 0
45935, 0
45947, 8312238
45951, 0
45964, 0
45968, 0
45974, 0
45976, 1604880
45979, 0
45982, 0
45985, 0
45990, 0
45998, 2528484
46002, 0
46018, 0
46035, 0
46046, 1680213
46062, 0
46071, 3682326
46072, 0
46078, 0
46083, 0
46094, 0
46104, 9823717
46106, 0
46108, 0
46112, 0
46118, 0
46119, 1095061
46121, 0
46135, 0
46140, 885339
46142, 0
46144, 0
46164, 0
46176, 0
46184, 0
46189, 0
46191, 0
46211, 0
46214, 5180246
46217, 0
46227, 0
46237, 0
46253, 0
46254, 0
46288, 0
46290, 20875952
46291, 0
46292, 0
46298, 2388678
46308, 917710
46326, 0
46346, 0
46433, 0
46448, 0
46450, 0
46454, 0
46460, 1307089
46461, 0
46464, 0
46471, 0
46472, 0
46495, 0
46510, 2549055
46514, 943289
46536, 0
46538, 0
46541, 0
46546, 0
46551, 1020825
46566, 0
46567, 0
46573, 6600031
46577, 0
46578, 8139112
46589, 0
46591, 0
46599, 0
46612, 959896
46626, 0
46629, 1975920
46632, 0
46683, 0
46690, 44666972
46714, 0
46744, 3012924
46773, 0
46775, 0
46784, 0
46785, 0
46793, 0
46799, 0
46801, 0
46810, 0
46845, 0
46848, 1016085
46852, 10772760
46855, 29196702
46856, 0
46859, 0
46867, 0
46880, 0
46891, 0
46897, 0
46900, 0
46903, 0
46907, 1112120
46908, 0
46910, 0
46913, 0
46918, 0
46923, 0
46929, 0
46931, 0
46958, 0
46975, 3913645
46987, 1115417
46992, 0
46997, 0
47002, 0
47018, 0
47044, 0
47047, 0
47069, 0
47071, 1227333
47073, 0
47084, 0
47116, 3888844
47118, 0
47120, 0
47125, 0
47135, 0
47136, 1029709
47144, 0
47148, 0
47182, 0
47184, 0
47189, 1300219
47195, 0
47227, 0
47228, 0
47229, 0
47236, 0
47244, 0
47249, 0
47253, 0
47260, 0
47264, 3728748
47267, 1038597
47273, 0
47274, 0
47279, 0
47280, 0
47286, 0
47294, 6214701
47295, 0
47305, 49252718
47312, 21547668
47322, 0
47330, 0
47343, 0
47344, 1231110
47345, 0
47355, 0
47356, 0
47368, 0
47369, 0
47372, 0
47373, 0
47384, 0
47386, 0
47391, 0
47396, 0
47402, 0
47434, 0
47447, 0
47449, 0
47453, 2094730
47462, 1046622
47467, 0
47469, 2094930
47482, 1047413
47484, 1285136
47499, 0
47510, 0
47532, 0
47541, 0
47547, 0
47552, 1049975
47569, 0
47571, 0
47575, 0
47584, 0
47621, 0
47630, 0
47638, 1295583
47640, 5248969
47659, 0
47683, 0
47687, 0
47704, 0
47707, 0
47709, 0
47713, 0
47719, 0
47722, 0
47725, 1056835
47734, 0
47757, 0
47763, 12073115
47772, 0
47795, 34270963
47797, 0
47807, 0
47820, 0
47823, 0
47832, 0
47837, 0
47840, 0
47845, 0
47849, 0
47855, 0
47856, 0
47861, 0
47862, 0
47887, 0
47888, 0
47897, 0
47925, 0
47932, 0
47946, 0
47948, 0
47958, 36513211
47964, 0
47969, 0
47973, 0
48006, 1062883
48009, 0
48020, 0
48029, 0
48031, 0
48041, 0
48056, 0
48065, 0
48067, 0
48080, 0
48084, 10922873
48088, 0
48102, 0
48111, 1239800
48127, 0
48137, 1069428
48141, 0
48142, 225014572
48144, 1093193
48151, 0
48157, 0
48161, 0
48168, 0
48172, 0
48183, 0
48186, 0
48190, 0
48214, 0
48222, 0
48226, 1069418
48257, 0
48263, 0
48265, 0
48273, 2186382
48275, 0
48296, 0
48301, 0
48303, 0
48319, 0
48322, 1320606
48331, 0
48332, 1298054
48334, 12239642
48342, 0
48351, 0
48354, 0
48356, 16209238
48362, 0
48365, 0
48366, 0
48374, 0
48378, 0
48379, 0
48403, 0
48408, 7031295
48420, 0
48431, 0
48434, 0
48436, 0
48438, 17025522
48444, 1203836
48448, 0
48458, 0
48474, 1095886
48475, 0
48481, 31341448
48489, 1317942
48499, 0
48501, 0
48503, 5479415
48504, 0
48505, 1100495
48506, 0
48507, 0
48517, 0
48519, 0
48524, 0
48525, 0
48531, 1096297
48539, 0
48544, 0
48547, 0
48549, 0
48552, 0
48554, 29517124
48562, 0
48584, 1099583
48585, 0
48586, 1239783
48598, 0
48609, 1285318
48621, 0
48647, 0
48661, 0
48665, 4401942
48678, 0
48688, 0
48737, 1321814
48745, 0
48757, 0
48767, 15712688
48772, 0
48787, 0
48792, 1101585
48796, 0
48807, 0
48814, 0
48815, 0
48826, 2570712
48827, 2493385
48831, 2422898
48839, 451339549
48841, 0
48851, 1106685
48855, 0
48859, 3349854
48865, 0
48866, 9946807
48877, 0
48879, 0
48893, 0
48903, 0
48924, 0
48929, 0
48932, 0
48933, 0
48954, 0
48962, 0
48967, 0
48971, 0
48977, 0
48978, 0
48985, 3333976
48994, 0
49003, 4445384
49013, 0
49027, 0
49031, 0
49036, 0
49045, 3335091
49056, 0
49058, 0
49066, 0
49117, 0
49119, 0
49129, 0
49151, 0
49182, 0
49203, 0
49208, 57258209
49213, 0
49221, 0
49223, 1293318
49227, 0
49230, 0
49236, 0
49242, 1113375
49244, 0
49247, 51330093
49249, 0
49266, 0
49268, 2228831
49270, 0
49283, 0
49292, 0
49301, 0
49340, 1115425
49345, 0
49355, 0
49357, 1116607
49394, 1116524
49398, 1320961
49402, 0
49404, 6903191
49409, 0
49420, 0
49425, 0
49438, 4576891
49443, 0
49445, 0
49446, 0
49449, 0
49450, 0
49460, 0
49467, 0
49472, 0
49474, 0
49485, 0
49490, 0
49491, 0
49508, 0
49512, 1117946
49520, 0
49525, 0
49533, 0
49537, 1311866
49545, 0
49550, 0
49551, 0
49556, 1314491
49561, 0
49570, 0
49603, 0
49605, 0
49607, 0
49611, 0
49620, 0
49625, 1120564
49628, 5603812
49639, 1239743
49655, 0
49666, 0
49672, 1116582
49673, 2618394
49710, 0
49716, 0
49740, 0
49750, 0
49753, 0
49765, 0
49778, 0
49783, 0
49793, 0
49822, 1241067
49831, 1201616
49854, 0
49857, 0
49887, 0
49898, 1201897
49911, 0
49916, 0
49919, 0
49924, 0
49927, 0
49936, 0
49945, 0
49952, 0
49954, 0
49957, 0
49983, 0
49990, 0
49998, 0
50011, 0
50068, 8617951
50073, 7830338
50081, 0
50086, 0
50128, 0
50136, 0
50138, 1205031
50145, 0
50148, 0
50152, 0
50154, 1206208
50157, 0
50163, 0
50164, 0
50166, 0
50174, 0
50181, 0
50182, 0
50191, 0
50203, 0
50210, 0
50216, 0
50249, 0
50265, 3619317
50274, 0
50278, 0
50282, 0
50307, 0
50309, 0
50311, 0
50312, 0
50314, 0
50324, 0
50331, 0
50355, 0
50356, 1238448
50366, 0
50384, 7718276
50388, 3738541
50409, 12396527
50426, 0
50427, 1219007
50433, 0
50437, 1320891
50438, 5175795
50447, 0
50449, 0
50457, 0
50465, 0
50471, 0
50473, 0
50485, 0
50488, 0
50489, 0
50509, 0
50519, 0
50524, 0
50531, 0
50534, 0
50551, 2418533
50553, 0
50560, 0
50563, 0
50568, 0
50569, 0
50584, 0
50592, 0
50610, 0
50611, 0
50614, 20592527
50615, 1209469
50620, 0
50621, 0
50627, 0
50628, 0
50629, 1308127
50650, 0
50655, 0
50658, 1239792
50666, 0
50667, 0
50673, 0
50683, 1213362
50693, 0
50699, 0
50710, 0
50718, 0
50721, 1218016
50735, 0
50742, 0
50749, 0
50752, 0
50754, 1231586
50762, 0
50767, 0
50774, 0
50777, 0
50784, 0
50791, 0
50796, 1213631
50806, 0
50816, 0
50818, 0
50820, 0
50838, 0
50842, 0
50846, 101032705
50847, 0
50849, 0
50856, 0
50857, 0
50859, 0
50891, 1215971
50893, 0
50898, 0
50901, 24523498
50922, 0
50929, 0
50933, 0
50937, 0
50943, 0
50948, 0
50958, 0
50969, 1218026
50973, 1044726
50982, 0
50993, 0
50996, 0
51008, 0
51018, 0
51035, 0
51036, 0
51040, 0
51041, 0
51043, 0
51073, 0
51074, 0
51088, 0
51099, 0
51107, 0
51112, 0
51119, 0
51137, 2608982
51143, 1308420
51164, 58093220
51167, 0
51176, 1310665
51178, 0
51179, 0
51189, 0
51197, 0
51207, 0
51212, 1219156
51223, 16412199
51241, 0
51244, 0
51247, 0
51250, 0
51251, 2535697
51260, 1219446
51268, 0
51272, 0
51286, 0
51290, 0
51301, 0
51303, 0
51312, 0
51322, 0
51323, 2477681
51325, 0
51331, 0
51336, 0
51345, 0
51379, 0
51383, 0
51389, 1304814
51391, 0
51399, 0
51401, 3665762
51413, 0
51420, 0
51424, 7332074
51428, 0
51431, 0
51432, 0
51436, 0
51450, 0
51454, 1303509
51469, 6113825
51471, 0
51478, 4840808
51479, 3666332
51484, 12513926
51492, 0
51505, 0
51506, 1223808
51508, 2469405
51514, 1223248
51521, 0
51522, 0
51524, 0
51526, 1223391
51542, 0
51546, 3857094
51557, 0
51579, 0
51596, 0
51601, 0
51611, 0
51615, 0
51619, 0
51632, 1231450
51649, 0
51663, 49070971
51668, 1298120
51690, 0
51697, 0
51703, 0
51716, 0
51717, 0
51719, 0
51720, 0
51725, 0
51733, 0
51757, 0
51761, 0
51764, 0
51770, 0
51776, 0
51778, 3724187
51780, 0
52781, 0
52796, 1227331
52805, 0
52824, 64574757
52834, 1321769
52842, 1241119
52843, 1238847
52845, 0
52847, 0
52863, 0
52871, 1224664
52874, 0
52877, 0
52890, 1318836
52896, 0
52904, 0
52913, 0
52914, 0
52918, 0
52920, 0
52926, 0
52929, 1227478
52931, 0
52936, 3900856
52944, 0
52954, 0
52964, 0
52981, 0
52997, 8673620
53000, 0
53009, 0
53012, 0
53031, 0
53035, 0
53048, 0
53059, 1233613
53064, 0
53071, 0
53079, 0
53089, 0
53091, 12221071
53100, 0
53110, 0
53112, 0
53114, 0
53122, 10390352
53126, 1231423
53127, 1231425
53135, 0
53137, 0
53143, 0
53155, 0
53163, 1310698
53165, 0
53170, 0
53181, 0
53197, 22242487
53211, 0
54233, 0
54238, 0
54239, 10006683
54263, 0
54264, 1235639
54267, 0
54268, 3735443
54269, 0
54276, 0
54297, 0
54306, 0
54310, 0
54311, 27083911
54315, 0
54316, 0
54337, 0
54343, 0
54348, 0
54367, 0
54369, 13572003
54370, 0
54372, 0
54378, 0
54386, 0
54387, 0
54390, 0
54395, 0
54396, 0
54403, 0
54405, 0
54415, 1262889
54440, 0
54441, 0
54442, 0
54454, 0
54455, 1233616
54458, 11108376
54461, 0
54465, 0
54475, 0
54495, 1295045
54507, 0
54510, 0
54524, 0
54526, 0
54529, 0
54530, 0
54540, 0
54541, 0
54552, 1319727
54555, 0
54562, 0
54600, 0
54608, 0
54609, 0
54610, 3707066
54612, 0
54628, 6173411
54634, 0
54638, 1321131
54649, 0
54654, 0
54656, 0
54660, 0
54665, 0
54667, 1244143
54678, 0
54683, 0
54690, 0
54711, 0
54718, 1293327
54729, 0
54732, 0
54756, 0
54759, 0
54761, 0
54780, 16757802
54783, 0
54788, 0
54794, 0
54797, 0
54804, 0
54815, 0
54820, 0
55844, 0
55853, 0
55859, 0
55865, 0
55868, 0
55876, 0
55881, 0
55893, 197174274
55895, 0
55904, 1244150
55915, 0
55922, 0
55931, 0
55932, 0
55956, 1238860
55958, 0
55976, 12389509
55980, 0
55982, 0
55992, 0
55998, 0
55999, 0
56010, 0
56012, 0
56026, 0
56037, 1239636
56050, 0
56052, 0
56060, 3719108
56076, 0
56086, 0
56094, 2576343
56097, 0
56099, 0
56106, 0
56115, 1245411
56127, 0
56137, 1239788
56140, 0
56144, 0
56150, 0
56162, 0
56169, 0
56173, 0
56180, 0
56182, 0
56188, 0
56191, 15065063
56198, 1241038
56199, 0
56207, 0
56212, 0
56217, 1241026
56218, 0
56228, 0
56234, 0
56238, 0
56254, 0
56259, 0
56266, 0
56273, 0
56279, 0
56286, 0
56299, 0
56306, 1241040
56336, 0
56337, 0
56345, 0
56349, 0
56353, 0
56357, 0
56364, 0
56365, 0
56379, 0
56382, 0
56384, 0
56396, 0
56397, 0
56415, 0
56421, 0
56434, 0
56443, 0
56459, 0
56462, 2608007
56465, 0
56469, 0
56470, 0
56478, 0
56494, 0
56498, 0
56501, 0
56505, 8297196
56525, 0
56531, 1241425
56553, 20534336
56556, 0
56563, 0
56565, 0
56570, 0
56571, 0
56588, 0
56594, 1279263
56595, 0
56606, 1241862
56617, 3930667
56620, 0
56623, 0
56624, 10022982
56639, 0
56654, 0
56665, 2485804
56666, 0
56668, 0
56669, 0
56670, 0
56678, 0
56682, 0
56693, 0
56703, 0
56704, 0
56721, 2485846
56727, 3855073
56733, 0
56739, 0
56743, 0
56757, 1242980
56776, 0
56777, 0
56778, 4971962
56779, 0
56783, 0
56791, 0
56793, 0
56819, 3729091
56820, 0
56827, 17403106
56831, 0
56835, 0
56843, 0
56859, 0
56873, 0
56878, 1314513
56884, 0
56885, 0
56890, 0
56892, 0
56910, 0
56913, 3868320
56920, 27425695
56921, 7460534
56926, 0
56931, 0
56932, 1243526
56938, 7751164
56939, 0
56947, 0
56961, 2487043
56972, 0
56980, 0
56981, 0
56989, 1295764
56995, 0
57010, 0
57013, 0
57020, 0
57021, 0
57022, 0
57025, 0
57037, 0
57043, 0
57054, 0
57059, 0
57086, 0
57088, 0
57097, 1244144
57114, 0
57119, 0
57128, 0
57132, 1244152
57139, 0
57145, 1244153
57166, 0
57191, 0
57222, 1245475
57234, 0
57241, 8702417
57250, 0
57252, 0
57255, 12453159
57256, 4969588
57257, 0
57278, 0
57280, 6436071
57285, 1245175
57286, 0
57297, 0
57302, 0
57323, 0
57325, 0
57330, 1245468
57335, 0
57338, 0
57344, 0
57346, 0
57368, 0
57373, 0
57385, 0
57398, 10013349
57405, 6471912
57410, 1246741
57415, 0
57426, 0
57427, 1246755
57428, 2571580
57431, 0
57432, 2571513
57448, 0
57454, 0
57455, 0
57458, 0
57467, 0
57472, 1288204
57473, 0
57474, 1246776
57479, 0
57483, 0
57506, 0
57514, 0
57518, 0
57519, 0
57532, 0
57544, 0
57557, 0
57571, 2592517
57583, 111859370
57596, 0
57609, 0
57615, 0
57620, 0
57626, 0
57628, 0
57631, 0
57635, 1285775
57648, 0
57655, 0
57657, 0
57668, 0
57680, 0
57697, 0
57699, 0
57704, 0
57709, 0
57712, 2597710
57713, 0
57751, 0
57752, 1285770
57771, 3953795
57782, 0
57784, 0
57804, 10202232
57823, 0
57842, 17989256
57856, 0
57858, 0
57870, 0
57871, 0
57872, 0
57888, 0
57892, 1285060
57925, 0
57926, 0
57941, 0
57958, 0
57966, 0
57971, 0
57973, 5141855
57975, 0
57983, 1285168
57995, 0
58001, 0
58018, 7717925
58022, 0
58028, 0
58044, 0
58046, 0
58057, 1289180
58068, 0
58072, 1308251
58080, 0
58087, 0
58096, 30808507
58112, 0
58114, 0
58117, 0
58125, 3864488
58141, 0
58158, 0
58171, 0
58180, 0
58187, 0
58201, 0
58203, 13037682
58206, 0
58211, 0
58218, 3856120
58226, 0
58247, 0
58248, 0
58262, 0
58271, 0
58281, 0
58289, 0
58291, 0
58306, 0
58307, 7546483
58328, 1285510
58329, 0
58340, 0
58361, 2576518
58364, 0
58368, 0
58372, 1285524
58385, 0
58392, 0
58396, 0
58415, 0
58420, 0
58432, 0
58455, 0
58456, 0
58457, 0
58478, 0
58488, 0
58499, 3879966
58508, 1285764
58509, 0
58510, 0
58536, 0
58541, 0
58550, 1304395
58551, 0
58552, 0
58559, 0
58562, 0
58563, 0
58567, 0
58585, 0
58592, 0
58604, 0
58609, 0
58618, 0
58628, 7717643
58637, 1286304
58660, 0
58669, 2572613
58673, 0
58682, 7746346
58688, 3956441
58706, 0
58718, 0
58719, 0
58729, 0
58730, 0
58734, 0
58744, 0
58753, 0
58769, 0
58777, 7736987
58778, 0
58779, 0
58781, 0
58784, 1286347
58785, 0
58786, 0
58787, 0
58789, 0
58793, 0
58797, 0
58807, 0
58818, 0
58835, 0
58842, 0
58854, 0
58860, 0
58861, 1286578
58869, 0
58871, 1286571
58879, 0
58888, 0
58893, 0
58938, 0
58940, 1286582
58944, 0
58947, 0
58951, 0
58952, 5146496
58975, 0
58976, 0
58980, 0
58996, 0
59003, 0
59010, 0
59011, 0
59012, 0
59018, 0
59021, 0
59023, 0
59031, 0
59033, 0
59042, 0
59043, 0
59046, 0
59047, 0
59050, 0
59053, 0
59088, 0
59092, 0
59107, 1286647
59120, 0
59142, 0
59151, 2591238
59166, 0
59168, 0
59176, 0
59178, 0
59189, 1286774
59203, 0
59205, 0
59215, 1318863
59219, 0
59234, 0
59237, 0
59239, 1295750
59248, 30631604
59259, 0
59279, 0
59289, 1288224
59292, 0
59298, 0
59302, 1286881
59303, 13398229
59312, 0
59313, 0
59322, 1307283
59335, 0
59376, 0
59387, 0
60392, 0
60428, 0
60431, 0
60435, 2576199
60437, 0
60450, 0
60457, 0
60470, 0
60483, 0
60491, 0
60510, 0
60511, 0
60517, 0
60535, 0
60537, 0
60548, 0
60554, 0
60556, 0
60559, 0
60577, 2616460
60596, 0
60602, 0
60609, 0
60618, 21924513
60635, 0
60638, 0
60642, 0
60650, 1288067
60659, 0
60665, 36203450
60675, 0
60682, 0
60686, 0
60693, 0
60706, 0
60708, 0
60716, 0
60717, 0
60724, 0
60731, 0
60732, 0
60745, 0
60766, 2576335
60790, 0
60791, 0
60807, 0
60808, 0
60810, 3912879
60815, 1288225
60820, 0
60830, 0
60841, 1289176
60847, 0
60848, 1288229
60850, 0
60855, 1288239
60869, 0
60881, 0
60903, 0
60904, 0
60910, 0
60913, 0
60929, 0
60959, 0
60960, 0
60976, 1288243
60982, 0
60984, 0
60985, 23197813
60986, 0
60990, 0
61018, 0
61043, 0
61058, 0
61077, 0
61091, 0
61093, 0
61094, 0
61101, 1289220
61125, 0
61129, 0
61138, 0
61149, 0
61210, 1321978
61219, 0
61276, 0
61281, 2592398
61293, 1289562
61299, 0
61308, 0
61321, 0
61328, 2579392
61338, 0
61342, 0
61349, 0
61355, 1289679
61364, 0
61367, 1289681
61372, 0
61387, 0
61389, 0
61411, 0
61420, 0
61426, 0
61430, 0
61436, 0
61460, 0
61461, 0
61472, 0
61474, 0
61479, 1298148
61502, 0
61504, 0
61506, 1294876
61509, 0
61515, 0
61520, 0
61522, 3939889
61523, 0
61530, 0
61531, 0
61532, 0
61536, 2557288
61586, 0
61588, 0
61589, 0
61598, 0
61608, 0
61621, 0
61629, 0
61630, 0
61632, 0
61637, 0
61649, 0
61671, 0
61681, 0
61682, 0
61684, 0
61704, 0
61723, 0
61732, 0
61738, 1299826
61759, 0
61771, 0
61778, 0
61780, 0
61795, 1291899
61808, 0
61811, 0
61815, 0
61820, 1292031
61824, 0
61829, 0
61837, 0
61852, 1292040
61860, 0
61871, 0
61879, 0
61887, 0
61910, 0
61911, 0
61939, 60585618
61949, 0
61960, 0
61968, 1292042
61978, 0
61995, 0
62003, 5168211
62013, 0
62014, 0
62032, 0
62047, 0
62062, 0
62064, 0
62107, 0
62113, 1292755
62122, 0
62130, 0
62135, 0
62153, 0
62154, 2585515
62190, 0
62195, 0
62201, 0
62229, 0
62237, 0
62241, 0
62246, 0
62252, 0
62272, 0
62279, 0
62280, 0
62288, 0
62302, 0
62322, 0
62345, 0
62347, 0
62356, 1294865
62367, 10352902
62374, 0
62384, 1298161
62405, 0
62410, 0
62420, 0
62421, 0
62425, 0
62434, 0
62456, 0
62466, 0
62471, 14239378
62488, 0
62491, 2608686
62497, 0
62513, 0
62519, 0
62555, 0
62560, 7768936
62562, 11652360
62563, 0
62590, 0
62593, 0
62601, 1298146
62629, 21506609
62635, 0
62639, 0
62641, 0
62647, 0
62656, 1303408
62673, 1298122
62674, 0
62675, 66514696
62680, 8704479
62682, 0
62686, 0
62688, 0
62694, 0
62695, 1296295
62709, 3884697
62716, 0
62724, 0
62735, 0
62742, 0
62753, 1295044
62762, 0
62763, 0
62766, 0
62780, 0
62787, 0
62791, 0
62798, 0
62803, 0
62810, 14232256
62813, 0
62819, 0
62826, 5180492
62850, 0
63850, 0
63858, 0
63877, 23319232
63896, 0
63913, 0
63920, 0
63927, 0
63930, 0
63936, 0
63938, 0
63939, 0
63958, 0
63974, 0
63981, 0
63984, 2621968
63986, 0
63996, 0
64003, 0
64010, 0
64020, 0
64029, 0
64043, 0
64066, 0
64068, 0
64121, 0
64139, 0
64141, 1295756
64143, 0
64181, 0
64184, 0
64194, 1296133
64212, 0
64231, 0
64252, 0
64253, 0
64264, 0
64279, 0
64281, 0
64289, 0
64308, 0
64314, 0
64319, 0
64341, 0
64355, 0
64365, 0
64379, 0
64384, 1296141
64387, 0
64399, 0
64404, 0
64418, 0
64420, 0
64433, 0
64449, 0
64457, 0
64472, 0
64473, 0
64495, 0
64496, 0
64505, 0
64508, 0
64529, 4736236
64534, 0
64538, 0
64541, 0
64548, 0
64552, 0
64556, 0
64571, 0
64581, 1296287
64591, 1296288
64594, 1296294
64612, 0
64619, 0
64634, 0
64639, 0
64642, 0
64643, 0
64649, 0
64650, 0
64663, 0
64667, 0
64672, 0
64681, 0
64702, 0
64704, 0
64707, 0
65741, 0
65764, 0
65787, 0
65792, 0
65800, 0
65801, 1296308
65810, 1297983
65818, 1313261
65820, 0
65837, 0
65841, 0
65844, 0
65857, 0
65864, 1298089
65870, 0
65878, 1297355
65900, 0
65910, 0
65913, 0
65915, 70983611
65916, 0
65922, 0
65927, 0
65933, 0
65937, 0
65943, 1297359
65951, 0
65954, 0
65975, 0
65993, 0
65994, 0
65995, 7787648
66004, 0
66009, 5251851
66010, 0
66016, 0
66017, 0
66022, 0
66025, 0
66034, 1304649
66044, 2621364
66045, 0
66046, 0
66047, 1297976
66052, 0
66084, 0
66094, 0
66108, 0
66109, 0
66130, 0
66132, 0
66134, 0
66148, 0
66181, 0
66195, 0
66209, 0
66216, 0
66230, 0
66255, 0
66266, 0
66275, 0
66278, 0
66282, 0
66287, 0
66288, 1307660
66292, 0
66308, 3894330
66332, 0
66365, 0
66369, 0
66372, 0
66375, 0
66383, 0
66386, 0
66387, 0
66397, 0
66403, 0
66407, 0
66419, 0
66425, 0
66436, 0
66441, 0
66461, 0
66471, 0
66473, 0
66474, 0
66476, 0
66497, 0
66517, 0
66528, 3896331
66536, 2599673
66556, 0
66559, 0
66593, 0
66597, 0
66607, 13022699
66623, 0
66638, 0
66649, 1298177
66650, 0
66673, 0
66682, 0
66686, 1307161
66688, 22589152
66693, 0
66740, 0
66745, 0
66747, 0
66751, 0
66774, 0
66777, 0
66787, 0
66820, 0
66833, 1298797
66883, 0
66889, 0
66898, 0
66904, 0
66910, 0
66920, 1299773
66929, 0
66943, 0
66946, 0
66997, 0
67002, 1312616
67007, 0
67018, 0
67019, 0
67031, 0
67034, 0
67036, 0
67042, 0
67077, 0
67083, 0
67097, 0
67107, 0
67116, 0
67118, 0
67125, 1299828
67128, 0
67129, 0
67135, 0
67140, 1299834
67144, 0
67149, 0
67150, 0
67162, 0
67193, 0
68208, 3923446
68219, 0
68222, 0
68230, 0
68232, 0
68242, 0
68280, 0
68283, 0
68294, 0
68305, 22678949
68327, 0
68366, 0
68368, 0
68374, 5201075
68382, 0
68384, 0
68391, 0
68399, 0
68411, 0
68440, 0
68448, 1318886
68463, 0
68468, 0
68473, 0
68479, 0
68515, 0
68517, 0
68519, 1300794
68554, 0
68559, 0
68568, 0
68572, 0
68579, 0
68582, 0
68583, 0
68599, 0
68624, 0
68628, 0
68650, 0
68660, 1308450
68663, 2601328
68673, 0
68687, 0
68708, 0
68718, 0
68722, 7826271
68726, 0
68727, 0
68732, 0
68742, 0
68746, 0
68757, 0
68773, 0
68777, 0
68779, 0
68784, 0
68790, 0
68822, 1303141
68827, 0
68830, 0
68835, 1303147
68845, 0
68847, 0
68859, 0
68861, 0
68866, 0
68893, 0
68895, 0
68907, 0
68910, 3961889
68920, 0
68933, 1303465
68935, 2606984
68936, 0
68943, 0
68953, 1303412
68958, 11730636
68987, 0
69014, 0
69016, 0
69037, 11776389
69045, 0
69051, 1303582
69052, 0
69063, 0
69067, 0
69068, 0
69076, 0
69091, 0
69095, 0
69107, 0
69110, 0
69112, 0
69116, 0
69123, 0
69133, 0
69143, 0
69147, 0
69151, 0
69155, 0
69169, 0
69184, 0
69194, 14311697
69205, 0
69208, 0
69214, 1303594
69232, 0
69236, 1304068
69244, 0
69245, 2607902
69272, 0
69289, 1311872
69292, 1303955
69295, 0
69301, 0
69318, 0
69320, 0
69323, 0
69335, 0
69341, 0
69371, 0
69393, 0
69405, 0
69411, 0
69419, 0
69429, 0
69443, 0
69444, 0
69461, 0
69463, 0
69466, 1304364
69474, 0
69488, 0
69495, 0
69507, 6502454
69525, 0
69533, 6521621
69534, 0
69540, 0
69546, 0
69547, 1304296
69558, 0
69573, 0
69583, 0
69584, 0
69591, 1304359
69613, 0
69621, 0
69630, 1304362
69640, 0
69642, 0
69644, 0
69653, 0
69681, 0
69696, 0
69703, 0
69709, 1304393
69747, 1311870
69760, 0
69763, 1304944
69764, 0
69766, 0
69773, 0
69775, 1307853
69797, 0
69801, 0
69827, 0
69838, 0
69842, 0
69843, 0
69845, 0
69850, 5826985
69852, 1308237
69859, 0
69862, 0
69868, 0
69874, 0
69902, 0
69907, 0
69929, 1304643
69931, 0
69938, 0
69940, 10436881
69949, 0
69954, 0
69967, 0
69974, 0
69977, 9174875
69991, 0
69994, 0
69999, 0
70000, 0
70005, 0
70008, 0
70015, 0
70019, 3935521
70060, 3914429
70064, 0
70104, 0
70105, 0
70110, 0
70116, 0
70119, 0
70126, 0
70143, 0
70148, 0
70156, 0
70164, 0
70168, 0
70171, 0
70172, 0
70175, 0
70190, 1318323
70198, 0
70211, 9141612
70216, 0
70222, 0
70247, 1304649
70251, 0
70270, 0
70295, 0
70300, 0
70313, 0
70315, 0
70317, 0
70322, 0
70326, 0
70331, 0
70345, 1307163
70355, 26385596
70367, 0
70370, 1304681
70373, 0
70380, 0
70381, 0
70386, 0
70390, 0
70432, 0
70458, 0
70463, 0
70464, 0
70491, 0
70498, 3956275
70501, 0
70508, 1304687
70521, 0
70528, 0
70531, 0
70567, 1304942
70593, 0
70602, 0
70604, 0
70618, 78756058
70621, 0
70642, 0
70652, 0
70666, 0
70676, 1305668
70684, 0
70686, 0
70726, 0
70739, 62938485
70741, 0
70751, 2614392
70757, 0
70779, 0
70786, 0
70808, 106012092
70809, 0
70816, 1307162
70847, 0
70853, 1307200
70858, 0
70875, 0
70877, 0
70926, 0
70928, 0
70964, 13072178
70986, 0
70992, 0
70997, 0
71011, 10458033
71013, 0
71015, 0
71024, 0
71035, 0
71040, 0
71045, 0
71046, 1307293
71056, 0
71071, 0
71088, 0
71104, 1307291
71105, 0
71111, 0
71127, 0
71137, 0
71143, 0
71158, 0
71164, 0
71171, 0
71177, 0
71190, 0
71200, 0
71218, 0
71225, 9151744
71234, 0
71254, 0
72273, 0
72276, 0
72288, 11767802
72300, 0
72302, 1318857
72311, 0
72317, 0
72327, 0
72331, 0
72350, 0
72351, 0
73380, 0
73383, 0
73388, 7846587
73395, 0
73412, 0
73430, 19618401
73432, 0
73446, 0
73467, 0
73469, 0
73485, 0
73493, 0
73500, 2615702
73502, 0
73505, 0
73508, 0
73518, 0
73529, 1315160
73530, 0
73535, 0
73548, 0
73577, 0
73622, 1315140
73669, 0
73670, 0
73676, 0
73680, 1314422
73694, 0
73699, 0
73701, 0
73724, 0
73733, 0
73755, 1308115
73756, 0
73776, 0
73783, 0
73784, 0
73799, 0
73805, 0
73824, 0
73842, 0
73850, 0
73874, 0
73879, 0
73880, 0
73881, 0
73886, 0
73887, 0
73888, 0
73890, 5232753
73897, 0
73900, 0
73920, 1308225
73923, 0
73925, 0
73956, 0
73959, 0
73967, 0
73972, 10482281
73979, 1308260
73980, 3924765
74016, 0
74024, 0
74026, 1319715
74027, 0
74061, 0
74073, 1314519
74080, 0
74104, 0
74115, 0
74122, 0
74129, 0
74138, 2642430
74156, 5233248
74161, 0
74164, 0
74168, 0
74169, 0
74185, 1308342
74186, 0
74199, 0
74210, 0
74213, 0
74231, 0
74261, 1308411
74262, 1310212
74264, 0
74268, 6545722
74273, 0
74281, 0
74307, 0
74330, 20943417
74343, 0
74367, 0
74413, 0
74425, 0
74435, 0
74448, 0
74453, 0
74474, 0
74492, 0
74494, 0
74498, 1308445
74516, 0
74539, 0
74548, 0
74564, 0
74565, 0
74576, 0
74578, 0
74597, 0
74600, 0
74601, 0
74606, 1314432
74651, 0
74657, 0
74661, 0
74676, 0
74697, 0
74706, 0
74717, 0
74720, 0
74761, 0
74766, 0
74773, 0
74794, 0
74799, 0
74805, 0
74814, 0
74819, 0
74842, 0
74850, 0
74865, 0
74875, 0
74880, 0
74883, 0
74910, 0
74913, 0
74920, 0
74951, 0
75041, 0
75050, 0
75053, 0
75065, 0
75066, 0
75082, 0
75083, 0
75102, 0
75113, 0
75114, 0
75130, 6552126
75158, 0
75168, 0
75171, 0
75176, 0
75178, 1310674
75187, 0
75191, 0
75200, 0
75201, 0
75209, 0
75210, 0
75229, 0
75260, 0
75264, 0
75274, 1320693
75279, 0
75282, 0
75283, 0
75288, 0
75293, 10482979
75303, 0
75308, 0
75321, 0
75338, 2625409
75341, 0
75342, 0
75343, 0
75349, 0
75365, 0
75382, 3956384
75392, 0
75401, 0
75414, 0
75418, 0
75420, 0
75422, 13327333
75424, 0
75426, 0
75427, 0
75430, 0
75432, 3932977
75440, 0
75449, 0
75461, 0
75470, 0
75471, 0
75496, 1312594
75528, 0
75536, 0
75544, 0
75572, 0
75578, 0
75600, 0
75614, 0
75616, 3617104
75619, 5251596
75643, 0
75659, 0
75670, 0
75682, 0
75685, 3936769
75707, 0
75718, 0
75719, 0
75735, 27561476
75742, 0
75749, 11813186
75756, 0
75760, 0
75767, 0
75786, 0
75788, 1312666
75795, 0
75811, 0
75812, 0
75816, 0
75826, 0
75842, 0
75853, 1312846
75870, 0
75889, 0
75890, 0
75905, 0
75921, 0
75933, 1313286
75935, 0
75938, 0
75940, 0
75954, 0
75959, 0
75965, 0
75968, 0
75970, 0
76011, 0
76018, 0
76026, 0
76051, 0
76083, 0
76098, 0
76102, 10504203
76104, 0
76106, 0
76108, 0
76115, 0
76122, 0
76149, 0
76155, 0
76178, 0
76183, 0
76189, 0
76193, 0
76239, 0
76240, 1313265
76248, 1313280
76254, 0
76259, 0
76270, 0
76284, 0
76288, 0
76299, 0
76318, 0
76332, 0
76354, 0
76360, 0
76378, 0
76391, 0
76412, 1320591
76414, 0
76417, 0
76437, 0
76452, 0
76453, 0
76454, 0
76462, 0
76468, 0
76479, 141197050
76483, 1318322
76500, 0
76501, 0
76506, 1320017
76515, 0
76516, 0
76548, 0
76558, 2628321
76572, 1318503
76580, 0
76586, 1314163
76588, 0
76590, 0
76593, 1206410
76600, 2641828
76601, 0
76602, 0
76639, 0
76665, 0
76679, 0
76680, 0
76695, 0
76698, 0
76709, 0
76736, 0
76748, 2628929
76758, 0
76771, 0
76791, 0
76792, 0
76827, 0
76839, 0
76840, 0
76857, 1314485
76875, 0
76883, 1314487
76894, 0
76903, 0
76906, 0
77916, 0
77923, 0
77927, 0
77929, 0
77936, 0
77963, 0
77965, 0
77968, 0
77991, 0
78023, 0
78029, 0
78032, 0
78040, 0
78041, 0
78053, 0
78061, 10497809
78062, 0
78064, 0
78087, 0
78095, 2629008
78100, 0
78105, 0
78135, 1314514
78138, 0
78180, 2630284
78193, 0
78204, 1314515
78256, 0
78262, 0
78273, 24982067
78294, 0
78312, 0
78321, 0
78340, 0
78375, 0
78386, 0
78387, 0
78392, 0
78400, 1320619
78401, 0
78416, 0
78434, 2630347
78440, 0
78446, 0
78458, 0
78465, 1317921
78474, 1317919
78479, 0
78500, 0
78517, 0
78525, 59674638
78539, 0
78551, 0
78554, 11868524
78557, 0
78562, 0
78574, 0
78581, 0
78582, 0
78588, 0
78589, 0
78606, 0
78621, 0
78626, 0
78627, 0
78655, 1318521
78672, 0
78673, 1318586
78703, 0
78716, 0
78726, 2637154
78738, 0
78756, 0
78761, 0
78788, 0
78792, 0
78798, 0
78812, 0
78817, 0
78825, 0
78831, 1318589
78836, 0
78849, 0
78856, 0
78857, 0
78865, 0
78867, 0
78870, 0
78872, 0
79888, 0
79894, 0
79906, 1319759
79911, 0
79942, 0
79949, 1318885
79962, 0
79986, 0
79991, 1318603
80000, 7911853
80022, 0
80028, 0
80029, 0
80034, 0
80051, 0
80081, 1318678
80090, 0
80092, 0
80104, 0
80109, 0
80115, 0
80137, 0
80142, 0
80149, 0
80162, 0
80168, 0
80173, 0
80175, 0
80194, 0
80209, 0
80212, 0
80243, 0
80248, 0
80267, 0
80269, 0
80296, 2637555
80298, 0
80302, 0
80304, 0
80361, 0
80363, 0
80366, 0
80377, 0
80390, 0
80399, 0
80437, 0
80464, 1318807
80473, 0
80483, 0
80501, 0
80552, 0
80559, 0
80565, 0
80571, 0
80574, 0
80578, 0
80601, 0
80607, 0
80646, 0
80665, 1318859
80668, 3956606
80709, 0
80710, 0
80715, 0
80735, 1318878
80739, 0
80741, 0
80744, 71343
80774, 2637762
80790, 0
80819, 1320661
80842, 0
80871, 0
80874, 0
80891, 17166711
80894, 2641788
80912, 0
80925, 0
80940, 0
80965, 1320862
80975, 0
81011, 1319721
81051, 0
81052, 0
81077, 0
81090, 0
81100, 0
81101, 1319754
81103, 0
81107, 0
81109, 0
81130, 0
81136, 0
81143, 0
81148, 1319723
81151, 0
81169, 1321025
81177, 0
81220, 0
81224, 0
81243, 0
81250, 0
81258, 0
81262, 0
81263, 0
81273, 0
81285, 0
81293, 1321121
81309, 0
81311, 1319755
81332, 53825491
81335, 3962026
81368, 0
81376, 0
81400, 0
81401, 0
81412, 0
81414, 0
81415, 0
81421, 1320423
81434, 0
81448, 0
81488, 16040300
81489, 0
81490, 0
81520, 0
81527, 0
81528, 0
81529, 2640858
81533, 1321332
81567, 0
81573, 0
81577, 0
81583, 0
81587, 1321045
81613, 0
81629, 0
81632, 0
81636, 0
81639, 0
81703, 0
81709, 0
81710, 0
81745, 0
81758, 0
81760, 0
81776, 0
81815, 0
81819, 0
81838, 0
81841, 0
81854, 0
81856, 0
81857, 0
81860, 0
81895, 0
81901, 0
81903, 2641286
81920, 0
81927, 0
81934, 0
81970, 0
81978, 0
81986, 0
81998, 0
81999, 0
82010, 1321027
82019, 0
82032, 0
82045, 0
82048, 0
82056, 0
82057, 0
82067, 5282654
82095, 0
82104, 0
82122, 1321927
82143, 0
82171, 0
82173, 0
82179, 20383695
82192, 0
82193, 0
82201, 0
82207, 0
82229, 1321009
82233, 0
82250, 0
82270, 0
82276, 0
82307, 0
82318, 0
82320, 0
82323, 0
82338, 0
82341, 0
82343, 0
82358, 0
82370, 0
82376, 0
82420, 0
82435, 0
82441, 0
82443, 0
82450, 0
82484, 0
82497, 0
82500, 1320900
82504, 0
82505, 1320902
82510, 0
82520, 0
82544, 0
82546, 0
82560, 0
82561, 0
82573, 0
82583, 0
82584, 3962779
82588, 0
82595, 0
82616, 0
82627, 0
82645, 0
82649, 0
82650, 0
82653, 0
82664, 0
82666, 0
82672, 0
82685, 1321044
82691, 0
82704, 0
82719, 0
82742, 0
82800, 0
82801, 0
82814, 0
82816, 0
82821, 2641997
82840, 2642140
82843, 0
82851, 0
82852, 0
82884, 0
82886, 3963161
82904, 0
82925, 0
82928, 1321035
82929, 0
82930, 0
82938, 0
82947, 0
82959, 0
82960, 0
82966, 0
82990, 0
83013, 0
83017, 0
83025, 0
83033, 0
83036, 0
83038, 0
83060, 0
83061, 0
83081, 0
83098, 0
83122, 0
83134, 3963859
83153, 0
83161, 0
83174, 0
83186, 0
83189, 0
83191, 0
83206, 0
83211, 0
83215, 0
83236, 2642150
83246, 0
83260, 0
83290, 0
83300, 0
83314, 0
83320, 0
83341, 0
83361, 0
83362, 0
83377, 0
83382, 1321631
83385, 0
83392, 0
83428, 0
83446, 1321119
83457, 0
83484, 0
83515, 1321126
83519, 0
83524, 0
83554, 0
83561, 0
83579, 0
83581, 0
83598, 2642738
83608, 0
83633, 1321133
83640, 0
83645, 5285612
83662, 0
83670, 0
83671, 0
83673, 0
83742, 0
83781, 0
83783, 1321135
83786, 1321153
83833, 0
83838, 0
83844, 0
83849, 0
83857, 0
83878, 0
83880, 3963745
83883, 2642326
83897, 0
83898, 0
83901, 0
83929, 0
83939, 0
83947, 0
83948, 0
83967, 0
83971, 0
83977, 0
83983, 0
83994, 0
83999, 0
84001, 0
84004, 0
84008, 0
84012, 1321210
84018, 0
84044, 0
84065, 1321424
84068, 0
84088, 0
84090, 0
84098, 0
84114, 0
84137, 0
84144, 1321729
84149, 0
84152, 0
84154, 0
84179, 1321328
84182, 0
84210, 0
84225, 0
84230, 1321340
84240, 2642703
84245, 0
84274, 0
84277, 0
84288, 0
84292, 0
84296, 0
84311, 1321422
84351, 0
84353, 0
84371, 0
84385, 0
84389, 0
84390, 2643260
84404, 0
84415, 0
84430, 0
84439, 0
84475, 0
84494, 0
84499, 0
84500, 1321479
84543, 0
84549, 1321632
84560, 0
84568, 0
84572, 1321483
84575, 0
84576, 0
84616, 0
84637, 1321720
84664, 0
84670, 0
84700, 1321763
84714, 0
84747, 0
84753, 0
84759, 0
84768, 1322026
84772, 0
84846, 0
84847, 0
84874, 0
84881, 1321697
84911, 0
84952, 0
84961, 1321700
84966, 0
84989, 1321683
84990, 0
85020, 0
85022, 1321685
85045, 0
85047, 0
85059, 0
85079, 0
85120, 0
85122, 0
85130, 0
85136, 0
85140, 0
85143, 1321731
85170, 0
85181, 0
85182, 0
85198, 0
85222, 0
85239, 2643497
85242, 0
85244, 0
85258, 0
85277, 0
85288, 1321764
85294, 0
85322, 0
85329, 0
85355, 0
85361, 0
85372, 0
85379, 0
85386, 0
85402, 0
85403, 0
85428, 0
85430, 0
85461, 0
85489, 0
85500, 0
85509, 0
85531, 0
85535, 0
85539, 1321774
85554, 0
85570, 0
85578, 0
85592, 2643610
85606, 0
85616, 1321778
85651, 0
85652, 0
85659, 0
85681, 0
85682, 0
85707, 0
85711, 1321800
85758, 1321980
85776, 0
85783, 0
85784, 0
85789, 0
85801, 0
85804, 0
85818, 1321808
85834, 0
85913, 0
85969, 0
85970, 0
85988, 0
85989, 0
85994, 5287585
86008, 0
86059, 0
86078, 0
86121, 0
86131, 0
86142, 1321959
86270, 0
86277, 2643924
86283, 0
86285, 0
86291, 0
86309, 0
86315, 1321973
86318, 0
86358, 0
86362, 0
86387, 0
86393, 0
86397, 0
86413, 0
86429, 0
86463, 0
86491, 0
86505, 0
86507, 0
86526, 0
86573, 0
86581, 0
86596, 0
86616, 1321974
86649, 0
86657, 0
86661, 0
87737, 0
87778, 1321976
87779, 0
87803, 0
87821, 0
87889, 0
87893, 0
87904, 0
87907, 0
87910, 0
87966, 0
87983, 0
87994, 1321990
88007, 0
88048, 0
88104, 0
88117, 0
88160, 0
88163, 0
88172, 0
88173, 0
88188, 0
88215, 0
88227, 0
88337, 0
88352, 0
88355, 0
88356, 0
88381, 0
88427, 0
88484, 0
88489, 0
88499, 0
88516, 0
88531, 0
88573, 0
88576, 0

