1, 3683035
2, 882524
3, 4732430
7, 22
11, 2472318
16, 0
22, 8743610
25, 0
27, 1
32, 3275076
40, 0
45, 9935483
49, 72645254
51, 0
65, 426488
66, 8969084
75, 50540868
78, 173997054
83, 0
85, 0
88, 0
92, 959296
98, 0
100, 1651294
102, 3113233
109, 498312
110, 0
111, 0
121, 240462374
132, 57
136, 5111426
142, 433631
143, 0
175, 1843061
184, 11747373
211, 0
238, 79662670
239, 526574
250, 247247
255, 71
259, 996481
271, 467343
284, 16894732
288, 4
290, 566983850
296, 513382
297, 137304951
299, 2357956
300, 0
302, 0
303, 5705230
307, 358707
310, 0
317, 58898778
318, 6752289
321, 1250071
324, 0
327, 2
332, 1885828
333, 502044
340, 0
343, 6
344, 35370995
345, 934276
346, 12
348, 1587233
349, 6
351, 1479518
353, 14811820
359, 0
360, 34877730
362, 0
370, 5204107
373, 18
375, 0
377, 951587
379, 0
380, 4
381, 16007165
382, 921459
385, 37
386, 976170
391, 176570652
394, 4905634
396, 1611172
397, 0
398, 38485303
401, 0
402, 20260079
404, 0
405, 3193182
406, 13406980
408, 451608
412, 0
416, 0
421, 1
422, 0
424, 307114
425, 13
428, 2
429, 0
430, 0
431, 25932703
437, 8291259
439, 0
440, 298358
447, 0
448, 924962
450, 28360241
451, 18631606
454, 123711041
458, 1848479
459, 650178
460, 3250859
461, 1649520
467, 479561
468, 2422027
469, 282723
473, 6
477, 1559813
482, 0
484, 0
492, 0
493, 0
516, 0
519, 78877358
532, 0
577, 0
582, 2542942
586, 92958556
605, 488766
613, 93604970
622, 356159
625, 0
630, 11768279
634, 0
643, 23
644, 26145693
651, 955022
658, 4870387
675, 1699057
683, 76424176
689, 0
692, 0
695, 0
699, 0
703, 37515450
709, 500136
730, 0
733, 1772924
734, 0
745, 693460
750, 2965331
756, 0
763, 337090983
766, 160434267
767, 0
778, 1226694
788, 0
791, 6
792, 433766
797, 0
798, 664303
799, 0
800, 0
801, 41685015
802, 24
806, 13958083
812, 3
818, 496282
824, 7461573
825, 0
828, 623694
836, 0
840, 0
848, 451460
874, 0
881, 6
889, 222430
890, 0
908, 0
913, 0
915, 0
916, 0
919, 7202999
926, 0
934, 6375452
935, 1242381
940, 0
942, 1339584
943, 9484520
947, 451175
949, 0
952, 0
955, 55480102
956, 654602
960, 1651752
961, 0
970, 4308092
972, 4
979, 0
986, 15
987, 1068846
1004, 12340490
1015, 457167
1017, 2442347
1018, 0
1019, 0
1020, 0
1021, 1237360
1028, 0
1040, 5471735
1041, 0
1042, 0
1044, 20068836
1046, 141139
1047, 267131
1048, 1
1049, 1007001
1050, 68404059
1056, 24047037
1058, 1434578
1061, 3934819
1068, 6
1074, 1104671
1079, 238082
1094, 5354397
1095, 1488754
1096, 427116
1098, 0
1100, 0
1102, 2205317
1106, 28378752
1107, 7
1114, 571088
1119, 0
1121, 4331938
1123, 0
1131, 104925574
1143, 29
1148, 0
1149, 18161447
1162, 9980726
1171, 2
1172, 1009130
1176, 56209131
1179, 2775900
1182, 0
1185, 0
1186, 570935
1190, 27049958
1191, 0
1197, 351346
1198, 0
1199, 944445
1220, 1
1222, 0
1223, 368488
1228, 285892
1229, 0
1231, 1258773
1233, 6
1238, 427120
1243, 0
1245, 2413223
1256, 0
1261, 3231216
1266, 9381358
1273, 0
1281, 298046
1291, 3099239
1302, 297799
1305, 0
1306, 33643014
1310, 104560491
1320, 915146
1328, 979395
1335, 2953142
1340, 0
1345, 207981180
1353, 9048844
1355, 84105503
1358, 49867023
1363, 185402
1375, 0
1378, 3378513
1384, 13291254
1386, 0
1400, 368523
1407, 0
1409, 433298554
1434, 4
1437, 5536372
1441, 82198415
1445, 0
1446, 25443873
1448, 0
1450, 12667502
1459, 26554440
1463, 107826579
1464, 6267700
1465, 263965294
1467, 0
1474, 5566240
1478, 0
1481, 3567792
1483, 11788961
1492, 13953110
1508, 12749419
1528, 9126494
1532, 97588066
1536, 0
1539, 6
1540, 3689248
1546, 975015
1556, 3
1557, 5910528
1568, 1
1573, 73596888
1574, 0
1579, 0
1580, 0
1587, 12542782
1589, 0
1590, 1462093
1593, 2698825
1596, 0
1610, 0
1619, 0
1622, 608132
1626, 6
1631, 5272377
1643, 0
1646, 0
1648, 5421146
1649, 0
1650, 16771368
1651, 0
1657, 704824
1672, 1046994
1674, 4272457
1680, 0
1682, 23071684
1688, 7502077
1703, 4077993
1704, 0
1708, 2
1713, 0
1715, 9
1729, 752729
1737, 46123951
1763, 0
1777, 1504653
1797, 2487926
1811, 0
1816, 484909
1822, 0
1826, 1538190
1832, 1066385
1840, 2920454
1841, 5061845
1847, 31062804
1849, 1562215
1851, 1
1867, 457158
1874, 459784
1877, 1
1878, 489023
1887, 571105
1888, 0
1894, 2
1898, 40754541
1902, 0
1907, 2
1916, 360848
1936, 0
1937, 0
1939, 2364390
1944, 0
1946, 286979306
1947, 0
1953, 0
1956, 0
1967, 0
1969, 1914341
1979, 0
1982, 494598
1985, 1384484
1992, 2644323
1993, 32
1997, 959164
2000, 258103543
2003, 0
2004, 0
2008, 0
2011, 596433
2023, 0
2024, 11707162
2029, 297697
2035, 2739464
2036, 948530
2039, 32444855
2042, 7335897
2043, 2
2046, 0
2051, 58375442
2052, 2776085
2055, 1905850
2056, 465026
2060, 4
2063, 0
2081, 646727
2082, 16627108
2083, 969827
2089, 0
2095, 17002044
2096, 332137
2097, 1185467
2106, 1641711
2126, 0
2143, 1331980
2147, 22
2149, 0
2158, 0
2160, 0
2164, 0
2181, 0
2183, 1035889
2189, 0
2191, 44432041
2192, 2578658
2203, 117841
2206, 0
2209, 5755461
2215, 0
2218, 0
2225, 406958
2233, 16172180
2234, 6298664
2246, 0
2258, 0
2264, 4892015
2266, 0
2267, 0
2273, 7285651
2274, 0
2284, 10352485
2290, 103218531
2294, 4
2300, 0
2305, 0
2308, 337644
2310, 0
2312, 8
2327, 0
2348, 368516
2349, 4413386
2356, 489821
2361, 0
2362, 196
2363, 7311011
2365, 558830
2381, 324352
2383, 0
2384, 98123977
2386, 0
2389, 0
2391, 0
2436, 3550107
2454, 1
2455, 0
2467, 0
2480, 0
2481, 43434545
2497, 0
2502, 0
2503, 15517878
2508, 0
2510, 0
2525, 0
2530, 124717222
2533, 0
2536, 0
2554, 46416756
2555, 0
2562, 0
2565, 0
2570, 0
2575, 3255372
2576, 0
2578, 0
2579, 0
2586, 822885
2592, 0
2597, 0
2604, 3
2612, 433779
2620, 0
2622, 38203179
2623, 5318321
2625, 0
2627, 1031868
2628, 0
2631, 2821802
2642, 1676690
2663, 513251
2664, 7377989
2666, 14343020
2669, 6727190
2672, 100693058
2678, 2972450
2689, 1972319
2693, 0
2698, 977298
2699, 0
2720, 935111
2733, 5935175
2741, 0
2757, 0
2784, 5998904
2797, 0
2807, 47912931
2811, 24189052
2819, 1764088
2821, 92927110
2823, 13
2833, 0
2837, 10401354
2841, 563273787
2865, 3304270
2868, 1865421
2870, 1354685
2874, 47470839
2883, 0
2893, 18449156
2900, 2779170
2901, 0
2906, 3539642
2907, 0
2910, 0
2926, 199624407
2929, 0
2938, 1406694
2944, 0
2954, 95523331
2991, 0
3000, 0
3005, 168986
3011, 0
3020, 0
3027, 338069
3032, 3722138
3040, 4437175
3041, 7709631
3049, 116612
3054, 0
3056, 0
3058, 0
3072, 9
3075, 1
3077, 12254688
3092, 2940323
3102, 0
3106, 48538194
3108, 0
3118, 286262
3121, 3443261
3124, 503546
3132, 2218954
3143, 2
3160, 466984
3166, 477312
3168, 0
3199, 564869
3206, 4553214
3208, 3
3214, 2
3233, 1489055
3248, 1
3267, 0
3272, 43489802
3277, 0
3282, 0
3290, 1470252
3291, 0
3311, 0
3318, 710289
3319, 1606010
3324, 143543103
3326, 0
3332, 232000
3333, 13
3343, 2227955
3345, 0
3356, 0
3365, 4
3369, 0
3375, 2
3377, 0
3380, 266899
3384, 10169103
3394, 0
3396, 537572
3400, 4413022
3401, 530881
3402, 33427064
3403, 1
3405, 0
3409, 0
3441, 0
3448, 0
3460, 992290
3462, 462550
3465, 3188664
3473, 5580848
3475, 0
3478, 0
3485, 1960732
3493, 43008267
3494, 0
3502, 994529
3503, 15073636
3509, 3
3521, 49074527
3525, 1704948
3528, 37605871
3532, 0
3537, 0
3538, 467101
3544, 19992154
3545, 21383052
3546, 0
3547, 0
3557, 0
3568, 119813975
3569, 0
3593, 1236319
3602, 423211
3603, 1323382
3609, 0
3621, 126150534
3628, 0
3634, 4781433
3635, 0
3637, 0
3645, 0
3647, 0
3650, 3
3651, 4685580
3659, 1391832
3664, 0
3669, 0
3676, 2168119
3680, 0
3681, 0
3684, 312595217
3692, 0
3696, 0
3698, 0
3700, 0
3709, 1783329
3710, 469978
3711, 13261852
3723, 1726648
3736, 1
3753, 1056328
3755, 0
3757, 0
3759, 21
3773, 9979095
3775, 0
3777, 0
3787, 6070004
3801, 0
3803, 0
3808, 0
3811, 712546
3824, 433873
3837, 0
3840, 945986
3847, 47453578
3848, 1286819
3849, 0
3859, 3156145
3874, 4006116
3885, 0
3887, 0
3891, 6494436
3896, 1003467
3897, 1141948
3898, 0
3901, 31483869
3902, 750390
3903, 0
3922, 4218791
3926, 3806702
3928, 537086
3931, 660633
3945, 2558243
3948, 20965201
3958, 5178815
3959, 2550244
3960, 405719
3961, 623507
3969, 10196505
3970, 0
3977, 0
3983, 7
3988, 1023906
3992, 27336757
3993, 21677705
3995, 20139936
3996, 15131904
4000, 0
4002, 13158900
4003, 1510549
4020, 0
4031, 3
4036, 1
4040, 6039890
4042, 13605814
4047, 180
4048, 0
4053, 7087600
4054, 15652212
4067, 0
4069, 3823825
4078, 2327612
4080, 479289
4085, 264608
4086, 4082535
4087, 195310
4091, 0
4096, 77643692
4100, 12
4111, 1544031
4112, 973801
4117, 266350
4118, 18
4129, 528880
4137, 1171879
4140, 0
4144, 12378634
4149, 5887103
4158, 4134709
4162, 0
4164, 0
4165, 0
4170, 0
4177, 348525412
4180, 355150
4181, 500120
4183, 0
4191, 0
4194, 8
4220, 0
4221, 3
4231, 213530226
4235, 2
4241, 0
4245, 5316309
4246, 7153579
4250, 2
4262, 21
4281, 9
4298, 6374704
4304, 24
4312, 7383858
4315, 0
4325, 4553389
4333, 11972401
4336, 1668602
4338, 356264
4345, 4
4351, 5835365
4354, 11384240
4358, 0
4361, 0
4362, 56293756
4366, 959829
4375, 0
4384, 476637
4391, 0
4398, 23
4400, 0
4402, 6
4415, 0
4423, 45987584
4426, 0
4428, 9790290
4430, 0
4433, 233670
4438, 0
4446, 0
4463, 26449762
4466, 0
4477, 0
4486, 0
4494, 1
4500, 3
4503, 865533
4504, 1052486
4515, 0
4517, 5749077
4520, 0
4526, 0
4528, 39291289
4534, 0
4535, 1301292
4542, 502881
4555, 0
4556, 37649767
4558, 2207354
4566, 0
4568, 9
4572, 330664
4580, 2087558
4594, 951979
4600, 1281600
4608, 2
4614, 9494262
4619, 2554215
4621, 0
4622, 1057735
4624, 0
4639, 31131802
4642, 0
4643, 0
4648, 0
4649, 8995332
4653, 660799
4654, 0
4659, 598680
4661, 582
4672, 3389995
4677, 0
4690, 3718229
4692, 0
4696, 296816
4701, 488351
4706, 2545965
4707, 12229583
4709, 0
4716, 0
4718, 0
4720, 34724309
4721, 152976168
4745, 708435
4753, 655690
4758, 2864550
4760, 3007003
4763, 74248
4767, 137888
4769, 0
4789, 0
4790, 47415589
4794, 267567
4800, 4722513
4814, 1775329
4821, 0
4832, 13013101
4836, 513124
4842, 453551
4854, 0
4856, 478032
4872, 1769289
4874, 4696294
4878, 489293
4890, 0
4891, 0
4910, 931649
4923, 4364110
4925, 12
4928, 0
4933, 1
4948, 0
4953, 885703
4959, 346070
4960, 502368
4961, 72985470
4971, 4
4974, 0
4987, 80225
4991, 0
4994, 2692911
5002, 1323144
5010, 949544
5015, 2155631
5017, 10548356
5018, 882508
5031, 3045798
5034, 934219
5043, 0
5045, 1
5066, 721852
5069, 8
5072, 0
5081, 4
5082, 0
5090, 1
5091, 35740318
5092, 453232
5093, 1
5094, 40737715
5098, 338583
5100, 2740313
5101, 32073951
5124, 0
5142, 0
5147, 0
5152, 1786106
5153, 0
5175, 3609049
5181, 10
5199, 0
5200, 0
5206, 3333972
5210, 324373
5223, 981839
5229, 14582839
5239, 1685678
5259, 26997564
5260, 0
5263, 3874366
5267, 0
5274, 10233790
5279, 2
5281, 470503
5292, 0
5301, 18910288
5309, 15214197
5310, 1693830
5312, 2140410
5323, 2926521
5328, 485182
5332, 0
5337, 997677
5339, 370992
5340, 22805074
5360, 232115
5371, 325036
5378, 441184
5399, 0
5405, 0
5407, 107728
5413, 0
5420, 2952412
5428, 0
5429, 7
5431, 0
5433, 0
5442, 1069589
5450, 571829
5463, 1286918
5482, 921357
5495, 1026923
5496, 4
5498, 1456076
5505, 0
5506, 1622848
5513, 9515702
5516, 185125
5519, 445241
5523, 0
5531, 0
5534, 1377689
5542, 428592
5553, 3291827
5572, 1438812
5575, 798962
5583, 617176
5584, 0
5585, 687652
5587, 8713795
5609, 0
5621, 0
5626, 0
5627, 638108
5628, 2936977
5651, 0
5656, 266939
5659, 237491
5678, 1
5690, 73897858
5697, 15610993
5701, 113675
5708, 12
5709, 0
5710, 25
5712, 8387762
5714, 0
5723, 0
5730, 1
5732, 28060807
5734, 1196030
5735, 0
5736, 0
5738, 4
5740, 5410509
5743, 471792
5744, 8956295
5751, 0
5756, 13904241
5761, 1984376
5768, 0
5775, 918948
5782, 0
5784, 8
5789, 992313
5792, 1
5794, 0
5795, 0
5801, 477309
5810, 84383195
5813, 0
5831, 2376472
5849, 6
5860, 0
5869, 0
5873, 0
5878, 0
5883, 0
5887, 1323206
5896, 0
5901, 0
5903, 0
5917, 3351967
5935, 3
5937, 0
5941, 0
5952, 2850715
5963, 4623913
5970, 18
5984, 6
5986, 0
5993, 0
5998, 317329
6003, 0
6005, 2
6013, 298300
6015, 0
6023, 0
6027, 736924
6030, 0
6032, 48
6035, 1795114
6040, 1
6043, 19656244
6045, 951994
6046, 0
6048, 0
6062, 0
6066, 1
6074, 30
6084, 0
6085, 101269837
6089, 0
6094, 642551158
6096, 0
6101, 136441199
6107, 1027960
6113, 248439
6129, 0
6131, 0
6133, 1809018
6137, 0
6140, 4
6153, 14936148
6154, 1059988
6172, 0
6187, 0
6194, 2201125
6205, 12304430
6206, 1142664
6209, 0
6210, 1023285
6214, 5066433
6223, 0
6227, 0
6249, 719832
6250, 0
6254, 1331813
6262, 63672407
6269, 49288338
6278, 2002840
6301, 4667455
6316, 57834439
6325, 3
6330, 0
6339, 0
6342, 254238
6348, 356931
6355, 0
6357, 0
6360, 2641748
6363, 0
6382, 0
6395, 0
6400, 9
6415, 0
6427, 0
6430, 0
6451, 11436980
6460, 788544
6461, 0
6481, 1700747
6485, 0
6494, 1963383
6495, 2
6501, 0
6503, 5760901
6506, 87033375
6514, 1130831
6515, 535128
6517, 1026844
6521, 0
6522, 0
6531, 0
6545, 9693747
6569, 921234
6574, 883022
6575, 6
6594, 470495
6626, 0
6628, 0
6634, 0
6637, 0
6646, 4639801
6647, 10
6649, 488391
6651, 240
6658, 0
6666, 104392225
6668, 494920
6670, 0
6698, 11431148
6699, 0
6710, 4010773
6749, 0
6753, 8120844
6756, 1341452
6761, 5990982
6766, 2
6770, 912161
6771, 1507221
6772, 1522701
6774, 0
6776, 0
6779, 7272263
6781, 6
6789, 0
6794, 137029056
6797, 0
6801, 6
6813, 0
6818, 16699199
6827, 1206121
6831, 0
6836, 6
6842, 831000
6849, 16476111
6856, 25758661
6858, 0
6861, 0
6862, 998746
6871, 383634
6872, 0
6883, 0
6908, 0
6936, 52149950
6941, 10
6942, 492224
6948, 0
6949, 0
6950, 21549293
6951, 0
6953, 4993025
6976, 201474372
6986, 10031493
6998, 654814
6999, 1473697
7001, 6
7020, 0
7031, 1831423
7035, 0
7041, 2206089
7060, 0
7076, 3836695
7079, 0
7089, 3095725
7092, 3573782
7093, 0
7095, 330696
7103, 0
7108, 1764995
7110, 1926146
7120, 0
7126, 4102803
7133, 0
7139, 0
7144, 334786
7165, 507158
7170, 0
7193, 0
7206, 231403417
7209, 0
7252, 1493762
7263, 0
7265, 1289196
7269, 330611
7281, 0
7294, 3214947
7302, 9
7307, 11151524
7311, 4400873
7313, 13956105
7320, 0
7330, 0
7333, 18348169
7341, 2636801
7352, 0
7359, 0
7360, 3
7364, 0
7368, 1811925
7378, 28
7392, 18
7399, 15139198
7402, 2643941
7409, 0
7410, 10930753
7418, 1
7437, 783971
7442, 3330901
7443, 981802
7455, 3
7456, 0
7458, 19414423
7460, 18335265
7482, 0
7486, 0
7494, 1578180
7499, 0
7504, 0
7507, 1118417
7515, 0
7519, 551593
7521, 2623831
7527, 0
7530, 494857
7534, 0
7538, 0
7576, 1568311
7581, 511429
7591, 9176000
7599, 0
7602, 0
7607, 6367235
7626, 502045
7631, 3359666
7632, 0
7644, 3496744
7646, 1365042
7653, 0
7666, 10748691
7674, 0
7699, 81
7705, 0
7709, 4278647
7710, 5652456
7717, 1300767
7721, 0
7732, 330418
7736, 0
7743, 621730
7758, 0
7759, 6
7762, 3271748
7763, 12
7767, 475986
7772, 5547068
7776, 2
7780, 827603
7813, 1012159
7831, 0
7837, 0
7844, 0
7845, 4853154
7851, 282
7867, 0
7868, 10938323
7869, 0
7878, 250999
7894, 0
7895, 0
7915, 0
7923, 0
7932, 534947
7934, 0
7935, 464658
7949, 0
7952, 19473455
7966, 0
7967, 2444049
7982, 0
7991, 1849496
7998, 0
8003, 0
8008, 85666789
8027, 0
8032, 45174487
8047, 210580
8049, 0
8050, 0
8065, 0
8070, 1992641
8075, 0
8080, 350087
8084, 1799316
8092, 0
8103, 129417125
8106, 477094
8112, 0
8131, 3751963
8133, 139154998
8134, 0
8135, 3140818
8138, 0
8145, 0
8153, 0
8162, 0
8176, 4373847
8183, 954834
8187, 0
8188, 0
8196, 0
8212, 3915248
8217, 0
8234, 0
8250, 0
8252, 0
8272, 0
8276, 0
8320, 3081034
8337, 0
8338, 921938
8341, 0
8353, 0
8379, 1396922
8380, 477308
8381, 10069860
8382, 237149
8385, 162364243
8394, 1068431
8410, 1003657
8415, 0
8418, 0
8419, 4095021
8426, 0
8430, 269177123
8435, 13075504
8446, 0
8452, 0
8457, 0
8460, 0
8472, 0
8473, 973413
8479, 1000174
8494, 0
8508, 10346043
8537, 1222310
8549, 0
8588, 919821
8590, 12692806
8604, 2757055
8615, 0
8624, 0
8628, 1283221
8639, 477336
8646, 0
8648, 670136
8658, 0
8670, 433594
8671, 0
8680, 0
8687, 0
8699, 17967840
8707, 0
8719, 6802970
8721, 0
8725, 2386620
8726, 0
8737, 4993847
8739, 0
8755, 2861885
8756, 0
8761, 5381530
8769, 0
8784, 692206
8786, 0
8794, 0
8799, 91083925
8801, 0
8802, 0
8811, 2296475
8814, 0
8818, 3296704
8824, 0
8843, 4454454
8855, 0
8857, 6890599
8871, 0
8887, 32029633
8891, 1110821
8894, 813926
8899, 3409602
8906, 1784812
8914, 745866
8916, 2245937
8922, 2019956
8923, 0
8929, 1070655
8932, 0
8933, 0
8934, 0
8938, 595110
8942, 458120
8955, 475085
8974, 0
8991, 369016
8996, 0
9005, 0
9015, 0
9021, 1069062
9022, 913449
9024, 457913
9025, 148577120
9044, 0
9062, 0
9068, 25429770
9072, 305756442
9091, 6566930
9093, 1373886
9097, 0
9101, 712264
9102, 694271
9114, 0
9118, 0
9121, 0
9124, 0
9141, 1206138
9147, 0
9154, 0
9161, 0
9164, 36769871
9187, 0
9211, 564880
9232, 0
9245, 0
9246, 0
9248, 0
9253, 208642
9269, 1194364
9271, 464986
9275, 1026774
9300, 2201499
9304, 1828540
9305, 1837125
9316, 0
9317, 149394179
9324, 428102
9332, 0
9342, 0
9345, 0
9379, 0
9391, 496696
9401, 3544346
9404, 63939
9417, 6010767
9421, 0
9422, 0
9430, 0
9449, 8489892
9455, 1684592
9471, 222757
9479, 421419
9481, 647631
9485, 3040907
9502, 1586748
9504, 0
9514, 0
9516, 1481796
9534, 0
9547, 0
9550, 22268094
9552, 170324
9558, 0
9564, 264894
9565, 0
9581, 8309097
9611, 0
9617, 0
9645, 476025
9652, 12579029
9658, 476323
9661, 0
9663, 0
9672, 6485043
9679, 0
9694, 0
9712, 248635
9714, 0
9716, 0
9734, 0
9736, 0
9762, 0
9763, 0
9776, 0
9788, 343089
9800, 2007405
9804, 1376624
9833, 6504736
9836, 0
9840, 0
9842, 852211
9844, 0
9849, 3208030
9850, 346480
9852, 0
9858, 0
9871, 11750871
9878, 0
9890, 12824794
9891, 275778
9896, 6762559
9915, 0
9923, 0
9924, 35809201
9928, 10386473
9941, 0
9945, 508060
9946, 0
9947, 34394554
9960, 1293626
9961, 976903
9962, 0
9970, 2825960
9991, 0
10001, 462667
10007, 3834676
10028, 857705
10031, 0
10035, 47064691
10046, 952684
10049, 0
10052, 630584
10059, 4886022
10072, 433605
10076, 12016823
10083, 0
10086, 0
10090, 0
10095, 5665611
10104, 0
10111, 0
10146, 0
10147, 0
10174, 0
10178, 0
10194, 66809313
10199, 0
10201, 940904
10203, 0
10204, 0
10206, 346496
10211, 0
10217, 6666845
10219, 484640
10235, 0
10243, 3735839
10251, 0
10265, 8121507
10266, 2236258
10271, 0
10273, 0
10277, 334747
10280, 502106
10290, 15402887
10328, 281516
10330, 2149818
10332, 0
10333, 0
10335, 510186
10341, 0
10350, 0
10355, 0
10365, 11649453
10366, 20986012
10368, 3876696
10384, 503409
10400, 119399471
10423, 526775
10426, 0
10427, 1467855
10443, 0
10446, 368523083
10454, 6753595
10458, 2870009
10475, 3267751
10481, 692542
10482, 467139
10487, 0
10503, 88010635
10518, 0
10547, 992321
10583, 1109894
10591, 266342
10602, 0
10605, 1029456
10610, 11023277
10613, 0
10622, 0
10626, 0
10632, 0
10646, 496313
10661, 0
10662, 0
10665, 0
10671, 3592849
10682, 0
10696, 40492945
10701, 350289
10705, 506719
10707, 0
10708, 4464176
10712, 0
10714, 0
10718, 1149783
10729, 0
10735, 315025
10744, 1287099
10747, 0
10749, 0
10758, 745375
10762, 0
10774, 1915036
10779, 12510470
10792, 0
10811, 2543424
10812, 0
10819, 1651277
10828, 0
10833, 0
10839, 9941635
10847, 494709
10857, 1490638
10858, 235716
10862, 0
10867, 0
10875, 537753
10881, 698496
10893, 0
10898, 45859308
10903, 4142009
10909, 108444451
10920, 3925034
10934, 0
10937, 0
10941, 783967
10946, 0
10980, 3364692
10986, 988511
11002, 996339
11009, 2686802
11011, 0
11016, 633020
11025, 8632639
11026, 502043
11028, 1596872
11031, 0
11051, 0
11054, 36234403
11056, 2058683
11059, 1003422
11060, 0
11061, 0
11071, 0
11072, 752971
11081, 2557268
11084, 21300630
11097, 0
11100, 43589407
11105, 3195722
11115, 14349979
11124, 2258669
11134, 642399
11142, 724122138
11143, 0
11145, 17452650
11146, 2315954
11167, 0
11173, 0
11178, 441186
11183, 535261
11206, 6422116
11211, 0
11214, 0
11233, 1468777
11236, 0
11259, 0
11260, 23672169
11262, 0
11264, 0
11266, 625060
11273, 0
11286, 9172890
11290, 2042830
11300, 0
11317, 2719481
11332, 0
11359, 0
11361, 1074068
11368, 0
11376, 3525537
11392, 0
11394, 2419245
11395, 3045323
11398, 0
11409, 0
11417, 1458498
11426, 0
11437, 0
11444, 0
11445, 0
11449, 851973
11464, 534827
11475, 0
11500, 0
11504, 1301826
11521, 2062322
11540, 98230935
11541, 1309316
11546, 52564571
11552, 0
11555, 1430019
11576, 929724
11583, 484910
11599, 489293
11618, 368224
11632, 335024
11640, 78686497
11647, 503393
11661, 1329467
11670, 0
11674, 0
11682, 0
11684, 220169
11705, 0
11716, 1473343
11723, 0
11733, 1100817
11765, 20550379
11768, 9236816
11783, 0
11786, 908417
11791, 0
11825, 940458
11828, 2945217
11841, 0
11846, 996377
11854, 0
11856, 0
11859, 0
11863, 357439
11870, 0
11877, 3048074
11885, 3760887
11895, 0
11916, 0
11919, 69937773
11920, 448629
11926, 8529027
11927, 0
11928, 221882
11930, 0
11958, 0
11964, 0
11966, 1853022
11976, 1075734
11978, 0
11985, 0
11998, 0
12019, 2252801
12040, 0
12044, 0
12057, 0
12058, 0
12069, 0
12082, 991474
12087, 2509659
12106, 1636542
12107, 3046279
12120, 533735
12122, 522767
12126, 0
12129, 0
12138, 0
12156, 2179517
12163, 0
12166, 233054073
12168, 507679
12176, 19886941
12178, 17075778
12186, 0
12192, 0
12204, 0
12205, 0
12218, 453522
12248, 346279
12259, 360930
12261, 0
12264, 0
12265, 0
12281, 0
12296, 0
12301, 7948174
12310, 99943908
12336, 0
12337, 2110733
12341, 0
12349, 989008
12357, 6425258
12362, 0
12363, 0
12383, 0
12390, 1854032
12400, 286362
12402, 427194
12436, 0
12468, 0
12474, 0
12478, 0
12481, 143071070
12482, 0
12484, 0
12486, 5203875
12487, 847705
12489, 7366722
12498, 889766
12518, 0
12547, 8538698
12558, 0
12565, 0
12578, 0
12585, 0
12586, 1705098
12597, 0
12601, 1511667
12604, 0
12610, 2677821
12617, 2526297
12631, 0
12637, 0
12640, 0
12643, 5306496
12651, 0
12653, 1492764
12660, 0
12661, 0
12664, 3780739
12668, 7647671
12669, 311753
12674, 1282288
12688, 0
12693, 1849948
12694, 0
12699, 0
12705, 109937700
12706, 0
12709, 250907
12722, 0
12730, 0
12734, 0
12742, 0
12751, 0
12757, 3269685
12766, 0
12770, 911810
12773, 0
12793, 980210
12806, 282999
12818, 0
12823, 0
12824, 462644
12826, 5437310
12832, 318880
12858, 6611288
12860, 0
12861, 462493
12875, 508953
12878, 0
12884, 427070
12898, 8932260
12904, 974320
12905, 11695040
12909, 6712197
12914, 13558964
12922, 0
12930, 0
12947, 0
12952, 0
12968, 3291342
12969, 0
12971, 0
12976, 356135
12978, 12130910
12981, 712979
12983, 2252913
12996, 9311851
13014, 0
13022, 0
13025, 0
13027, 1387496
13042, 526373
13054, 0
13059, 0
13061, 1221445
13070, 23854865
13087, 0
13092, 814858
13093, 1143724
13099, 0
13108, 0
13111, 0
13113, 1260414
13119, 3084283
13121, 0
13127, 0
13132, 0
13139, 6742287
13151, 0
13161, 0
13168, 33317068
13173, 0
13185, 488878
13215, 2800436
13238, 0
13244, 1420142
13245, 0
13263, 0
13265, 143934837
13268, 12707957
13284, 0
13289, 0
13292, 0
13302, 0
13326, 531060
13338, 0
13351, 4396576
13353, 0
13356, 9930647
13360, 0
13363, 235717
13381, 0
13388, 692562
13392, 0
13400, 0
13403, 0
13404, 0
13410, 1109520
13411, 0
13419, 0
13431, 337753
13439, 0
13441, 48136722
13456, 0
13462, 5190999
13464, 0
13467, 0
13475, 0
13480, 21210908
13481, 282735
13488, 1804121
13506, 2035014
13508, 406282
13525, 0
13542, 1953823
13552, 2650197
13559, 5748107
13566, 889930
13625, 46903020
13626, 0
13639, 0
13640, 0
13641, 1007213
13647, 3326714
13650, 16283872
13653, 1427643
13694, 15020630
13707, 467692
13718, 921200
13729, 0
13731, 848168
13733, 0
13736, 325130
13741, 185459
13742, 0
13753, 1367449
13756, 0
13762, 0
13763, 5450228
13767, 1507123
13776, 0
13782, 0
13796, 0
13803, 1490673
13809, 25324383
13816, 0
13822, 0
13824, 0
13825, 0
13827, 0
13828, 0
13832, 8298988
13835, 0
13842, 192945
13853, 0
13859, 0
13863, 0
13874, 0
13878, 173755
13886, 488978
13890, 463081
13898, 2521216
13904, 1394759
13910, 0
13917, 535262
13921, 0
13923, 23453496
13946, 1849730
13947, 747649
13961, 0
13972, 54142165
13992, 0
14000, 0
14006, 638404
14008, 309895
14009, 475953
14024, 31264067
14031, 0
14037, 157233
14063, 0
14094, 104958168
14098, 441224
14101, 0
14105, 1273907
14107, 0
14111, 0
14114, 0
14120, 506971
14124, 0
14143, 1818254
14163, 0
14166, 1294845
14167, 20699927
14171, 3679398
14175, 0
14181, 0
14202, 0
14207, 0
14210, 2158203
14211, 349649
14214, 0
14220, 0
14230, 0
14233, 0
14235, 1054098
14243, 0
14246, 0
14250, 0
14251, 0
14266, 0
14288, 0
14302, 4611394
14304, 0
14309, 0
14319, 0
14334, 0
14340, 11061149
14349, 0
14358, 0
14359, 0
14361, 0
14379, 2582910
14385, 0
14390, 0
14414, 479947
14415, 0
14432, 1435710
14436, 286618
14440, 509831
14447, 14524436
14450, 21856851
14454, 6991020
14467, 457578
14484, 0
14490, 1389291
14493, 1871367
14494, 0
14497, 29320695
14500, 0
14508, 0
14514, 6639399
14515, 2049290
14517, 0
14547, 4906524
14549, 349648
14551, 2076563
14552, 3115977
14563, 0
14566, 0
14574, 0
14579, 0
14581, 0
14626, 0
14639, 0
14653, 1634530
14672, 9119549
14674, 0
14681, 465145
14705, 0
14726, 912005
14735, 0
14740, 0
14744, 0
14756, 0
14758, 0
14763, 0
14807, 0
14812, 0
14814, 0
14830, 137786075
14835, 6558554
14840, 0
14848, 0
14854, 0
14869, 529194
14875, 5851217
14878, 0
14885, 0
14891, 460586
14901, 8705332
14913, 865598
14915, 29376441
14925, 0
14939, 0
14941, 0
14965, 0
14967, 298137
14969, 6647002
14974, 0
14976, 0
15006, 0
15020, 504816
15023, 1334750
15032, 0
15054, 4300556
15056, 0
15073, 0
15120, 0
15124, 5737001
15125, 1040324
15129, 12809457
15133, 2019386
15139, 1386078
15155, 0
15184, 0
15187, 713872
15192, 0
15197, 222814
15199, 1274187
15200, 0
15213, 0
15214, 0
15231, 0
15232, 470276
15234, 0
15235, 1996016
15242, 31622541
15280, 0
15289, 798451
15292, 0
15293, 38835547
15296, 0
15311, 0
15323, 0
15327, 1621052
15331, 0
15334, 0
15342, 0
15365, 0
15385, 0
15388, 1899013
15398, 1102851
15404, 0
15405, 0
15411, 0
15415, 949516
15424, 494681
15432, 0
15453, 0
15466, 0
15478, 424397
15482, 2423238
15503, 885023
15506, 0
15512, 2057361
15516, 9160622
15517, 3633741
15540, 0
15541, 915574
15551, 4518000
15561, 1048995
15566, 1950941
15570, 0
15575, 0
15581, 0
15597, 1951107
15599, 0
15606, 1584901
15620, 0
15629, 15374950
15630, 2002357
15650, 523617
15666, 0
15672, 0
15673, 0
15684, 954692
15689, 0
15690, 0
15692, 0
15704, 0
15711, 359897
15713, 0
15728, 0
15735, 325902
15743, 22696083
15752, 0
15753, 0
15770, 8448051
15780, 89367
15782, 0
15792, 1378781
15811, 0
15814, 478753
15819, 53500331
15825, 0
15833, 0
15837, 19945604
15856, 347144
15857, 0
15864, 275725
15882, 0
15884, 507674
15887, 1907581
15893, 0
15896, 0
15899, 1192892
15915, 10329434
15934, 419946266
15935, 450586
15946, 0
15970, 0
15980, 7704304
15997, 0
16002, 934780
16007, 546319
16018, 0
16019, 1912036
16031, 296194
16033, 3476392
16035, 1370078
16040, 0
16046, 24170189
16049, 1029428
16054, 534674
16062, 0
16082, 0
16107, 501731
16109, 0
16120, 467106
16134, 1882246
16143, 0
16144, 0
16178, 0
16181, 0
16183, 951898
16185, 1828922
16193, 0
16215, 5043453
16267, 0
16270, 0
16292, 330727
16301, 0
16302, 0
16321, 1022551
16323, 4479013
16325, 0
16326, 3658370
16348, 0
16356, 520078
16371, 0
16389, 990187
16409, 2724694
16411, 0
16419, 0
16422, 0
16425, 0
16444, 0
16445, 0
16447, 0
16450, 0
16464, 0
16475, 0
16503, 0
16504, 3676228
16508, 0
16510, 0
16516, 105374
16517, 0
16518, 2729347
16533, 0
16537, 27080466
16545, 0
16548, 0
16554, 360912
16557, 2042220
16571, 1328490
16578, 0
16591, 0
16596, 0
16607, 0
16615, 333134
16628, 537770
16639, 0
16649, 0
16659, 933613
16674, 0
16678, 0
16684, 0
16702, 27736430
16716, 315028
16722, 501805
16750, 0
16751, 619630
16758, 538305
16761, 454999
16762, 457581
16766, 0
16767, 0
16773, 0
16785, 1370143
16789, 0
16792, 0
16793, 0
16797, 0
16801, 0
16804, 1534900
16830, 1719192
16839, 0
16841, 0
16852, 0
16857, 4917885
16858, 9449572
16882, 0
16888, 4310250
16897, 0
16913, 0
16914, 0
16931, 0
16934, 0
16943, 14533813
16944, 0
16946, 0
16959, 445170
16971, 0
16976, 0
16981, 0
16988, 0
16989, 0
17009, 0
17020, 0
17022, 0
17029, 1023442
17035, 302139
17036, 0
17047, 4262694
17051, 671548
17053, 0
17064, 3349045
17073, 0
17083, 6759599
17085, 0
17086, 0
17099, 0
17111, 710070
17113, 0
17114, 2298965
17118, 5221574
17121, 3308287
17146, 0
17150, 369680
17164, 31389028
17165, 466795
17169, 0
17173, 0
17176, 0
17188, 0
17218, 0
17219, 1265135
17243, 0
17246, 1172681
17253, 0
17260, 6527030
17261, 3825719
17263, 2382415
17265, 0
17267, 90426
17294, 0
17308, 91710475
17309, 0
17350, 1272957
17353, 957575
17361, 0
17386, 0
17416, 0
17456, 0
17457, 597038
17460, 0
17462, 0
17465, 277775
17476, 351358
17479, 0
17481, 0
17492, 719502
17495, 1359555
17498, 827023
17500, 0
17503, 3480107
17506, 462519
17507, 1080065
17508, 1521455
17509, 2383104
17513, 0
17515, 0
17518, 0
17526, 0
17532, 0
17539, 0
17547, 0
17549, 0
17551, 369015
17565, 406861
17581, 9199050
17588, 311687
17596, 649899
17599, 369873
17600, 0
17602, 0
17614, 267340
17630, 0
17637, 186211
17644, 427451
17651, 0
17653, 0
17660, 1774910
17673, 5526191
17691, 0
17697, 0
17704, 0
17706, 0
17708, 0
17734, 4546673
17760, 0
17768, 0
17773, 1197065
17774, 0
17778, 391979
17780, 423593
17787, 6877841
17800, 0
17803, 0
17806, 596674
17812, 5552877
17822, 0
17836, 6623982
17845, 795672
17846, 0
17847, 2869432
17868, 2539926
17875, 692162
17876, 924212
17879, 4259194
17883, 537116
17896, 3782227
17901, 2963475
17907, 28206414
17913, 5436956
17930, 0
17931, 0
17945, 0
17952, 0
17965, 494667
17968, 0
17971, 0
17980, 0
17988, 25859193
17998, 0
18000, 2981720
18013, 6636574
18017, 941940
18030, 92301
18032, 0
18036, 0
18041, 0
18044, 0
18048, 4810233
18050, 2783089
18054, 0
18057, 0
18060, 650156453
18086, 8277461
18100, 0
18108, 0
18116, 2215419
18117, 2138794
18119, 507375
18128, 3351627
18129, 1466685
18131, 1452732
18137, 0
18161, 0
18180, 0
18181, 0
18183, 4550708
18198, 0
18207, 489479
18229, 0
18237, 0
18238, 32443093
18240, 0
18245, 0
18256, 826111
18263, 287390249
18279, 0
18286, 1864653
18289, 0
18291, 0
18301, 0
18305, 319480
18322, 0
18349, 347143
18355, 852091
18372, 0
18376, 0
18380, 660797
18384, 655677
18394, 0
18403, 286616
18420, 1429992
18435, 0
18447, 1052905
18457, 0
18459, 0
18465, 13102351
18474, 298298
18478, 503537
18483, 0
18494, 597804
18496, 4022249
18498, 0
18503, 279373
18512, 1879587
18513, 0
18516, 0
18542, 1452969
18560, 0
18571, 7142620
18583, 0
18589, 1226320
18592, 0
18595, 0
18598, 0
18606, 0
18610, 0
18626, 0
18628, 2633012
18643, 1870666
18645, 0
18648, 0
18653, 0
18659, 0
18662, 0
18678, 0
18682, 0
18692, 0
18693, 245161
18698, 2288209
18702, 513390
18705, 503496
18717, 2644658
18730, 264605
18739, 14223124
18744, 2040576
18749, 0
18755, 0
18756, 3726869
18761, 0
18785, 0
18801, 669427
18805, 0
18810, 0
18811, 0
18812, 266889
18814, 4440815
18815, 0
18823, 3136344
18827, 0
18834, 0
18835, 0
18836, 655741
18844, 470362
18850, 6066071
18862, 0
18871, 0
18879, 504813
18903, 0
18906, 0
18910, 0
18929, 0
18931, 457564
18938, 212332
18939, 2029830
18942, 0
18943, 13520659
18950, 0
18951, 311845
18965, 0
18968, 0
18969, 343628
18970, 3018155
18974, 12819250
18995, 0
19007, 0
19008, 253374
19011, 0
19012, 0
19029, 3167751
19033, 0
19037, 383470
19043, 0
19045, 2814460
19048, 267483
19051, 1185156
19071, 1860361
19072, 0
19073, 0
19075, 14083194
19076, 0
19077, 248051
19078, 8093228
19082, 0
19088, 431901
19092, 0
19096, 0
19106, 0
19113, 1562001
19133, 459476
19142, 4605137
19145, 0
19149, 0
19152, 0
19162, 0
19172, 9067104
19176, 499991
19186, 6437057
19189, 0
19205, 661400
19213, 0
19215, 0
19224, 0
19229, 0
19243, 0
19252, 0
19276, 2315311
19282, 0
19294, 916237
19313, 2543837
19318, 0
19325, 992206
19334, 0
19354, 0
19355, 950221
19363, 0
19367, 736898
19368, 1852843
19369, 0
19370, 0
19379, 104318
19394, 488869
19398, 0
19399, 335250
19404, 0
19407, 0
19409, 0
19419, 0
19421, 1405633
19425, 0
19426, 62650
19431, 0
19432, 0
19433, 383546
19435, 0
19440, 0
19441, 0
19442, 127871
19443, 0
19444, 152711
19447, 0
19452, 0
19453, 0
19457, 0
19458, 0
19464, 0
19471, 2600663
19475, 48136786
19480, 0
19481, 582958
19483, 0
19484, 0
19493, 1182812
19495, 0
19498, 0
19501, 0
19503, 0
19510, 0
19512, 403122
19515, 0
19516, 764791
19518, 0
19520, 1911220
19523, 141220
19524, 0
19530, 142363
19534, 1026275
19538, 0
19541, 0
19544, 650032
19545, 0
19546, 12532213
19548, 664777
19550, 0
19555, 1256277
19558, 1299881
19564, 158147
19565, 0
19576, 321216
19579, 0
19582, 162946
19588, 0
19592, 0
19593, 2753632
19595, 0
19597, 0
19598, 0
19601, 0
19604, 868843
19607, 0
19611, 0
19612, 0
19614, 0
19617, 0
19620, 183941
19624, 0
19634, 0
19637, 0
19639, 184228
19642, 1246940
19643, 552766
19647, 0
19649, 506101
19651, 0
19654, 926073
19655, 556231
19658, 185782
19664, 934246
19671, 2121847
19673, 0
19680, 195473
19683, 1369844
19684, 496496
19686, 0
19688, 195841
19689, 894778
19691, 306583
19693, 0
19695, 199016
19702, 621867
19706, 614802
19708, 0
19719, 0
19724, 0
19727, 0
19729, 3681492
19731, 0
19732, 212187
19744, 0
19746, 0
19750, 0
19756, 0
19757, 660071
19765, 0
19767, 0
19770, 956530
19774, 360813
19778, 0
19781, 0
19782, 0
19783, 3446308
19784, 0
19785, 0
19789, 0
19793, 222437
19795, 1779787
19796, 0
19801, 1666870
19821, 0
19822, 235718
19829, 1483802
19830, 0
19836, 0
19838, 687039
19842, 0
19844, 12268581
19848, 0
19850, 0
19853, 0
19860, 4771324
19861, 0
19862, 0
19864, 10820308
19872, 0
19874, 4254103
19875, 0
19877, 0
19880, 474646
19881, 0
19882, 0
19885, 15852992
19894, 237551
19897, 0
19898, 0
19899, 2217056
19901, 237561
19902, 0
19905, 0
19921, 0
19923, 0
19926, 2166454
19927, 0
19928, 0
19929, 0
19934, 0
19938, 240796
19943, 0
19945, 489270
19949, 16254054
19950, 0
19957, 490216
19958, 0
19959, 0
19964, 1505862
19965, 745891
19969, 0
19973, 0
19977, 245167
19980, 245172
19985, 0
19988, 494441
19992, 0
19995, 494422
20001, 247332
20004, 247822
20005, 0
20008, 248494
20012, 0
20021, 249159
20024, 249163
20026, 0
20027, 0
20031, 3493788
20033, 356921
20038, 0
20042, 0
20045, 506633
20049, 506084
20052, 3469723
20062, 2533349
20063, 0
20065, 0
20072, 0
20074, 506744
20082, 0
20084, 0
20085, 0
20087, 253887
20097, 0
20100, 258868
20101, 0
20102, 0
20103, 957177
20105, 1959834
20107, 0
20108, 1020249
20111, 264613
20117, 529631
20125, 0
20127, 265805
20144, 0
20152, 0
20167, 0
20173, 534172
20174, 7406515
20175, 0
20177, 0
20183, 267328
20186, 16712954
20187, 534666
20196, 3144808
20204, 0
20207, 0
20208, 0
20215, 20289729
20216, 1651456
20221, 0
20225, 0
20228, 863497
20233, 4435546
20234, 0
20242, 5699051
20244, 0
20247, 0
20255, 827535
20258, 0
20262, 0
20264, 1666570
20267, 277774
20272, 6126128
20274, 278441
20276, 0
20281, 2235678
20284, 0
20295, 0
20300, 1765077
20302, 61482167
20307, 0
20311, 0
20325, 0
20332, 282460
20341, 661413
20343, 59184038
20346, 565430
20347, 0
20349, 0
20353, 0
20356, 0
20358, 283001
20360, 0
20364, 0
20367, 284566
20369, 569248
20381, 571669
20382, 510123
20384, 0
20387, 0
20388, 1916598
20391, 5101131
20403, 286060
20404, 0
20405, 0
20411, 0
20412, 0
20413, 0
20417, 1431751
20418, 0
20421, 362127
20424, 0
20431, 2348586
20435, 1176309
20436, 297552
20443, 460210
20445, 0
20456, 0
20458, 0
20466, 0
20468, 0
20470, 893129
20471, 0
20473, 0
20475, 933700
20483, 297795
20484, 0
20489, 0
20491, 970367
20497, 0
20498, 0
20500, 0
20501, 0
20502, 0
20504, 595764
20506, 0
20507, 0
20514, 0
20516, 39785313
20517, 0
20519, 298026
20522, 298037
20528, 0
20529, 0
20532, 0
20541, 0
20544, 0
20545, 0
20546, 0
20550, 1400076
20557, 7511565
20561, 1509404
20564, 905683
20565, 0
20568, 4258132
20569, 0
20589, 304601
20592, 0
20595, 13464364
20597, 13604679
20598, 4324005
20603, 0
20610, 0
20620, 0
20626, 0
20631, 0
20632, 0
20638, 1839381
20639, 0
20643, 613190
20645, 0
20646, 0
20649, 0
20651, 306646
20652, 0
20674, 0
20684, 0
20687, 1534097
20692, 1260661
20696, 0
20697, 0
20709, 0
20716, 10652093
20721, 0
20724, 1842604
20726, 0
20729, 8067142
20732, 0
20742, 0
20744, 0
20746, 2493220
20748, 0
20750, 713464
20752, 307200
20753, 614367
20754, 3693527
20756, 0
20757, 8013324
20761, 0
20764, 312508
20768, 0
20769, 0
20777, 0
20781, 1070048
20782, 1597159
20783, 2253060
20787, 133420126
20788, 0
20792, 0
20793, 9336967
20795, 0
20801, 0
20803, 6487717
20804, 0
20809, 0
20812, 0
20816, 0
20817, 0
20818, 1246778
20821, 623411
20823, 623470
20829, 0
20831, 630411
20835, 0
20838, 0
20840, 0
20850, 311849
20851, 0
20865, 686329
20869, 0
20872, 0
20879, 312512
20883, 2201250
20884, 0
20886, 7235895
20887, 629367
20889, 0
20894, 0
20897, 315037
20903, 0
20913, 0
20919, 945351
20920, 0
20921, 315127
20923, 0
20928, 945712
20929, 0
20937, 0
20940, 0
20941, 0
20943, 0
20947, 8201199
20948, 0
20956, 1369314
20961, 316969
20978, 1788592
20979, 0
20980, 0
20989, 954395
20990, 318045
20994, 0
20995, 3243844
20997, 636366
20999, 0
21000, 0
21005, 0
21007, 1272874
21014, 0
21020, 0
21024, 0
21028, 1623634
21029, 5371119
21030, 0
21037, 0
21051, 10080865
21054, 638201
21055, 319104
21058, 520080
21059, 8829340
21061, 0
21069, 319363
21070, 2235722
21073, 0
21075, 0
21080, 0
21083, 958496
21084, 0
21090, 18832010
21094, 0
21095, 102266060
21108, 0
21110, 0
21114, 0
21117, 973063
21119, 0
21122, 0
21123, 80501664
21134, 0
21136, 4811878
21137, 0
21144, 1322467
21146, 335092
21147, 0
21148, 0
21152, 0
21155, 1915208
21162, 4875915
21163, 338283
21167, 1387508
21172, 449843
21176, 325133
21177, 0
21178, 0
21179, 980811
21180, 1481710
21182, 0
21183, 326942
21184, 0
21188, 0
21189, 0
21190, 0
21193, 0
21194, 0
21197, 327294
21199, 327288
21201, 0
21202, 654598
21214, 0
21226, 0
21228, 327504
21230, 0
21231, 0
21239, 0
21242, 0
21244, 655655
21254, 6906758
21255, 0
21256, 0
21258, 1092814
21260, 0
21264, 0
21265, 2740247
21268, 0
21269, 0
21271, 1488386
21272, 0
21273, 0
21275, 0
21277, 1021829
21278, 0
21284, 0
21290, 984168
21291, 1680165
21300, 0
21302, 4889134
21315, 0
21322, 0
21325, 330274
21328, 330308
21330, 0
21333, 330286
21335, 991000
21337, 0
21339, 1421602
21340, 991097
21346, 0
21347, 0
21349, 15678646
21356, 0
21366, 0
21367, 0
21369, 3312589
21374, 1983997
21375, 0
21377, 0
21395, 0
21398, 0
21399, 332531
21405, 0
21406, 332140
21420, 0
21422, 0
21424, 0
21426, 0
21428, 0
21430, 0
21435, 0
21437, 332530
21452, 2330963
21462, 424746
21463, 0
21464, 0
21480, 0
21481, 0
21482, 333739
21483, 0
21488, 0
21491, 0
21494, 333347
21505, 1742613
21513, 0
21517, 0
21519, 2499289
21522, 6777906
21523, 2672477
21530, 0
21532, 0
21534, 668985
21536, 0
21538, 0
21546, 334513
21551, 1759543
21553, 0
21556, 0
21564, 4967025
21566, 496869
21568, 0
21574, 41318577
21575, 2008136
21580, 0
21586, 1004220
21596, 4689248
21601, 0
21603, 0
21604, 0
21606, 0
21610, 0
21613, 335089
21619, 0
21621, 0
21623, 0
21629, 0
21637, 0
21641, 0
21643, 1005974
21652, 0
21655, 1066371
21656, 0
21661, 0
21662, 0
21663, 0
21665, 0
21671, 0
21673, 1388830
21675, 0
21676, 0
21683, 0
21684, 354789269
21685, 0
21688, 452994
21690, 0
21692, 0
21697, 500019
21698, 0
21700, 1340522
21701, 0
21702, 0
21706, 1364910
21708, 338071
21710, 686157
21711, 0
21719, 338585
21724, 23364422
21733, 0
21734, 682382
21740, 0
21746, 0
21753, 1029251
21773, 0
21774, 0
21777, 0
21778, 0
21779, 464872
21781, 0
21785, 0
21787, 0
21793, 0
21794, 0
21795, 0
21797, 343162
21800, 12667679
21804, 0
21808, 1030383
21810, 346446
21814, 0
21815, 15119637
21816, 6931330
21823, 0
21825, 687029
21827, 0
21844, 343848
21846, 0
21854, 346273
21857, 39104946
21858, 1055683
21864, 0
21868, 0
21869, 0
21870, 503520
21876, 0
21884, 1070570
21885, 0
21892, 0
21896, 0
21898, 0
21900, 0
21902, 1260384
21907, 16185930
21909, 0
21913, 346275
21919, 0
21920, 346277
21925, 0
21929, 346445
21933, 1840736
21936, 1039321
21938, 0
21946, 1840930
21949, 0
21952, 0
21956, 692974
21957, 0
21959, 0
21960, 1039481
21961, 693008
21965, 11999561
21966, 0
21968, 0
21969, 0
21976, 0
21979, 0
21982, 0
21985, 0
21987, 0
21990, 0
21992, 890455
21995, 347146
21997, 0
21999, 0
22002, 76854391
22005, 0
22008, 740196
22015, 349645
22019, 2333414
22024, 0
22025, 351373
22026, 0
22027, 0
22028, 718533
22029, 359258
22036, 699349
22040, 0
22049, 3671214
22050, 0
22051, 248741606
22052, 5471123
22054, 0
22059, 350089
22062, 1053651
22063, 351213
22064, 496499
22069, 432582
22070, 0
22073, 6229829
22075, 351279
22080, 0
22084, 351282
22087, 0
22094, 4215873
22095, 16640814
22102, 351349
22110, 351362
22111, 0
22112, 488877
22121, 0
22127, 355031
22128, 0
22131, 24708104
22136, 351901
22137, 0
22139, 0
22140, 0
22143, 703798
22146, 2114171
22150, 0
22155, 354388
22156, 0
22157, 534756
22158, 0
22161, 4258888
22166, 0
22169, 0
22170, 2717117
22171, 0
22173, 360920
22180, 0
22189, 21489039
22191, 710334
22197, 0
22200, 433590
22201, 1420470
22202, 356128
22204, 355145
22209, 355420
22211, 3909834
22215, 0
22216, 0
22217, 2848436
22223, 0
22226, 0
22235, 0
22236, 882962
22237, 2493024
22238, 0
22242, 0
22245, 0
22247, 6457092
22253, 712520
22256, 356291
22260, 1956828
22261, 356289
22268, 0
22277, 48154435
22278, 1068898
22279, 0
22280, 1425349
22284, 0
22287, 0
22294, 0
22295, 488343
22300, 356487
22301, 356491
22306, 356673
22309, 0
22315, 1494728
22316, 356742
22320, 0
22322, 0
22324, 0
22326, 738018
22336, 356807
22337, 4638117
22338, 713673
22339, 406972
22344, 0
22347, 0
22349, 0
22353, 0
22360, 3952252
22362, 0
22368, 0
22371, 0
22375, 356948
22377, 1264200
22378, 713889
22379, 0
22381, 992493
22384, 0
22385, 0
22388, 532931
22391, 0
22393, 0
22398, 357034
22399, 0
22411, 0
22423, 0
22425, 0
22429, 1077669
22431, 3233170
22435, 0
22443, 0
22445, 0
22447, 0
22454, 0
22460, 0
22464, 0
22465, 0
22468, 360010
22469, 1439712
22470, 0
22475, 1440050
22476, 0
22479, 920117
22481, 506791
22485, 360811
22489, 721864
22492, 0
22493, 0
22495, 0
22496, 360812
22500, 0
22501, 0
22503, 2351912
22512, 370120
22516, 0
22517, 721855
22521, 0
22527, 1804700
22530, 0
22539, 736270
22559, 0
22562, 1104625
22564, 0
22567, 0
22580, 0
22582, 0
22587, 0
22591, 948245
22596, 0
22597, 368386
22599, 0
22606, 4026274
22609, 0
22610, 0
22611, 368455
22620, 407582
22621, 368781
22624, 0
22626, 737568
22627, 0
22635, 1106385
22639, 0
22640, 368798
22647, 0
22650, 427203
22654, 0
22656, 391412
22657, 0
22659, 0
22660, 814434
22663, 738052
22666, 0
22669, 0
22674, 0
22675, 0
22677, 369876
22681, 0
22682, 0
22684, 479180
22685, 0
22702, 0
22704, 0
22707, 0
22709, 1110230
22714, 29432548
22718, 0
22722, 0
22726, 0
22727, 370112
22728, 0
22733, 370094
22741, 1733853
22748, 0
22749, 0
22750, 0
22757, 0
22758, 4537726
22761, 0
22763, 0
22769, 740212
22770, 0
22781, 4800508
22782, 0
22786, 0
22787, 0
22789, 8234063
22795, 1110991
22802, 0
22804, 2596067
22813, 502368
22815, 0
22823, 5081938
22829, 9518841
22832, 0
22833, 0
22840, 526283
22841, 0
22846, 478021
22853, 391122
22857, 391389
22861, 0
22863, 0
22864, 782782
22865, 0
22870, 782808
22873, 501720
22878, 14486871
22880, 0
22882, 5088664
22884, 0
22889, 0
22902, 1175472
22907, 783962
22917, 0
22928, 1959999
22930, 0
22933, 0
22934, 512380
22936, 402017
22940, 0
22943, 0
22945, 0
22946, 0
22948, 0
22949, 0
22954, 19282263
22958, 402255
22963, 0
22967, 0
22971, 90477028
22972, 812593
22973, 1370100
22975, 0
22976, 1903910
22978, 2028329
22980, 433583
22984, 0
22989, 4375660
22996, 0
22998, 812851
23006, 0
23008, 0
23011, 1373708
23013, 0
23014, 0
23015, 0
23016, 0
23017, 0
23020, 0
23022, 0
23026, 405884
23028, 0
23031, 0
23034, 0
23043, 0
23045, 0
23053, 0
23060, 0
23064, 15041343
23077, 0
23078, 8061189
23092, 0
23098, 0
23104, 0
23112, 0
23115, 813950
23121, 0
23122, 462370
23129, 407037
23136, 2035377
23141, 24686565
23149, 0
23152, 0
23153, 0
23156, 2036891
23164, 407319
23167, 421599
23169, 0
23173, 814642
23181, 407404
23185, 0
23186, 0
23193, 3122200
23194, 427212
23197, 1222238
23200, 0
23202, 2052410
23204, 7326076
23210, 1222693
23213, 0
23215, 0
23225, 0
23229, 407618
23232, 7263540
23233, 408024
23234, 0
23235, 0
23236, 1264168
23237, 0
23240, 459474
23248, 0
23251, 0
23252, 0
23261, 0
23263, 0
23264, 2107116
23272, 0
23281, 0
23285, 0
23288, 422562
23290, 421619
23291, 23985687
23297, 896400
23299, 0
23302, 0
23306, 0
23310, 0
23314, 423173
23317, 32259656
23324, 424395
23330, 424452
23335, 0
23336, 0
23338, 0
23343, 0
23346, 0
23354, 424704
23355, 426283
23358, 2974307
23362, 0
23363, 0
23365, 0
23373, 445239
23381, 0
23382, 0
23387, 0
23388, 27509681
23397, 0
23404, 0
23408, 32836546
23427, 0
23433, 0
23434, 851996
23439, 426002
23481, 0
23484, 426104
23490, 0
23500, 1704598
23501, 9028956
23504, 426255
23506, 0
23507, 0
23508, 0
23509, 852524
23516, 0
23519, 0
23520, 426318
23523, 507160
23528, 1705309
23529, 426337
23532, 426338
23534, 2168866
23540, 3411518
23542, 16165635
23545, 0
23549, 0
23565, 427073
23566, 427070
23567, 0
23571, 1294825
23572, 6760723
23578, 0
23582, 427075
23587, 1281264
23588, 0
23598, 0
23600, 0
23601, 0
23606, 427102
23610, 2135668
23626, 0
23627, 431570
23629, 0
23634, 0
23644, 0
23648, 2967925
23653, 0
23655, 1282322
23657, 466803
23661, 1290114
23689, 1710857
23692, 855456
23705, 0
23706, 0
23712, 0
23716, 427763
23724, 0
23728, 0
23731, 427764
23734, 0
23736, 330246
23738, 0
23740, 0
23753, 0
23754, 0
23758, 46485486
23760, 857873
23761, 857933
23762, 863188
23772, 3431885
23773, 0
23778, 0
23779, 428999
23785, 0
23786, 0
23789, 859408
23790, 0
23792, 0
23795, 0
23796, 0
23797, 0
23798, 429712
23802, 0
23806, 0
23810, 429748
23816, 0
23827, 0
23831, 860064
23833, 0
23834, 860526
23835, 4502612
23841, 0
23849, 0
23850, 12059175
23851, 430484
23855, 0
23857, 0
23858, 430486
23860, 23478403
23862, 0
23863, 2155984
23866, 433479
23869, 0
23871, 0
23873, 0
23874, 2390320
23896, 0
23898, 0
23900, 1294700
23902, 0
23904, 0
23907, 10086584
23910, 0
23911, 0
23917, 0
23928, 0
23931, 431600
23935, 431602
23936, 0
23945, 0
23950, 0
23951, 2158508
23953, 433749
23954, 431737
23959, 863477
23964, 0
23965, 0
23967, 0
23970, 1295229
23976, 0
23978, 487742
23980, 6042372
23981, 4318110
23982, 2159378
23985, 431895
23986, 0
23987, 863796
23990, 863919
23993, 3648828
23995, 0
23998, 1297342
24003, 0
24019, 432443
24021, 14161416
24030, 0
24039, 0
24041, 0
24042, 865496
24044, 0
24047, 0
24049, 1731010
24057, 3893705
24060, 9089442
24067, 0
24068, 0
24074, 0
24076, 0
24078, 1830406
24081, 0
24084, 0
24086, 0
24087, 0
24091, 0
24094, 3422930
24106, 0
24111, 0
24112, 866606
24114, 4333515
24115, 0
24116, 0
24119, 0
24121, 0
24128, 433421
24129, 0
24132, 866955
24133, 1019828
24143, 1300357
24144, 470200
24148, 0
24150, 0
24151, 0
24152, 986546
24154, 433470
24156, 0
24164, 0
24165, 9170633
24169, 0
24173, 1734300
24175, 0
24177, 0
24179, 0
24180, 0
24184, 0
24187, 0
24188, 0
24191, 433597
24192, 433598
24193, 0
24196, 0
24199, 0
24201, 0
24208, 0
24209, 0
24215, 2602225
24216, 0
24221, 488782
24224, 0
24225, 0
24228, 433755
24233, 433756
24245, 0
24256, 433781
24260, 0
24268, 511962
24271, 867571
24272, 1821515
24274, 0
24279, 0
24290, 0
24296, 4401770
24299, 0
24300, 880396
24301, 1320713
24302, 0
24303, 440219
24304, 0
24305, 0
24306, 0
24309, 17999186
24313, 0
24315, 0
24325, 441076
24326, 441155
24330, 0
24333, 441080
24336, 2646523
24338, 2565732
24340, 882364
24351, 441223
24353, 0
24360, 0
24365, 0
24370, 0
24373, 0
24379, 0
24381, 22343997
24386, 0
24389, 441268
24392, 0
24394, 441271
24396, 0
24400, 0
24409, 1323929
24415, 441331
24417, 9269235
24422, 0
24423, 1765880
24424, 0
24430, 2648929
24434, 883003
24437, 0
24440, 0
24442, 1353825
24444, 0
24445, 0
24448, 0
24451, 12058218
24452, 0
24457, 0
24459, 0
24461, 0
24474, 890358
24476, 0
24478, 456664
24479, 0
24483, 445236
24488, 448482
24491, 445240
24492, 3200217
24494, 23234149
24496, 0
24498, 1052901
24501, 445585
24502, 1782257
24503, 0
24508, 487795
24514, 0
24522, 0
24524, 0
24525, 0
24527, 0
24535, 450764
24536, 0
24537, 0
24538, 448484
24539, 0
24541, 5830535
24542, 897044
24543, 2691223
24547, 1345691
24550, 0
24551, 1794496
24553, 0
24554, 0
24558, 0
24559, 0
24562, 0
24563, 12437254
24564, 0
24572, 0
24576, 897302
24579, 0
24580, 0
24584, 897910
24586, 479282
24588, 898026
24590, 0
24592, 0
24598, 449160
24603, 0
24604, 450776
24609, 0
24611, 20538396
24620, 0
24636, 899641
24637, 29030079
24641, 0
24642, 0
24644, 926273
24645, 0
24647, 0
24661, 1351379
24662, 0
24669, 451043
24681, 0
24683, 0
24686, 0
24695, 1352308
24703, 0
24704, 0
24706, 0
24707, 1803216
24711, 902110
24713, 9043092
24715, 924736
24718, 0
24723, 0
24729, 0
24731, 0
24732, 451060
24734, 902133
24752, 0
24757, 902561
24759, 478057
24762, 0
24766, 0
24768, 0
24769, 2256696
24771, 0
24773, 0
24781, 0
24786, 0
24787, 0
24792, 452949
24794, 0
24796, 474119
24798, 0
24802, 451472
24812, 0
24819, 5418839
24820, 452955
24834, 0
24838, 0
24843, 0
24848, 0
24854, 2747687
24859, 1026456
24864, 10420725
24872, 906312
24874, 453165
24875, 0
24876, 0
24877, 0
24879, 0
24880, 1359645
24884, 0
24888, 0
24891, 6930286
24893, 0
24897, 0
24901, 0
24911, 0
24913, 0
24916, 0
24928, 0
24930, 1006989
24932, 0
24935, 455086
24936, 0
24937, 0
24938, 0
24945, 0
24953, 979003
24955, 454975
24957, 1372655
24958, 0
24963, 0
24965, 36140983
24966, 0
24976, 0
24978, 0
24999, 0
25005, 2275343
25007, 0
25013, 0
25017, 1820117
25021, 0
25024, 455073
25028, 51841524
25030, 0
25033, 0
25038, 0
25042, 0
25045, 1825140
25050, 0
25051, 0
25053, 0
25054, 20993917
25055, 0
25056, 456432
25057, 0
25060, 456436
25065, 0
25071, 0
25075, 0
25080, 1828148
25089, 0
25091, 1369972
25094, 2740029
25097, 0
25101, 456715
25102, 0
25111, 0
25117, 0
25118, 0
25121, 913475
25122, 0
25123, 0
25127, 0
25129, 0
25135, 913516
25136, 3299428
25138, 0
25139, 913646
25145, 0
25146, 0
25150, 0
25153, 0
25157, 0
25160, 0
25165, 1463979
25168, 456874
25172, 0
25175, 0
25179, 0
25182, 0
25184, 0
25187, 0
25193, 0
25194, 457010
25199, 7562268
25202, 0
25205, 0
25209, 1613317
25218, 0
25223, 0
25225, 0
25230, 457142
25232, 7794562
25235, 2869326
25236, 0
25237, 0
25240, 0
25243, 0
25248, 0
25252, 0
25256, 0
25257, 0
25260, 3214540
25264, 0
25265, 0
25266, 0
25268, 0
25272, 1373622
25281, 0
25284, 0
25286, 0
25301, 1373477
25303, 0
25306, 457833
25309, 3425880
25311, 0
25314, 0
25318, 915843
25326, 3215588
25327, 915869
25330, 1003327
25339, 0
25342, 16489130
25343, 0
25345, 0
25351, 0
25354, 0
25355, 7330460
25356, 918756
25358, 36349638
25361, 459214
25368, 0
25370, 0
25373, 0
25374, 0
25376, 459386
25378, 0
25383, 0
25386, 460184
25387, 459443
25388, 0
25390, 459444
25392, 0
25400, 459450
25401, 459448
25402, 459473
25406, 0
25407, 459478
25414, 1420214
25421, 0
25422, 0
25430, 0
25431, 460206
25432, 920362
25437, 2026858
25440, 0
25442, 17814337
25445, 460200
25446, 460186
25451, 920406
25452, 0
25454, 0
25455, 503493
25458, 0
25460, 0
25463, 0
25464, 0
25474, 0
25484, 0
25485, 1935692
25486, 460498
25490, 494585
25491, 0
25492, 0
25493, 0
25494, 6435458
25497, 0
25504, 460588
25505, 0
25507, 0
25510, 121735554
25511, 11059616
25513, 0
25514, 0
25515, 0
25516, 0
25517, 0
25527, 462321
25528, 0
25530, 0
25532, 462017
25533, 0
25538, 924075
25539, 0
25542, 0
25543, 929308
25545, 0
25548, 0
25549, 0
25550, 0
25557, 0
25563, 0
25565, 1394265
25566, 924638
25571, 924657
25576, 1387055
25577, 0
25590, 0
25593, 0
25602, 1850679
25603, 0
25609, 3699221
25613, 0
25619, 1282025
25624, 0
25630, 0
25634, 934241
25638, 0
25641, 462509
25642, 0
25643, 0
25646, 462518
25648, 462514
25654, 0
25659, 0
25665, 0
25669, 0
25670, 0
25671, 0
25674, 3237752
25683, 0
25684, 0
25685, 462555
25695, 0
25696, 1387745
25700, 526135
25701, 2500127
25706, 0
25711, 1387813
25713, 1387918
25715, 957021
25723, 0
25726, 0
25731, 0
25733, 0
25735, 0
25736, 0
25743, 1389215
25744, 463055
25745, 2315316
25747, 463077
25749, 463080
25757, 0
25762, 25530053
25763, 0
25770, 464650
25779, 0
25784, 0
25791, 0
25792, 2744540
25794, 511691
25797, 464695
25799, 929386
25802, 0
25807, 0
25809, 0
25810, 0
25811, 0
25812, 1858825
25813, 929465
25814, 0
25817, 464717
25823, 0
25825, 464722
25832, 929488
25838, 0
25840, 467125
25852, 464746
25854, 59221252
25855, 0
25860, 0
25861, 929530
25863, 0
25869, 464768
25881, 0
25883, 929698
25887, 1394494
25889, 11623542
25897, 0
25905, 2065189
25918, 464992
25921, 0
25929, 0
25931, 4650554
25947, 5737295
25949, 0
25950, 494612
25951, 0
25952, 0
25953, 931538
25954, 4658004
25955, 0
25957, 0
25958, 0
25964, 466491
25989, 4198645
25992, 0
25995, 0
25997, 0
25998, 0
25999, 0
26002, 0
26003, 504634
26007, 6199062
26009, 0
26012, 466704
26013, 5966469
26016, 0
26017, 0
26021, 466705
26023, 466707
26025, 933584
26030, 0
26031, 0
26032, 0
26035, 0
26039, 11287211
26040, 0
26041, 466804
26045, 0
26046, 0
26050, 0
26052, 0
26054, 0
26056, 0
26058, 0
26059, 2844620
26060, 0
26062, 933893
26065, 0
26066, 0
26067, 477098
26069, 0
26072, 934190
26077, 4192158
26078, 0
26080, 11454628
26081, 1504958
26082, 0
26083, 0
26086, 0
26088, 467108
26093, 0
26094, 467111
26097, 0
26111, 0
26112, 0
26116, 6217909
26118, 0
26120, 0
26122, 0
26130, 0
26131, 0
26134, 0
26135, 0
26138, 0
26140, 934766
26143, 0
26145, 0
26147, 0
26148, 0
26160, 0
26161, 0
26178, 14492007
26180, 0
26182, 935126
26191, 0
26194, 0
26196, 935142
26203, 0
26207, 0
26208, 0
26214, 0
26218, 0
26219, 0
26222, 2338071
26223, 489478
26226, 467628
26236, 0
26244, 0
26250, 5673810
26252, 0
26260, 0
26265, 1403097
26273, 0
26286, 467702
26290, 0
26295, 0
26311, 0
26319, 479115
26320, 0
26325, 0
26327, 10624699
26335, 0
26336, 0
26342, 0
26343, 0
26346, 0
26353, 0
26355, 0
26359, 0
26361, 0
26363, 470224
26365, 0
26366, 470233
26375, 0
26380, 523136
26382, 0
26393, 0
26396, 0
26425, 0
26449, 0
26458, 0
26459, 0
26460, 3354312
26470, 511915
26471, 0
26474, 476651
26486, 940747
26489, 0
26495, 0
26497, 470388
26503, 8937925
26516, 470519
26517, 0
26522, 41692894
26528, 1411452
26536, 470496
26538, 1040035
26543, 8103987
26576, 0
26579, 1862571
26591, 0
26594, 470524
26595, 0
26600, 0
26604, 0
26605, 0
26606, 0
26607, 0
26608, 4276569
26609, 470525
26613, 0
26619, 0
26622, 941059
26626, 0
26631, 510509
26635, 0
26637, 0
26640, 0
26645, 0
26648, 0
26650, 0
26653, 0
26659, 2840667
26663, 0
26671, 0
26672, 0
26673, 0
26674, 475161
26687, 0
26688, 1893877
26691, 0
26694, 0
26698, 0
26700, 2371045
26701, 1422327
26704, 474120
26705, 496531
26709, 1568428
26724, 0
26726, 474180
26728, 0
26733, 1227084
26734, 0
26735, 1427371
26737, 533389
26748, 474268
26750, 0
26751, 0
26756, 0
26762, 0
26763, 0
26766, 8917388
26768, 0
26774, 0
26777, 0
26778, 1928961
26786, 0
26788, 0
26789, 0
26795, 0
26798, 949326
26801, 4807398
26809, 13772764
26814, 475085
26815, 0
26818, 1899533
26823, 0
26825, 0
26827, 0
26830, 1425326
26832, 488448
26833, 0
26835, 0
26844, 0
26845, 0
26847, 0
26860, 0
26862, 951557
26865, 0
26868, 0
26882, 0
26887, 0
26889, 475781
26892, 951567
26901, 0
26909, 0
26923, 0
26924, 0
26925, 0
26931, 0
26933, 0
26935, 11384939
26936, 0
26941, 0
26947, 0
26949, 0
26954, 0
26959, 0
26960, 0
26966, 0
26978, 0
26993, 0
26994, 502417
26997, 0
27001, 475971
27004, 2032312
27006, 0
27009, 952582
27013, 0
27015, 951975
27016, 0
27018, 0
27020, 0
27025, 0
27028, 476121
27029, 0
27032, 0
27034, 1604424
27040, 1428495
27041, 4923199
27042, 0
27043, 0
27047, 476322
27048, 952474
27053, 476256
27056, 477307
27061, 0
27066, 954712
27069, 0
27072, 0
27073, 0
27076, 0
27077, 0
27090, 0
27093, 509830
27094, 476315
27107, 0
27110, 0
27111, 476319
27113, 0
27115, 0
27116, 0
27118, 476320
27119, 0
27120, 0
27121, 0
27125, 0
27129, 952671
27134, 476338
27138, 0
27140, 0
27153, 990291
27154, 0
27160, 0
27170, 0
27174, 476605
27177, 0
27178, 0
27188, 476645
27189, 0
27193, 0
27194, 0
27198, 0
27199, 476656
27200, 0
27203, 476653
27205, 0
27209, 0
27213, 0
27215, 0
27220, 496243
27221, 0
27222, 0
27223, 0
27224, 476671
27228, 0
27229, 0
27231, 0
27232, 0
27234, 1430030
27235, 0
27244, 476737
27246, 0
27249, 4742501
27253, 10816984
27256, 0
27261, 953482
27272, 1908410
27276, 0
27282, 954219
27287, 3817417
27293, 0
27297, 0
27300, 0
27301, 478562
27302, 0
27305, 0
27310, 477311
27311, 477309
27315, 0
27318, 0
27323, 0
27324, 0
27328, 0
27333, 0
27335, 0
27336, 0
27341, 1431995
27343, 491850
27344, 477320
27348, 0
27358, 477374
27360, 477376
27365, 1431445
27375, 0
27379, 0
27381, 477419
27382, 0
27388, 0
27392, 0
27396, 478197
27398, 28125854
27400, 478022
27402, 0
27405, 0
27410, 0
27412, 478026
27415, 0
27424, 478031
27428, 0
27430, 2390226
27431, 0
27433, 4308251
27437, 0
27439, 478072
27441, 478074
27445, 507666
27446, 526569
27449, 956154
27453, 12635836
27455, 0
27456, 2390765
27459, 478164
27460, 0
27465, 3487433
27467, 0
27469, 0
27470, 0
27480, 0
27486, 0
27497, 0
27499, 0
27501, 0
27508, 0
27513, 0
27514, 0
27516, 0
27519, 0
27523, 0
27530, 956993
27533, 0
27535, 1914009
27536, 0
27543, 0
27549, 0
27550, 0
27554, 0
27564, 0
27565, 0
27566, 0
27570, 492221
27571, 0
27577, 0
27579, 0
27586, 0
27602, 0
27603, 2392977
27605, 0
27607, 0
27611, 0
27636, 0
27637, 0
27651, 478751
27663, 1436283
27668, 0
27670, 0
27677, 0
27684, 0
27692, 957530
27698, 478768
27701, 957572
27702, 0
27711, 0
27712, 0
27714, 958238
27715, 0
27718, 0
27722, 0
27724, 0
27729, 0
27732, 0
27736, 1958490
27739, 0
27742, 1439869
27749, 0
27751, 0
27757, 0
27762, 0
27764, 0
27767, 0
27770, 0
27773, 0
27780, 479113
27781, 0
27786, 0
27790, 479140
27791, 0
27796, 0
27804, 0
27807, 479161
27814, 0
27816, 975563
27823, 0
27828, 0
27829, 8228352
27831, 2875501
27832, 2907165
27833, 0
27836, 0
27840, 501660
27845, 0
27850, 526130
27853, 0
27858, 0
27865, 0
27869, 0
27871, 479288
27872, 0
27882, 479291
27890, 0
27895, 5162418
27896, 0
27909, 0
27915, 0
27916, 0
27923, 1918276
27924, 0
27927, 0
27930, 0
27932, 1979521
27933, 100277563
27934, 0
27941, 0
27947, 0
27953, 0
27958, 484547
27959, 0
27960, 2888564
27962, 4316687
27967, 0
27968, 3416321
27970, 479661
27972, 0
27974, 1493153
27976, 1439793
27982, 0
27983, 0
27984, 0
27986, 1919761
27990, 0
27991, 0
27999, 0
28002, 0
28005, 479945
28011, 0
28015, 0
28016, 2421348
28027, 506970
28028, 959921
28030, 1439911
28033, 0
28037, 1919939
28041, 0
28048, 0
28052, 0
28067, 0
28068, 0
28070, 0
28071, 0
28074, 0
28082, 0
28085, 1925780
28090, 3891755
28098, 0
28104, 149727556
28112, 509801
28115, 0
28124, 0
28128, 30384684
28132, 0
28143, 0
28144, 0
28146, 968859
28151, 968876
28155, 1453412
28157, 484501
28161, 0
28165, 1453527
28167, 0
28172, 4733126
28175, 0
28176, 0
28178, 484550
28180, 0
28187, 0
28189, 484635
28191, 484638
28192, 0
28215, 0
29218, 0
29224, 0
29228, 1453933
29229, 0
29231, 2908811
29233, 484902
29237, 0
29245, 0
29254, 484914
29256, 537359
29259, 0
29263, 0
29268, 0
29271, 0
29273, 0
29277, 0
29278, 485157
29279, 0
29282, 0
29283, 1010015
29291, 1455461
29292, 0
29294, 485179
29295, 485178
29308, 0
29309, 0
29316, 84828213
29319, 0
29320, 0
29326, 497570
29328, 0
29330, 0
29333, 35032247
29334, 2426058
29335, 0
29336, 0
29337, 485181
29340, 0
29341, 0
29347, 0
29349, 18533160
29352, 0
29357, 487699
29361, 0
29366, 0
29368, 0
29374, 975492
29379, 0
29381, 975499
29391, 0
29404, 0
29413, 0
29414, 0
29418, 0
29422, 0
29423, 0
29430, 487783
29433, 0
29434, 0
29436, 0
29437, 0
29441, 487803
29442, 487887
29444, 3476027
29446, 1463767
29449, 0
29469, 0
29471, 0
29480, 976787
29481, 0
29482, 0
29483, 488085
29490, 488345
29491, 488344
29493, 0
29495, 0
29500, 0
29504, 0
29510, 488346
29517, 0
29521, 0
29522, 0
29524, 0
29526, 0
29535, 488355
29536, 3418635
29542, 0
29546, 0
29547, 0
29555, 1955224
29557, 0
29562, 488396
29566, 0
29570, 6916964
29578, 976921
29579, 0
29587, 488761
29591, 5376003
29592, 0
29596, 0
29598, 0
29599, 0
29602, 0
29611, 488762
29616, 0
29623, 0
29625, 983297
29630, 0
29634, 488768
29638, 0
29643, 0
29657, 1469972
29660, 0
29661, 0
29663, 0
29664, 977602
29665, 0
29685, 977655
29689, 0
29691, 0
29695, 0
29697, 518096
29704, 0
29706, 0
29710, 0
29712, 0
29713, 0
29720, 655726
29726, 0
29727, 0
29730, 26071927
29733, 494257
29738, 501658
29742, 0
29743, 977830
29747, 977843
29762, 0
29763, 977857
29764, 0
29775, 1955791
29781, 0
29783, 49658614
29784, 0
29787, 0
29789, 0
29796, 0
29801, 0
29804, 0
29813, 489023
29823, 0
29824, 0
29826, 0
29827, 489024
29829, 489026
29830, 0
29837, 0
29845, 0
29846, 489195
29850, 1007054
29853, 978510
29860, 0
29873, 72782922
29876, 0
29877, 978581
29879, 0
29882, 0
29883, 978774
29886, 0
29891, 9786724
29902, 0
29906, 0
29910, 978788
29911, 0
29916, 978803
29921, 0
29925, 0
29928, 0
29929, 489403
29934, 0
29935, 3425915
29936, 0
29945, 0
29954, 0
29956, 2450196
29961, 3556326
29972, 498033
29973, 7341818
29974, 0
29976, 0
29980, 7148393
29992, 21026496
30004, 0
30005, 0
30008, 489601
30010, 489602
30012, 0
30015, 2937901
30016, 0
30022, 0
30024, 0
30026, 2937993
30027, 979366
30034, 0
30035, 20873179
30038, 0
30040, 0
30044, 489688
30045, 0
30046, 0
30047, 0
30053, 0
30058, 7347183
30060, 0
30061, 0
30062, 0
30065, 10783056
30072, 0
30075, 0
30077, 0
30081, 94806433
30082, 0
30088, 0
30092, 0
30098, 491626
30104, 0
30105, 983186
30109, 491636
30114, 491638
30115, 1072728
30116, 0
30126, 0
30131, 0
30144, 5408496
30149, 0
30157, 0
30162, 0
30164, 0
30172, 491704
30176, 1966902
30180, 8711234
30191, 0
30192, 491718
30193, 0
30196, 1475202
30197, 0
30201, 0
30203, 0
30205, 2459086
30207, 0
30208, 0
30209, 0
30211, 0
30216, 491851
30217, 0
30220, 0
30225, 0
30228, 491853
30239, 0
30246, 0
30252, 496283
30256, 0
30259, 12596595
30262, 0
30263, 0
30264, 2472814
30265, 0
30267, 989208
30269, 0
30270, 492220
30274, 492222
30281, 492223
30282, 0
30285, 0
30292, 0
30295, 0
30302, 0
30304, 0
30311, 0
30316, 0
30328, 0
30342, 8678103
30343, 1972731
30356, 4438827
30363, 11169408
30364, 2471482
30375, 0
30376, 494618
30379, 21655644
30390, 0
30392, 0
30395, 4466231
30403, 0
30410, 0
30412, 12648063
30415, 0
30418, 988908
30419, 0
30420, 0
30427, 0
30430, 0
30431, 494497
30432, 0
30433, 0
30445, 0
30453, 494530
30455, 0
30462, 14106242
30463, 494531
30471, 0
30479, 989070
30480, 0
30483, 0
30484, 0
30491, 0
30492, 494581
30496, 0
30497, 0
30500, 0
30504, 989175
30506, 0
30507, 0
30508, 494592
30516, 0
30520, 0
30525, 0
30530, 494594
30537, 0
30539, 0
30558, 0
30576, 510520
30579, 0
30582, 0
30597, 0
30598, 0
30600, 0
30601, 0
30607, 0
30610, 494685
30611, 494683
30617, 0
30618, 536425
30623, 0
30626, 0
30627, 989374
30638, 0
30641, 0
30642, 0
30643, 494694
30644, 0
30650, 0
30655, 0
30660, 494706
30661, 0
30666, 0
30672, 494707
30676, 0
30679, 0
30682, 0
30684, 1573933
30685, 494807
30689, 0
30691, 0
30696, 0
30701, 0
30702, 494856
30703, 0
30704, 0
30706, 0
30707, 0
30709, 0
30721, 0
30726, 0
30727, 0
30728, 0
30730, 496125
30731, 0
30732, 0
30735, 0
30737, 1484714
30744, 0
30747, 0
30753, 496137
30754, 0
30761, 0
30763, 0
30764, 0
30765, 494920
30767, 0
30768, 0
30771, 0
30776, 494922
30779, 494928
30781, 0
30784, 494929
30790, 0
30800, 3016088
30808, 496352
30816, 496107
30824, 0
30827, 534913
30829, 0
30830, 0
30836, 0
30837, 0
30842, 0
30846, 0
30847, 0
30850, 0
30853, 0
30855, 1488397
30860, 0
30862, 0
30869, 496139
30877, 0
30878, 0
30879, 0
30881, 2976901
30884, 0
30889, 0
30893, 0
30909, 1593294
30911, 0
30912, 496177
30916, 2480847
30919, 0
30921, 0
30924, 0
30927, 0
30933, 496207
30935, 992418
30947, 0
30948, 496875
30954, 496214
30958, 0
30966, 0
30967, 522398
30971, 0
30974, 0
30975, 0
30976, 496242
30983, 0
30993, 496245
30994, 500033
30997, 0
30999, 2231190
31003, 0
31007, 0
31015, 0
31016, 0
31017, 0
31021, 0
31022, 992499
31026, 0
31034, 0
31035, 0
31039, 0
31040, 3027980
31045, 7031090
31051, 0
31059, 1985151
31062, 0
31068, 0
31069, 0
31071, 1488898
31074, 2978020
31079, 0
31084, 22338809
31085, 0
31090, 0
31091, 0
31092, 0
31102, 19491878
31105, 2483382
31106, 0
31107, 4084914
31112, 0
31116, 0
31117, 0
31118, 0
31127, 993414
31128, 0
31130, 0
31134, 0
31135, 0
31145, 496838
31146, 993687
31152, 0
31153, 0
31162, 496867
31178, 497573
31179, 0
31180, 0
31181, 0
31182, 0
31185, 0
31186, 0
31187, 0
31196, 994020
31197, 0
31201, 0
31205, 522727
31207, 0
31215, 0
31217, 1494078
31221, 0
31225, 0
31228, 497575
31234, 0
31236, 0
31239, 2488038
31242, 0
31248, 0
31251, 0
31252, 0
31254, 0
31261, 12576752
31268, 3626259
31275, 0
31276, 2988372
31278, 996276
31285, 0
31291, 498140
31293, 0
31294, 996369
31297, 0
31306, 0
31308, 1073917
31310, 26548851
31317, 0
31323, 0
31324, 0
31325, 0
31335, 0
31338, 498190
31342, 0
31346, 498225
31348, 1992941
31350, 0
31356, 12830993
31358, 0
31359, 0
31367, 0
31371, 501700
31372, 0
31376, 0
31378, 0
31386, 0
31391, 0
31412, 0
31417, 0
31419, 0
31420, 1047036
31421, 0
31424, 500003
31427, 0
31434, 0
31437, 3533098
31439, 0
31441, 0
31444, 0
31451, 0
31454, 500031
31459, 0
31461, 2500265
31466, 2500352
31467, 0
31470, 0
31472, 0
31474, 0
31475, 10029203
31482, 0
31484, 1000220
31489, 0
31491, 0
31493, 0
31495, 0
31497, 0
31500, 501232
31507, 501743
31512, 2506285
31518, 1003143
31520, 0
31521, 3007895
31522, 501558
31524, 7524422
31530, 0
31531, 0
31532, 0
31535, 0
31537, 0
31538, 0
31542, 0
31543, 0
31548, 1009792
31551, 0
31553, 0
31558, 0
31559, 0
31561, 0
31563, 501662
31574, 501672
31579, 0
31587, 0
31589, 1003374
31590, 0
31596, 1505087
31597, 0
31598, 0
31603, 0
31610, 0
31611, 0
31624, 1505170
31629, 501730
31632, 0
31633, 1003478
31636, 0
31647, 0
31670, 5519939
31677, 4014842
31679, 1003770
31684, 0
31694, 0
31695, 0
31696, 0
31700, 0
31707, 0
31710, 0
31711, 501938
31714, 0
31718, 0
31722, 502413
31724, 501949
31727, 0
31730, 0
31731, 501943
31732, 0
31735, 501960
31736, 1004056
31738, 0
31742, 0
31747, 0
31751, 0
31752, 1003942
31753, 0
31756, 0
31757, 0
31760, 0
31762, 0
31765, 0
31771, 1004104
31772, 0
31773, 0
31778, 0
31781, 0
31782, 0
31789, 502046
31793, 0
31797, 1506303
31803, 2510608
31805, 0
31808, 0
31811, 0
31813, 0
31814, 4519308
31821, 0
31827, 0
31834, 0
31835, 0
31840, 0
31842, 0
31847, 0
31848, 502158
31851, 0
31852, 0
31853, 502179
31856, 0
31858, 0
31859, 0
31860, 0
31862, 0
31864, 0
31865, 0
31866, 0
31873, 0
31883, 7633363
31889, 0
31894, 0
31902, 0
31905, 0
31912, 0
31914, 0
31920, 0
31923, 0
31924, 0
31925, 502379
31927, 0
31928, 0
31933, 0
31936, 0
31943, 0
31947, 0
31951, 510911
31952, 0
31954, 1004817
31955, 0
31956, 0
31960, 0
31968, 504466
31970, 0
31974, 0
31978, 502411
31984, 0
31990, 502412
31991, 0
31994, 0
32003, 0
32005, 502419
32007, 0
32008, 0
32011, 0
32013, 0
32016, 1004852
32017, 0
32019, 0
32022, 2548955
32024, 0
32026, 0
32032, 3523270
32036, 0
32042, 0
32045, 0
32051, 503370
32054, 0
32057, 0
32059, 1007018
32065, 0
32066, 0
32067, 0
32073, 0
32074, 0
32080, 503372
32086, 1006749
32094, 0
32097, 0
32104, 0
32105, 0
32113, 0
32114, 0
32120, 4531143
32122, 0
32124, 0
32131, 0
32135, 0
32136, 0
32140, 0
32142, 0
32151, 59369484
32154, 0
32155, 0
32165, 503506
32166, 0
32173, 0
32176, 0
32178, 0
32193, 0
32194, 0
32195, 0
32197, 503521
32199, 0
32209, 0
32210, 1013937
32217, 0
32222, 0
32223, 0
32232, 503538
32238, 1510626
32240, 0
32244, 1007104
32248, 0
32251, 0
32252, 0
32253, 0
32259, 1013409
32263, 0
32267, 2014283
32271, 0
32272, 0
32273, 3534680
32274, 0
32275, 0
32277, 503597
32284, 1007201
32293, 0
32294, 0
32300, 2519370
32309, 0
32316, 0
32322, 0
32325, 0
32330, 0
32332, 31827882
32337, 3533511
32343, 0
32344, 504475
32352, 0
32359, 0
32361, 0
32372, 0
32379, 0
32383, 0
32387, 0
32388, 504529
32389, 13646106
32391, 0
32395, 3531752
32396, 504570
32403, 0
32406, 0
32408, 0
32409, 504571
32416, 4036833
32424, 0
32426, 0
32427, 0
32430, 0
32438, 0
32453, 0
32455, 0
32461, 0
32462, 0
32464, 0
32466, 0
32467, 0
32470, 0
32480, 0
32482, 0
32483, 0
32486, 0
32489, 1514092
32490, 1009427
32493, 0
32494, 0
32496, 0
32503, 0
32505, 0
32507, 0
32511, 0
32526, 0
32535, 0
32537, 0
32539, 0
32541, 0
32543, 0
32549, 0
32564, 0
32568, 504887
32569, 0
32574, 504886
32575, 0
32576, 510826
32585, 0
32586, 0
32587, 0
32595, 0
32599, 0
32600, 0
32605, 0
32608, 504906
32612, 0
32629, 0
32630, 0
32631, 2524585
32638, 504933
32644, 0
32645, 0
32650, 0
32657, 508902
32660, 0
32665, 0
32666, 0
32669, 0
32678, 0
32679, 505027
32681, 0
32687, 0
32695, 0
32705, 0
32709, 0
32710, 506709
32712, 0
32723, 0
32726, 0
32732, 0
32735, 0
32741, 8841877
32746, 1013456
32757, 0
32768, 0
32769, 0
32775, 0
32779, 1013475
32781, 2027061
32784, 0
32788, 0
32796, 1520382
32799, 0
32803, 0
32804, 3040998
32809, 0
32812, 0
32817, 8976693
32820, 1013932
32827, 0
32830, 0
32835, 0
32841, 0
32849, 0
32850, 0
32851, 0
32852, 0
32856, 0
32857, 0
32866, 0
32871, 0
32875, 0
32882, 512360
32890, 0
32894, 0
32896, 0
32901, 0
32903, 0
32905, 1014418
32906, 3550707
32911, 0
32915, 0
32916, 2030268
32917, 0
32920, 0
32921, 0
32922, 0
32925, 0
32929, 1014555
32931, 0
32941, 0
32944, 534147
32947, 0
32952, 507665
32953, 0
32959, 0
32961, 0
32962, 1549211
32963, 0
32968, 0
32970, 0
32972, 16912244
32973, 1015338
32975, 0
32976, 507673
32977, 0
32980, 0
32985, 0
32990, 0
32991, 507678
32992, 0
32993, 507693
32999, 0
33004, 507699
33007, 0
33009, 0
33010, 0
33011, 507915
33015, 1015853
33018, 0
33020, 0
33024, 0
33027, 0
33029, 0
33034, 507937
33039, 507938
33041, 511551
33042, 536420
33045, 0
33047, 3555645
33054, 0
33058, 507979
33059, 0
33065, 0
33068, 0
33071, 508949
33076, 0
33083, 0
33090, 3059567
33094, 0
33096, 0
33101, 0
33102, 0
33104, 0
33105, 0
33110, 508030
33122, 0
33124, 0
33127, 0
33128, 0
33129, 0
33131, 508062
33132, 0
33133, 0
33135, 0
33139, 0
33151, 508087
33163, 0
33165, 0
33171, 0
33190, 0
33195, 508092
33197, 0
33207, 0
33209, 1526680
33210, 0
33211, 0
33213, 0
33219, 0
33223, 0
33224, 0
33226, 0
33232, 1017807
33233, 1017820
33234, 0
33236, 3053512
33242, 508948
33250, 0
33254, 0
33258, 0
33259, 0
33261, 0
33264, 508969
33268, 0
33278, 0
33280, 509795
33289, 0
33290, 0
33293, 0
33297, 0
33299, 509802
33301, 509804
33302, 509803
33303, 509810
33305, 0
33312, 0
33314, 0
33316, 0
33318, 0
33325, 0
33326, 1019655
33328, 0
33332, 0
33333, 5608366
33336, 509811
33339, 0
33341, 509894
33344, 0
33350, 0
33351, 509904
33361, 0
33362, 1019818
33370, 0
33385, 1530170
33389, 510000
33394, 0
33398, 0
33399, 0
33403, 0
33407, 510111
33410, 0
33418, 0
33431, 0
33434, 1020364
33452, 0
33455, 0
33467, 0
33468, 0
33472, 1020373
33483, 0
33492, 510188
33496, 0
33508, 5102791
33509, 530894
33518, 0
33520, 1531142
33521, 0
33530, 0
33531, 510422
33535, 1020862
33537, 0
33544, 0
33549, 0
33550, 0
33553, 0
33554, 0
33563, 0
33576, 0
33579, 510514
33581, 0
33585, 1021035
33586, 0
33592, 0
33594, 0
33600, 0
33604, 0
33606, 1021053
33608, 0
33618, 0
33625, 0
33633, 0
33634, 0
33640, 0
33647, 1021657
33648, 0
33650, 0
33655, 510818
33656, 0
33661, 0
33664, 2553993
33665, 0
33666, 0
33685, 0
33694, 0
33695, 510819
33698, 0
33701, 510825
33702, 0
33709, 0
33713, 0
33714, 0
33718, 0
33724, 1539629
33736, 0
33738, 1021732
33741, 2043517
33743, 0
33746, 1541788
33751, 0
33754, 1023154
33757, 19777090
33767, 0
33768, 0
33784, 0
33792, 0
33794, 0
33803, 0
33804, 0
33807, 0
33816, 510888
33817, 0
33821, 1532676
33828, 3269944
33829, 0
33830, 1021801
33841, 2215420
33842, 47780088
33846, 0
33847, 0
33849, 0
33850, 1534234
33854, 0
33858, 511420
33865, 511834
33876, 0
33895, 533386
33900, 0
33902, 2558079
33904, 0
33905, 0
33906, 0
33907, 0
33911, 0
33914, 0
33916, 0
33917, 0
33927, 0
33929, 0
33935, 511647
33936, 0
33940, 0
33944, 511730
33946, 1023347
33950, 511651
33954, 0
33958, 2558335
33960, 0
33965, 511682
33966, 0
33969, 511681
33972, 0
33974, 1023369
33975, 0
33979, 0
33988, 0
33990, 0
33996, 0
34007, 0
34011, 0
34018, 3582311
34019, 0
34027, 0
34033, 513446
34039, 0
34040, 0
34047, 1023588
34050, 2517443
34057, 0
34061, 0
34063, 4606889
34064, 0
34066, 0
34069, 511796
34072, 1023640
34074, 0
34079, 0
34083, 0
34086, 511836
34088, 511835
34091, 511840
34093, 511838
34098, 1023704
34104, 0
34108, 0
34109, 0
34117, 0
34119, 0
34122, 0
34123, 0
34129, 0
34133, 511954
34136, 0
34139, 0
34140, 0
34142, 0
34143, 0
34144, 0
34145, 0
34148, 0
34150, 0
34151, 520175
34154, 0
34157, 0
34158, 513051
34162, 0
34177, 0
34180, 0
34181, 0
34183, 0
34190, 0
34193, 0
34221, 0
34223, 0
34237, 0
34239, 0
34247, 1539361
34252, 0
34256, 0
34257, 1026444
34258, 5646808
34259, 0
34260, 0
34262, 0
34267, 0
34272, 0
34275, 1026293
34276, 513141
34283, 0
34288, 513150
34290, 0
34309, 0
34314, 0
34318, 0
34320, 0
34324, 513381
34336, 0
34342, 0
34345, 0
34355, 0
34360, 0
34361, 0
34362, 0
34371, 0
34374, 0
34382, 0
34387, 513438
34388, 0
34394, 513394
34398, 0
34401, 0
34405, 0
34406, 0
34409, 0
34414, 1540358
34427, 0
34430, 0
34433, 0
34434, 0
34435, 0
34436, 1540381
34445, 0
34446, 0
34448, 0
34453, 0
34458, 513467
34460, 513471
34461, 3614079
34466, 1540407
34468, 0
34470, 0
34471, 0
34473, 0
34476, 1026951
34481, 513485
34483, 0
34490, 83197131
34501, 0
34503, 0
34513, 0
34515, 2581155
34516, 0
34518, 0
34519, 0
34522, 0
34538, 76973047
34546, 0
34548, 0
34550, 0
34564, 0
34565, 516336
34570, 516338
34574, 0
34575, 1549093
34578, 0
34580, 516385
34589, 0
34611, 516391
34616, 0
34620, 0
34629, 0
34631, 0
34633, 0
34634, 0
34640, 0
34651, 1549236
34658, 0
34660, 0
34674, 0
34679, 0
34680, 0
34682, 0
34686, 0
34691, 0
34704, 0
34712, 0
34714, 0
34723, 0
34726, 1554247
34734, 0
34735, 0
34740, 7769671
34759, 0
34766, 2072070
34767, 0
34776, 1036098
34777, 0
34783, 0
34785, 1036187
34810, 518095
34818, 0
34820, 0
34823, 0
34825, 0
34830, 0
34834, 0
34843, 518098
34848, 0
34849, 0
34858, 0
34859, 34611417
34866, 518099
34873, 0
34879, 0
34880, 0
34884, 518107
34908, 0
34918, 0
34919, 1052082
34922, 0
34924, 0
34925, 520033
34926, 520030
34927, 520032
34928, 0
34931, 520034
34940, 522358
34944, 0
34946, 520041
34947, 0
34951, 0
34952, 0
34953, 0
34960, 520074
34966, 0
34968, 520076
34980, 0
34984, 1040359
34985, 0
34987, 0
34991, 0
34994, 0
35005, 0
35006, 1560247
35013, 0
35014, 1560298
35024, 2080426
35037, 0
35040, 0
35046, 1560584
35048, 520111
35052, 0
35055, 520113
35065, 0
35066, 0
35067, 0
35076, 0
35080, 0
35085, 520145
35089, 1044858
35091, 0
35093, 0
35095, 0
35096, 0
35099, 0
35101, 0
35103, 520183
35115, 0
35116, 0
35118, 0
35119, 0
35120, 2600933
35130, 0
35135, 0
35139, 0
35150, 0
35157, 0
35160, 0
35164, 0
35166, 520371
35167, 0
35168, 520329
35169, 0
35170, 520372
35172, 0
35180, 0
35183, 5724710
35186, 520585
35196, 0
35200, 0
35201, 520480
35204, 0
35209, 0
35216, 0
35218, 0
35222, 1561457
35227, 520579
35243, 0
35249, 5727440
35251, 0
35253, 0
35256, 0
35258, 0
35261, 0
35265, 520735
35281, 522833
35299, 0
35313, 0
35324, 4596545
35336, 0
35338, 0
35339, 0
35353, 136305132
35356, 0
35357, 21262539
35361, 0
35405, 0
35416, 2813751
35419, 0
35428, 0
35442, 0
35445, 1070547
35468, 0
35478, 0
35482, 0
35500, 1052131
35509, 0
35520, 1060581
35550, 1041486
35564, 0
35570, 0
35575, 311700
35593, 534704
35603, 535258
35609, 0
35613, 0
35615, 6272966
35626, 55586890
35644, 3124522
35655, 0
35660, 0
35665, 532849
35697, 0
35702, 4202877
35706, 526372
35716, 0
35729, 0
35731, 0
35733, 0
35739, 522364
35741, 0
35745, 0
35761, 522368
35795, 1044748
35796, 523257
35800, 531180
35807, 0
35810, 1567170
35833, 2749059
35840, 52044056
35853, 0
35861, 537414
35869, 0
35872, 534669
35874, 0
35875, 0
35894, 1044804
35911, 522407
35927, 0
35936, 0
35942, 0
35946, 7847800
35950, 0
35952, 0
35953, 1600075
35957, 538177
35959, 3184678
35968, 3135846
35973, 0
35975, 0
35977, 0
36006, 0
36014, 0
36020, 0
36035, 0
36047, 10981114
36061, 0
36063, 0
36065, 0
36067, 31450586
36069, 0
36073, 0
36075, 0
36081, 522729
36090, 1061396
36094, 0
36106, 0
36108, 4688152
36110, 1046289
36119, 0
36130, 0
36133, 0
36141, 1045551
36145, 0
36148, 0
36150, 0
36154, 522781
36162, 10989571
36177, 0
36181, 522777
36185, 0
36186, 504905
36193, 0
36197, 0
36203, 0
36216, 0
36222, 522780
36244, 4705136
36246, 0
36255, 0
36262, 0
36266, 0
36272, 0
36280, 0
36282, 523132
36285, 10769272
36290, 0
36300, 522834
36304, 0
36310, 0
36328, 1569250
36339, 0
36341, 0
36349, 0
36353, 0
36362, 523119
36368, 0
36371, 0
36372, 523123
36374, 523124
36380, 0
36383, 523131
36408, 0
36414, 0
36436, 0
36438, 0
36450, 0
36458, 0
36460, 523140
36461, 0
36466, 0
36469, 1046972
36475, 1046283
36502, 0
36504, 0
36506, 0
36517, 0
36524, 0
36526, 0
36527, 0
36530, 0
36539, 1069329
36541, 0
36545, 0
36554, 3203841
36556, 0
36561, 2439727
36563, 523376
36572, 9716286
36575, 2616972
36582, 0
36583, 0
36585, 0
36588, 0
36591, 4204814
36605, 1046830
36611, 0
36622, 523418
36625, 523466
36627, 0
36640, 0
36658, 0
36683, 0
36687, 8123688
36688, 44733153
36690, 536518
36696, 0
36707, 0
36710, 1570312
36713, 0
36720, 614332
36735, 0
36746, 0
36749, 0
36754, 0
36759, 0
36767, 523470
36777, 523474
36779, 1047010
36782, 0
36791, 0
36795, 0
36799, 0
36801, 1065861
36804, 0
36805, 523514
36812, 1047023
36814, 2383798
36824, 0
36833, 0
36835, 0
36844, 0
36858, 0
36862, 0
36868, 0
36878, 0
36882, 523549
36883, 0
36887, 0
36890, 0
36895, 0
36899, 0
36904, 22803360
36913, 524602
36915, 0
36916, 0
36920, 0
36922, 9986903
36931, 3152014
36938, 15298284
36950, 526100
36952, 332156
36961, 537506
36967, 0
36974, 525353
36982, 0
36992, 0
36995, 0
36997, 2626806
37002, 0
37003, 0
37008, 0
37011, 0
37017, 0
37021, 674813
37024, 0
37026, 1554303
37040, 1578091
37043, 0
37059, 526074
37073, 0
37078, 0
37081, 0
37085, 0
37087, 526034
37096, 0
37100, 0
37103, 0
37109, 526049
37112, 0
37118, 0
37119, 0
37122, 526063
37142, 1578262
37150, 0
37157, 0
37167, 0
37173, 0
37176, 0
37187, 0
37200, 1052185
37203, 0
37214, 1578921
37215, 0
37221, 0
37224, 0
37231, 0
37237, 1052195
37238, 1052214
37239, 0
37253, 0
37264, 0
37269, 0
37273, 533786
37300, 2104470
37302, 0
37308, 0
37312, 0
37316, 1578643
37327, 0
37328, 0
37333, 0
37338, 8944803
37354, 538271
37366, 0
37371, 1009148
37373, 2690811
37383, 0
37385, 5404827
37386, 0
37392, 0
37394, 2105268
37400, 0
37405, 0
37415, 0
37419, 0
37431, 0
37433, 0
37434, 526406
37436, 0
37438, 0
37477, 3157787
37490, 0
37502, 0
37503, 526317
37532, 2631772
37537, 0
37548, 4676675
37555, 0
37573, 0
37580, 12635903
37584, 526404
37587, 0
37590, 0
37594, 0
37602, 0
37618, 0
37640, 0
37644, 535256
37645, 0
37646, 11966004
37659, 0
37660, 526410
37661, 0
37677, 0
37684, 0
37691, 0
37695, 0
37696, 0
37698, 0
37703, 0
37709, 0
37713, 0
37716, 0
37719, 0
37728, 1060357
37735, 0
37762, 0
37778, 0
37781, 0
37782, 526444
37803, 526448
37807, 534842
37808, 1053519
37813, 496282
37822, 0
37832, 0
37843, 0
37849, 0
37850, 535834
37857, 1579638
37876, 0
37883, 0
37899, 2686959
37902, 526563
37903, 0
37905, 0
37910, 0
37931, 0
37934, 0
37959, 0
37971, 0
37974, 526580
37982, 1579730
37983, 0
37987, 0
37991, 0
37996, 0
37997, 0
38002, 0
38003, 0
38010, 0
38015, 0
38023, 0
38025, 0
38040, 0
38052, 0
38053, 2633675
38054, 0
38062, 2633737
38064, 526768
38075, 0
38084, 0
38085, 1053541
38100, 0
38101, 0
38104, 0
38106, 0
38109, 1074346
38119, 0
38129, 0
38144, 0
38146, 0
38148, 0
38154, 0
38192, 0
38193, 511425
38196, 0
38200, 11624871
38209, 1060834
38219, 0
38221, 0
38228, 1061296
38236, 1601342
38244, 0
38250, 0
38254, 0
38257, 0
38264, 0
38267, 13381381
38269, 530742
38275, 0
38276, 0
38282, 0
38283, 1061516
38288, 0
38290, 2655724
38295, 0
38302, 530802
38308, 0
38319, 0
38322, 533742
38324, 0
38330, 0
38334, 16990320
38345, 0
38347, 0
38361, 2141207
38374, 530804
38379, 0
38380, 0
38383, 0
38386, 0
38393, 1592461
38394, 0
38407, 0
38418, 531123
38419, 3185170
38423, 530889
38432, 530890
38433, 0
38434, 5734742
38435, 0
38441, 0
38447, 0
38448, 20260889
38468, 12493755
38473, 0
38481, 531031
38495, 0
38496, 1062106
38506, 0
38512, 0
38513, 0
38521, 0
38525, 0
38526, 0
38528, 0
38532, 0
38534, 0
38547, 0
38556, 0
38558, 0
38562, 0
38563, 1076956
38564, 0
38566, 0
38570, 531061
38572, 1593242
38583, 0
38585, 536380
38593, 0
38594, 0
38606, 0
38610, 0
38620, 1615333
38624, 18227112
38626, 0
38629, 0
38637, 0
38640, 0
38650, 0
38651, 0
38654, 531176
38658, 0
38664, 0
38672, 0
38682, 0
38683, 0
38686, 0
38690, 0
38694, 0
38697, 0
38700, 531250
38701, 531182
38708, 503606
38712, 0
38721, 0
38722, 1062378
38729, 0
38730, 0
38739, 0
38742, 0
38743, 0
38744, 14140196
38749, 1595622
38753, 0
38767, 0
38783, 93103424
38788, 0
38798, 0
38807, 0
38814, 1598697
38821, 538533
38825, 0
38827, 0
38832, 5337439
38835, 3197658
38836, 0
38845, 0
38846, 0
38851, 14888017
38852, 0
38858, 0
38866, 0
38867, 0
38868, 0
38870, 0
38882, 533194
38914, 0
38925, 0
38926, 2133507
38931, 0
38943, 0
38954, 0
38960, 0
38961, 0
38966, 0
38968, 0
38972, 0
38974, 0
39005, 533525
39018, 0
39026, 8004299
39028, 533392
39038, 0
39047, 0
39052, 0
39058, 0
39062, 0
39066, 533741
39069, 0
39080, 0
39082, 6952246
39086, 0
39091, 0
39110, 1602541
39122, 0
39129, 0
39131, 0
39140, 0
39146, 0
39149, 533787
39155, 0
39158, 0
39162, 1067621
39163, 533789
39167, 0
39178, 0
39184, 0
39195, 0
39197, 0
39201, 533893
39208, 0
39209, 0
39212, 0
39216, 0
39218, 3737699
39227, 533898
39229, 534670
39235, 0
39246, 533979
39247, 0
39250, 0
39261, 0
39263, 0
39281, 0
39308, 2136054
39310, 0
39313, 0
39322, 534040
39323, 0
39331, 2593111
39332, 3738678
39335, 0
39348, 0
39351, 0
39357, 0
39359, 0
39374, 0
39379, 0
39380, 0
39387, 0
39388, 0
39401, 0
39404, 0
39414, 0
39421, 0
39430, 0
39438, 0
39447, 0
39457, 0
39458, 0
39461, 1602676
39475, 0
39480, 0
39485, 0
39487, 4342294
39492, 0
39495, 0
39507, 0
39509, 0
39521, 0
39537, 0
39552, 536384
39578, 0
39585, 0
39587, 0
39602, 535419
39608, 2673413
39640, 0
39642, 0
39654, 536421
39657, 0
39663, 2282265
39666, 0
39668, 0
39677, 2138847
39689, 0
39695, 0
39705, 0
39715, 0
39717, 1604181
39719, 330309
39722, 534706
39725, 0
39732, 0
39742, 5854551
39744, 0
39746, 0
39752, 0
39754, 0
39756, 534721
39758, 0
39773, 0
39776, 0
39777, 0
39779, 534734
39799, 0
39801, 534740
39803, 0
39804, 0
39806, 0
39807, 1069501
39817, 0
39826, 0
39829, 0
39843, 534756
39846, 0
39855, 0
39883, 534825
39885, 0
39889, 0
39898, 0
39901, 0
39915, 0
39916, 0
39936, 534841
39937, 0
39939, 534924
39958, 0
39980, 0
39985, 534847
39988, 0
40011, 0
40023, 0
40031, 0
40033, 0
40038, 1071704
40042, 535929
40051, 0
40053, 0
40054, 980134
40076, 0
40078, 0
40096, 12654186
40104, 0
40105, 0
40118, 0
40120, 537093
40134, 0
40145, 12341382
40160, 0
40168, 0
40197, 0
40199, 0
40214, 0
40220, 0
40238, 0
40239, 1069809
40245, 0
40257, 0
40264, 3326033
40276, 534912
40285, 0
40291, 0
40297, 6239348
40309, 534915
40321, 0
40343, 0
40352, 2128707
40360, 0
40363, 535130
40368, 0
40371, 2674643
40379, 0
40381, 1069926
40382, 535127
40383, 0
40396, 0
40421, 0
40432, 0
40444, 0
40446, 0
40458, 0
40463, 0
40474, 0
40476, 0
40479, 0
40489, 0
40491, 1071862
40502, 0
40504, 1070354
40509, 0
40520, 5352166
40531, 0
40534, 0
40548, 0
40549, 0
40556, 0
40588, 0
40597, 0
40607, 535265
40610, 0
40621, 1070541
40637, 537028
40654, 0
40659, 0
40674, 1070740
40675, 535279
40685, 0
40710, 0
40719, 537093
40722, 0
40723, 537755
40734, 0
40739, 0
40748, 0
40750, 0
40768, 1605848
40780, 0
40782, 0
40801, 0
40819, 0
40821, 536362
40827, 0
40837, 0
40839, 0
40847, 1606042
40863, 0
40867, 0
40878, 536425
40880, 0
40883, 0
40896, 0
40906, 0
40910, 0
40911, 536410
40918, 0
40919, 1070782
40924, 0
40928, 535412
40932, 0
40933, 0
40939, 0
40960, 1601276
40968, 0
40983, 0
40984, 0
40991, 0
40994, 0
40996, 535423
40997, 535426
40998, 6818901
41010, 0
41022, 0
41026, 1607529
41028, 0
41032, 1607514
41043, 0
41051, 0
41060, 0
41065, 0
41066, 0
41069, 0
41073, 0
41081, 0
41082, 0
41084, 0
41090, 0
41094, 0
41103, 0
41109, 535857
41110, 0
41137, 1071721
41141, 0
41142, 0
41149, 0
41157, 2679376
41163, 1607661
41165, 0
41166, 2143634
41169, 0
41174, 0
41187, 536521
41214, 0
41219, 4823604
41220, 0
41245, 0
41255, 0
41259, 1071997
41263, 0
41266, 1072005
41274, 2144560
41283, 1072721
41285, 0
41288, 0
41291, 2681098
41298, 0
41299, 0
41301, 1608810
41303, 0
41304, 0
41312, 0
41314, 0
41319, 0
41340, 0
41345, 1072642
41354, 1072621
41359, 0
41368, 0
41371, 0
41378, 5363442
41385, 0
41401, 536384
41417, 0
41485, 1072747
41505, 0
41514, 0
41529, 0
41530, 0
41539, 0
41543, 536366
41567, 0
41568, 0
41571, 0
41577, 1072940
41590, 0
41591, 0
41592, 0
41600, 0
41608, 0
41610, 0
41615, 0
41619, 0
41622, 0
41635, 1609162
41644, 0
41650, 538361
41653, 1072830
41654, 4299024
41659, 0
41669, 0
41688, 536453
41689, 3755065
41692, 0
41720, 0
41725, 536454
41729, 0
41731, 0
41733, 0
41734, 536455
41738, 0
41739, 536544
41743, 0
41749, 0
41759, 1073057
41769, 0
41771, 1609476
41774, 0
41782, 0
41796, 0
41801, 0
41802, 0
41807, 2148088
41820, 536646
41823, 0
41853, 1609915
41856, 0
41864, 0
41867, 0
41884, 0
41894, 536522
41896, 538483
41897, 0
41900, 0
41901, 0
41916, 0
41931, 0
41940, 0
41946, 0
41953, 537293
41955, 0
41971, 0
41972, 536537
41973, 536531
41976, 0
41978, 0
41991, 0
41998, 0
42023, 0
42029, 0
42042, 0
42047, 0
42049, 536546
42054, 0
42059, 0
42066, 0
42086, 0
42087, 537116
42101, 536622
42105, 536628
42135, 0
42140, 4294393
42144, 0
42160, 0
42163, 0
42180, 0
42185, 0
42193, 536951
42195, 536954
42196, 0
42210, 0
42212, 0
42214, 5369969
42241, 537016
42247, 0
42249, 0
42257, 0
42259, 0
42260, 537076
42261, 1074131
42272, 0
42273, 0
42279, 2148190
42291, 0
42298, 537074
42304, 0
42322, 0
42326, 0
42328, 1074155
42331, 0
42340, 0
42341, 537080
42362, 0
42371, 0
42372, 0
42373, 0
42377, 537246
42384, 537090
42387, 0
42389, 0
42403, 0
42404, 0
42411, 511700
42417, 537099
42439, 0
42440, 1612499
42443, 537297
42449, 0
42454, 1074208
42455, 1611333
42461, 0
42473, 0
42476, 0
42477, 0
42496, 0
42501, 0
42503, 1074238
42506, 537144
42511, 0
42524, 537187
42526, 0
42531, 0
42533, 537194
42542, 0
42549, 0
42563, 537249
42572, 0
42587, 0
42604, 0
42611, 0
42619, 0
42622, 0
42631, 0
42638, 0
42654, 0
42658, 0
42667, 0
42670, 537299
42676, 1612066
42690, 538154
42691, 0
42695, 0
42697, 537365
42700, 0
42714, 0
42721, 0
42732, 0
42734, 0
42754, 0
42768, 0
42774, 0
42811, 537495
42814, 0
42819, 0
42830, 0
42831, 537410
42836, 0
42837, 0
42852, 0
42870, 1612375
42879, 0
42895, 0
42897, 0
42922, 0
42925, 0
42937, 0
42939, 0
42971, 537801
42977, 0
42988, 0
42999, 537510
43002, 0
43006, 537516
43021, 0
43034, 0
43036, 537535
43047, 537519
43054, 0
43060, 0
43065, 0
43066, 0
43076, 2150118
43082, 0
43085, 1385864
43094, 0
43105, 537537
43107, 7114094
43111, 0
43124, 0
43134, 0
43143, 0
43151, 0
43158, 0
43159, 0
43161, 537567
43183, 0
43198, 3226059
43236, 0
43237, 0
43239, 0
43246, 537664
43263, 0
43266, 0
43268, 0
43281, 0
43295, 0
43299, 1075428
43305, 0
43308, 0
43309, 1613241
43319, 0
43322, 1613183
43326, 0
43328, 0
43339, 0
43358, 0
43359, 0
43364, 0
43373, 0
43379, 0
43383, 538151
43385, 0
43402, 0
43405, 3764291
43412, 0
43418, 0
43439, 2152791
43445, 538307
43455, 0
43457, 0
43460, 0
43461, 0
43480, 0
43492, 1613526
43508, 0
43516, 0
43528, 0
43550, 0
43552, 0
43555, 1075870
43558, 0
43559, 3227489
43568, 0
43569, 0
43570, 537939
43578, 0
43583, 0
43605, 537940
43622, 0
43626, 0
43646, 0
43654, 0
43659, 0
43676, 0
43681, 41979172
43683, 0
43697, 538238
43701, 538264
43702, 0
43706, 0
43716, 0
43735, 0
43755, 0
43768, 0
43792, 0
43814, 0
43819, 0
43824, 0
43833, 0
43837, 538149
43861, 538153
43867, 0
43889, 0
43890, 0
43917, 0
43920, 0
43922, 538166
43928, 0
43938, 538168
43941, 538169
43944, 0
43945, 0
43946, 0
43949, 0
43952, 0
43954, 0
43959, 538242
43968, 0
43993, 0
44006, 0
44012, 538178
44020, 0
44025, 0
44067, 0
44073, 0
44075, 1076362
44081, 0
44098, 538193
44103, 0
44104, 1614631
44115, 0
44126, 538205
44128, 0
44133, 538216
44137, 0
44143, 0
44152, 0
44158, 0
44162, 538236
44172, 0
44173, 1614670
44175, 0
44179, 0
44193, 0
44196, 0
44202, 0
44203, 0
44212, 0
44231, 0
44243, 267302
44255, 0
44260, 0
44263, 0
44288, 0
44291, 0
44293, 0
44295, 0
44305, 0
44310, 538243
44317, 0
44319, 0
44330, 0
44336, 0
44339, 0
44342, 0
44349, 0
44357, 0
44361, 0
44363, 0
44373, 538244
44379, 0
44382, 0
44388, 0
44390, 0
44407, 0
44464, 0
44474, 0
44487, 0
44493, 0
44507, 0
44510, 538256
44520, 0
44540, 0
44544, 0
44555, 0
44563, 0
44565, 538262
44582, 0
44590, 0
44598, 0
44602, 0
44622, 0
44650, 538265
44651, 0
44653, 2153182
44662, 0
44666, 0
44668, 0
44678, 538302
44679, 0
44692, 0
44701, 0
44703, 0
44722, 0
44726, 0
44755, 0
44768, 0
44769, 0
44774, 0
44790, 538310
44799, 0
44801, 0
44818, 0
44832, 0
44840, 0
44842, 0
44844, 0
44854, 1614959
44860, 0
44864, 0
44865, 0
44868, 0
44875, 0
44879, 0
44886, 0
44889, 0
44906, 538327
44912, 0
44921, 0
44928, 1076662
44937, 0
44949, 4394067
44953, 538353
44965, 0
44966, 0
44967, 538355
44973, 538359
44981, 0
44984, 0
44987, 0
44992, 0
44993, 0
44999, 0
45001, 0
45004, 0
45005, 0
45011, 0
45037, 0
45057, 538363
45067, 0
45091, 0
45117, 0
45146, 0
45172, 0
45209, 0
45212, 0
45216, 0
45217, 0
45221, 0
45231, 0
45232, 0
45235, 1615487
45237, 0
45241, 0
45255, 0
45267, 0
45288, 0
45300, 0
45317, 0
45326, 0
45328, 1077018
45339, 0
45350, 0
45354, 1077048
45358, 0
45369, 0
45385, 0
47274, 0
47710, 0
47757, 501645
50650, 1499986
50973, 10874658
54780, 5137356
58247, 0
59028, 0
66825, 0
73942, 0
80744, 0
81883, 0

